292.253 96.894
292.450 99.070
292.647 100.081
292.845 100.303
293.042 100.688
293.239 100.993
293.437 100.006
293.634 98.215
293.831 97.674
294.029 97.960
294.226 98.095
294.423 101.566
294.621 102.049
294.818 101.119
295.015 100.303
295.213 100.984
295.410 102.652
295.607 103.392
295.805 103.284
296.002 102.727
296.199 102.173
296.397 101.201
296.594 99.430
296.791 97.874
296.989 98.124
297.186 97.099
297.383 95.689
297.581 97.114
297.778 99.249
297.975 99.915
298.173 99.064
298.370 99.026
298.567 99.802
298.765 99.874
298.962 101.357
299.159 101.885
299.357 101.690
299.554 101.511
299.751 102.235
299.949 101.543
300.146 102.261
300.343 101.768
300.541 100.116
300.738 100.700
300.935 102.192
301.133 102.023
301.330 103.051
301.527 104.889
301.725 104.050
301.922 102.459
302.119 102.380
302.317 104.245
302.514 103.965
302.711 102.253
302.909 101.546
303.106 99.917
303.303 99.225
303.501 99.422
303.698 98.939
303.895 97.818
304.093 97.533
304.290 97.172
304.487 98.059
304.685 98.366
304.882 97.434
305.079 96.560
305.277 95.756
305.474 95.008
305.671 93.467
305.869 93.423
306.066 94.189
306.263 93.410
306.461 91.709
306.658 91.762
306.855 91.939
307.053 91.397
307.250 92.041
307.447 92.905
307.645 93.285
307.842 93.087
308.039 92.718
308.237 92.557
308.434 92.088
308.631 91.665
308.829 92.080
309.026 91.729
309.223 91.650
309.421 91.922
309.618 91.394
309.815 91.729
310.013 91.760
310.210 91.141
310.407 91.332
310.605 91.658
310.802 91.789
310.999 92.390
311.197 94.186
311.394 94.647
311.591 94.143
311.789 93.231
311.986 92.428
312.183 91.619
312.381 91.150
312.578 90.977
312.775 89.603
312.973 88.878
313.170 89.246
313.347 88.984
313.523 88.564
313.700 88.509
313.877 88.992
314.054 89.016
314.230 89.576
314.407 89.973
314.584 89.778
314.761 88.847
314.937 88.351
315.114 87.490
315.291 85.611
315.467 84.955
315.644 85.458
315.821 85.995
315.998 86.505
316.174 86.381
316.351 86.757
316.528 87.328
316.704 86.824
316.881 86.205
317.058 85.412
317.235 85.566
317.411 85.694
317.588 85.368
317.765 85.281
317.942 84.444
318.118 83.136
318.295 83.300
318.472 84.039
318.648 84.188
318.825 84.413
319.002 84.577
319.179 83.365
319.355 81.922
319.532 81.576
319.709 82.036
319.885 82.677
320.062 81.821
320.239 81.760
320.416 81.302
320.592 81.659
320.769 81.578
320.946 80.456
321.123 80.948
321.299 80.566
321.476 80.495
321.653 80.748
321.829 80.705
322.006 80.201
322.183 80.283
322.360 79.614
322.536 78.025
322.713 77.718
322.890 78.711
323.066 79.844
323.243 79.880
323.420 79.132
323.597 78.475
323.773 77.948
323.950 78.041
324.127 79.141
324.304 78.805
324.480 79.414
324.657 80.700
324.834 80.153
325.010 79.630
325.187 78.910
325.364 79.911
325.541 81.501
325.717 80.219
325.894 78.651
326.071 78.535
326.248 79.330
326.424 79.088
326.601 78.327
326.778 77.134
326.954 76.090
327.131 75.514
327.308 74.886
327.485 75.472
327.661 75.575
327.838 75.707
328.015 76.514
328.191 76.326
328.368 75.795
328.545 75.775
328.722 76.128
328.898 75.427
329.075 73.484
329.252 72.257
329.429 72.931
329.605 73.548
329.782 72.426
329.959 71.203
330.135 72.074
330.312 72.764
330.489 73.476
330.666 74.311
330.842 74.983
331.019 74.903
331.196 74.269
331.372 73.599
331.549 72.771
331.726 72.580
331.903 72.351
332.079 72.890
332.256 72.614
332.433 71.527
332.610 71.628
332.786 71.510
332.963 71.318
333.140 71.096
333.316 70.784
333.493 70.962
333.670 71.022
333.847 70.686
334.023 70.201
334.200 69.464
334.377 69.256
334.553 69.018
334.730 68.796
334.907 67.760
335.084 66.706
335.260 66.131
335.437 65.189
335.614 64.741
335.791 63.219
335.967 63.256
336.144 64.849
336.321 65.670
336.497 65.818
336.674 65.019
336.851 65.035
337.028 65.093
337.204 65.499
337.381 65.444
337.558 65.066
337.734 64.882
337.911 64.886
338.088 65.112
338.265 65.071
338.441 64.600
338.618 65.270
338.795 67.121
338.972 67.972
339.148 67.636
339.325 67.211
339.502 67.138
339.678 66.724
339.855 65.154
340.032 64.188
340.209 63.973
340.385 63.944
340.562 63.347
340.739 63.079
340.916 63.413
341.092 63.285
341.269 62.985
341.446 62.922
341.622 61.868
341.799 60.510
341.976 59.887
342.153 59.711
342.329 59.392
342.506 58.372
342.683 58.461
342.859 59.272
343.036 59.531
343.213 59.669
343.390 59.301
343.566 59.102
343.743 58.848
343.920 58.606
344.097 58.430
344.273 58.415
344.450 58.200
344.627 57.433
344.803 57.198
344.980 57.615
345.157 57.501
345.334 58.087
345.510 58.366
345.687 58.271
345.864 58.678
346.040 58.907
346.217 57.925
346.394 56.538
346.571 55.810
346.747 56.015
346.924 56.316
347.101 56.815
347.278 57.086
347.454 56.626
347.631 56.634
347.808 56.869
347.984 56.651
348.161 56.054
348.338 55.679
348.515 55.798
348.691 55.224
348.868 54.873
349.045 54.518
349.221 54.039
349.398 54.044
349.575 53.755
349.752 52.721
349.928 52.830
350.105 53.312
350.282 53.134
350.459 52.730
350.635 52.047
350.812 51.213
350.989 50.701
351.165 50.700
351.342 50.526
351.519 50.267
351.696 50.271
351.872 50.181
352.049 49.799
352.226 49.367
352.402 49.258
352.579 49.570
352.756 49.977
352.933 50.123
353.109 49.622
353.286 49.826
353.463 50.482
353.640 50.302
353.816 49.886
353.993 49.423
354.170 49.337
354.346 49.413
354.523 49.106
354.700 49.102
354.877 49.079
355.053 48.984
355.230 49.056
355.407 49.389
355.584 49.793
355.760 49.491
355.937 48.788
356.114 48.131
356.290 47.480
356.467 47.039
356.644 46.880
356.821 46.879
356.997 46.648
357.174 46.534
357.351 46.431
357.527 46.282
357.704 46.331
357.881 45.922
358.058 45.683
358.234 45.959
358.411 45.927
358.588 46.349
358.765 46.116
358.941 45.612
359.118 45.125
359.295 44.554
359.471 45.025
359.648 45.080
359.825 45.372
360.002 45.344
360.178 45.388
360.355 45.776
360.532 45.570
360.708 44.684
360.885 44.422
361.062 44.563
361.239 44.631
361.415 45.222
361.592 45.543
361.769 44.962
361.946 44.446
362.122 44.422
362.299 43.753
362.476 43.663
362.652 43.599
362.829 42.961
363.006 42.211
363.183 41.851
363.359 41.947
363.536 41.668
363.713 41.247
363.889 40.531
364.066 39.642
364.243 39.433
364.420 39.766
364.596 39.564
364.773 39.099
364.950 39.101
365.127 38.322
365.303 37.877
365.480 38.061
365.660 38.142
365.839 38.004
366.019 37.915
366.199 38.111
366.379 38.035
366.558 38.240
366.738 38.859
366.918 38.934
367.098 39.075
367.277 39.061
367.457 39.230
367.637 38.935
367.816 39.029
367.996 39.301
368.176 38.970
368.356 38.751
368.535 38.560
368.715 38.031
368.895 37.878
369.075 37.478
369.254 37.466
369.434 37.381
369.614 36.708
369.793 36.491
369.973 36.091
370.153 36.007
370.333 36.114
370.512 35.850
370.692 35.766
370.872 35.821
371.051 35.654
371.231 35.317
371.411 35.414
371.591 34.941
371.770 34.260
371.950 34.089
372.130 34.089
372.310 34.454
372.489 34.588
372.669 34.323
372.849 34.548
373.028 34.487
373.208 34.190
373.388 34.183
373.568 33.914
373.747 33.620
373.927 33.242
374.107 32.370
374.287 32.250
374.466 32.411
374.646 32.207
374.826 32.105
375.005 32.099
375.185 32.060
375.365 32.050
375.545 32.338
375.724 32.549
375.904 32.102
376.084 31.651
376.263 31.344
376.443 31.306
376.623 30.902
376.803 30.606
376.982 30.608
377.162 30.431
377.342 30.392
377.522 30.430
377.701 30.575
377.881 30.920
378.061 30.838
378.240 30.258
378.420 30.053
378.600 29.957
378.780 29.851
378.959 29.606
379.139 29.549
379.319 29.508
379.499 29.260
379.678 29.415
379.858 29.566
380.038 29.537
380.217 29.471
380.397 29.306
380.577 29.054
380.757 28.649
380.936 28.709
381.116 28.856
381.296 28.707
381.476 28.688
381.655 28.724
381.835 28.405
382.015 28.503
382.194 28.623
382.374 28.526
382.554 28.572
382.734 28.649
382.913 28.575
383.093 28.192
383.273 27.992
383.452 28.055
383.632 27.977
383.812 27.964
383.992 27.895
384.171 28.013
384.351 28.017
384.531 27.957
384.711 27.649
384.890 27.263
385.070 27.144
385.250 26.891
385.429 26.897
385.609 27.195
385.789 26.849
385.969 26.293
386.148 26.177
386.328 25.975
386.508 25.794
386.688 25.859
386.867 25.869
387.047 25.818
387.227 25.401
387.406 24.979
387.586 24.715
387.766 24.547
387.946 24.456
388.125 24.302
388.305 24.431
388.485 24.342
388.664 24.295
388.844 24.379
389.024 24.376
389.204 24.084
389.383 23.769
389.563 23.748
389.743 23.893
389.923 23.886
390.102 23.709
390.282 23.382
390.462 23.148
390.641 22.969
390.821 22.880
391.001 23.017
391.181 23.192
391.360 23.329
391.540 23.570
391.720 23.533
391.900 23.420
392.079 23.166
392.259 23.207
392.439 23.164
392.618 22.978
392.798 22.798
392.978 22.605
393.158 22.496
393.337 22.357
393.517 22.054
393.697 21.850
393.877 21.867
394.056 21.887
394.236 21.932
394.416 22.027
394.595 22.005
394.775 21.811
394.955 21.582
395.135 21.386
395.314 21.207
395.494 20.982
395.674 20.798
395.853 20.655
396.033 20.528
396.213 20.497
396.393 20.340
396.572 20.260
396.752 20.324
396.932 20.303
397.112 20.570
397.291 20.837
397.471 20.783
397.651 20.603
397.830 20.492
398.010 20.521
398.190 20.538
398.370 20.351
398.549 20.277
398.729 20.177
398.909 20.115
399.089 19.929
399.268 19.922
399.448 20.122
399.628 20.215
399.807 20.242
399.987 19.996
400.167 19.879
400.347 19.756
400.526 19.677
400.706 19.687
400.886 19.369
401.065 18.992
401.245 18.891
401.425 18.756
401.605 18.638
401.784 18.358
401.964 18.163
402.144 18.341
402.324 18.515
402.503 18.659
402.683 18.551
402.863 18.458
403.042 18.262
403.222 18.004
403.402 17.966
403.582 17.864
403.761 17.840
403.941 17.945
404.121 17.845
404.301 17.620
404.480 17.467
404.660 17.444
404.844 17.512
405.029 17.650
405.213 17.836
405.398 18.157
405.582 18.257
405.767 18.188
405.951 17.998
406.136 17.749
406.320 17.475
406.505 17.472
406.689 17.544
406.874 17.557
407.058 17.474
407.243 17.346
407.427 17.358
407.612 17.330
407.796 17.174
407.981 17.182
408.165 17.233
408.350 17.200
408.534 17.098
408.719 17.101
408.903 16.873
409.088 16.762
409.272 16.662
409.457 16.573
409.641 16.545
409.826 16.527
410.010 16.512
410.195 16.567
410.379 16.455
410.564 16.241
410.748 16.085
410.933 15.991
411.117 16.023
411.302 15.976
411.486 15.970
411.671 15.866
411.855 15.846
412.040 15.908
412.224 15.952
412.409 15.900
412.593 15.696
412.778 15.722
412.962 15.583
413.147 15.418
413.331 15.371
413.516 15.264
413.700 15.250
413.885 15.809
414.069 16.811
414.254 16.829
414.438 16.952
414.623 17.219
414.807 17.325
414.992 17.205
415.176 17.136
415.361 17.070
415.545 17.023
415.730 17.105
415.914 17.058
416.099 16.949
416.283 16.988
416.468 17.174
416.652 17.144
416.837 17.248
417.021 17.328
417.206 17.294
417.390 17.325
417.575 17.330
417.759 16.740
417.944 15.579
418.128 15.510
418.313 15.292
418.497 14.941
418.682 14.783
418.866 14.820
419.051 14.836
419.235 14.754
419.420 14.787
419.604 14.656
419.789 14.624
419.973 14.654
420.158 14.636
420.342 14.444
420.527 14.394
420.711 14.218
420.896 14.096
421.080 14.054
421.265 13.947
421.449 13.813
421.634 13.723
421.818 13.771
422.003 13.662
422.187 13.664
422.372 13.896
422.556 13.917
422.741 13.891
422.925 13.956
423.110 14.180
423.294 14.195
423.479 14.113
423.663 13.931
423.848 13.787
424.032 13.735
424.217 13.707
424.401 13.639
424.586 13.647
424.770 13.622
424.955 13.624
425.139 13.633
425.324 13.530
425.508 13.331
425.693 13.192
425.877 13.255
426.062 13.324
426.246 13.161
426.431 13.060
426.615 12.946
426.800 12.808
426.984 12.590
427.169 12.529
427.353 12.591
427.538 12.637
427.722 12.638
427.907 12.692
428.091 12.773
428.276 12.721
428.460 12.683
428.645 12.749
428.829 12.838
429.014 12.766
429.198 12.876
429.383 13.067
429.567 13.114
429.752 13.049
429.936 12.976
430.121 12.995
430.305 13.166
430.490 13.231
430.674 13.211
430.859 13.155
431.043 13.119
431.228 13.050
431.412 13.072
431.597 13.123
431.781 13.058
431.966 12.941
432.150 13.004
432.335 13.081
432.519 12.938
432.704 12.669
432.888 12.585
433.073 12.468
433.257 12.353
433.442 12.231
433.626 12.213
433.811 12.177
433.995 12.092
434.180 11.926
434.364 11.766
434.549 11.676
434.733 11.699
434.918 11.608
435.102 11.555
435.287 11.438
435.471 11.314
435.656 11.271
435.840 11.275
436.030 11.207
436.220 11.104
436.410 11.183
436.600 11.380
436.790 11.581
436.980 11.680
437.170 11.707
437.360 11.759
437.550 11.726
437.741 11.723
437.931 11.722
438.121 11.776
438.311 11.888
438.501 11.938
438.691 11.963
438.881 11.979
439.071 11.955
439.261 11.932
439.451 11.954
439.641 11.872
439.831 11.860
440.021 11.951
440.211 12.015
440.401 11.914
440.591 11.694
440.781 11.567
440.971 11.535
441.161 11.586
441.351 11.617
441.542 11.653
441.732 11.722
441.922 11.641
442.112 11.541
442.302 11.494
442.492 11.448
442.682 11.374
442.872 11.472
443.062 11.459
443.252 11.477
443.442 11.448
443.632 11.480
443.822 11.531
444.012 11.437
444.202 11.292
444.392 11.214
444.582 11.514
444.772 11.982
444.962 11.953
445.153 11.883
445.343 11.812
445.533 11.705
445.723 11.593
445.913 11.699
446.103 11.761
446.293 11.790
446.483 11.823
446.673 11.857
446.863 11.792
447.053 11.745
447.243 11.735
447.433 11.741
447.623 11.723
447.813 11.622
448.003 11.591
448.193 11.644
448.383 11.669
448.573 11.430
448.764 10.923
448.954 10.914
449.144 10.900
449.334 10.866
449.524 10.946
449.714 11.024
449.904 10.967
450.094 10.986
450.284 11.008
450.474 11.006
450.664 10.933
450.854 10.879
451.044 10.925
451.234 10.902
451.424 10.834
451.614 10.789
451.804 10.744
451.994 10.735
452.184 10.723
452.375 10.746
452.565 11.523
452.755 12.928
452.945 12.909
453.135 12.914
453.325 12.928
453.515 12.975
453.705 12.983
453.895 12.928
454.085 12.785
454.275 12.633
454.465 12.538
454.655 12.524
454.845 12.528
455.035 12.495
455.225 12.504
455.415 12.546
455.605 12.595
455.795 12.663
455.985 12.727
456.176 12.747
456.366 12.772
456.556 12.042
456.746 10.715
456.936 10.704
457.126 10.706
457.316 10.782
457.506 10.737
457.696 10.651
457.886 10.639
458.076 10.601
458.266 10.600
458.456 10.638
458.646 10.707
458.836 10.765
459.026 10.878
459.216 10.912
459.406 10.949
459.596 10.882
459.787 10.797
459.977 10.705
460.167 10.688
460.357 10.606
460.547 10.498
460.737 10.429
460.927 10.437
461.117 10.428
461.307 10.339
461.497 10.244
461.687 10.238
461.877 10.275
462.067 10.314
462.257 10.360
462.447 10.341
462.637 10.352
462.827 10.362
463.017 10.283
463.207 10.268
463.397 10.210
463.588 10.232
463.778 10.306
463.968 10.352
464.158 10.309
464.348 10.318
464.538 10.382
464.728 10.413
464.918 10.459
465.108 10.519
465.298 10.547
465.488 10.598
465.678 10.555
465.868 10.490
466.058 10.505
466.248 10.470
466.438 10.468
466.628 10.433
466.818 10.346
467.008 10.321
467.199 10.291
467.389 10.331
467.579 10.359
467.769 10.308
467.959 10.326
468.149 10.376
468.339 10.400
468.529 10.390
468.719 10.366
468.909 10.311
469.099 10.257
469.289 10.177
469.479 10.119
469.669 10.165
469.859 10.194
470.049 10.201
470.239 10.194
470.429 10.227
470.619 10.233
470.810 10.231
471.000 10.215
471.190 10.201
471.380 10.151
471.570 10.103
471.760 10.048
471.950 9.982
472.140 9.952
472.330 9.968
472.520 9.966
472.710 9.956
472.900 9.945
473.090 9.957
473.280 10.062
473.470 10.074
473.660 10.045
473.850 10.102
474.040 10.175
474.230 10.206
474.421 10.199
474.611 10.161
474.801 10.178
474.991 10.206
475.181 10.226
475.371 10.255
475.561 10.296
475.751 10.390
475.941 10.414
476.131 10.377
476.321 10.311
476.511 10.296
476.701 10.315
476.891 10.278
477.081 10.223
477.271 10.192
477.461 10.244
477.651 10.239
477.841 10.184
478.031 10.157
478.222 10.185
478.412 10.206
478.602 10.230
478.792 10.176
478.982 10.147
479.172 10.168
479.362 10.140
479.552 10.134
479.742 10.076
479.932 10.071
480.122 10.060
480.312 10.064
480.502 10.086
480.692 10.060
480.882 10.051
481.072 10.036
481.262 10.035
481.452 9.989
481.642 9.979
481.833 10.009
482.023 10.020
482.213 9.997
482.403 9.945
482.593 9.944
482.783 9.983
482.973 10.025
483.163 10.000
483.353 9.994
483.543 9.968
483.733 9.997
483.923 10.000
484.113 10.025
484.303 10.048
484.493 10.006
484.683 10.008
484.873 10.041
485.063 10.080
485.253 10.047
485.443 10.018
485.634 10.004
485.824 9.992
486.014 9.945
486.204 9.952
486.394 9.978
486.584 9.988
486.774 9.962
486.964 9.939
487.154 9.973
487.344 9.993
487.534 9.946
487.724 9.921
487.914 9.901
488.104 9.923
488.294 9.935
488.484 9.953
488.674 9.965
488.864 9.934
489.054 9.898
489.245 9.908
489.435 9.965
489.625 10.021
489.815 10.029
490.005 10.032
490.195 10.035
490.385 10.038
490.575 10.022
490.765 10.065
490.955 10.139
491.145 10.166
491.335 10.156
491.525 10.121
491.715 10.103
491.905 10.135
492.095 10.138
492.285 10.177
492.475 10.206
492.665 10.199
492.856 10.207
493.046 10.261
493.236 10.278
493.426 10.256
493.616 10.269
493.806 10.295
493.996 10.381
494.186 10.392
494.376 10.371
494.566 10.404
494.756 10.452
494.946 10.454
495.136 10.444
495.326 10.457
495.516 10.559
495.706 10.627
495.896 10.657
496.086 10.674
496.276 10.660
496.467 10.614
496.657 10.621
496.847 10.634
497.037 10.589
497.227 10.575
497.417 10.579
497.607 10.557
497.797 10.558
497.987 10.477
498.177 10.441
498.367 10.423
498.557 10.391
498.747 10.354
498.937 10.272
499.127 10.207
499.317 10.210
499.507 10.207
499.697 10.188
499.887 10.144
500.077 10.121
500.268 10.150
500.458 10.205
500.648 10.230
500.838 10.265
501.028 10.315
501.218 10.281
501.408 10.266
501.598 10.261
501.788 10.250
501.978 10.291
502.168 10.331
502.358 10.399
502.548 10.458
502.738 10.467
502.928 10.538
503.118 10.619
503.308 10.639
503.498 10.639
503.688 10.663
503.879 10.713
504.069 10.727
504.259 10.694
504.449 10.675
504.639 10.656
504.829 10.659
505.019 10.684
505.209 10.756
505.399 10.790
505.589 10.802
505.779 10.821
505.969 10.828
506.159 10.818
506.349 10.745
506.539 10.713
506.729 10.714
506.919 10.714
507.109 10.719
507.299 10.752
507.490 10.763
507.680 10.720
507.870 10.710
508.060 10.701
508.250 10.669
508.440 10.641
508.630 10.626
508.820 10.629
509.010 10.585
509.200 10.542
509.390 10.556
509.580 10.571
509.770 10.560
509.960 10.548
510.150 10.567
510.340 10.620
510.530 10.627
510.720 10.655
510.910 10.666
511.100 10.610
511.291 10.554
511.481 10.562
511.671 10.586
511.861 10.571
512.051 10.623
512.241 10.700
512.431 10.719
512.621 10.765
512.811 10.807
513.001 10.874
513.191 10.900
513.381 10.918
513.571 10.967
513.761 11.010
513.951 11.013
514.141 10.999
514.331 10.999
514.521 11.004
514.711 10.982
514.902 10.958
515.092 11.043
515.282 11.107
515.472 11.079
515.662 11.092
515.852 11.120
516.042 11.093
516.232 11.089
516.422 11.152
516.612 11.160
516.802 11.129
516.992 11.066
517.182 11.083
517.372 11.085
517.562 11.067
517.752 11.074
517.942 11.115
518.132 11.123
518.322 11.124
518.513 11.121
518.703 11.141
518.893 11.175
519.083 11.151
519.273 11.085
519.463 11.123
519.653 11.140
519.843 11.142
520.033 11.144
520.223 11.110
520.413 11.065
520.603 11.085
520.793 11.132
520.983 11.203
521.173 11.232
521.363 11.257
521.553 11.265
521.743 11.244
521.933 11.237
522.123 11.288
522.314 11.358
522.504 11.394
522.694 11.413
522.884 11.424
523.074 11.426
523.264 11.455
523.454 11.456
523.644 11.451
523.834 11.455
524.024 11.466
524.214 11.465
524.404 11.458
524.594 11.409
524.784 11.388
524.974 11.353
525.164 11.361
525.354 11.372
525.544 11.386
525.734 11.405
525.925 11.414
526.115 11.416
526.305 11.371
526.495 11.360
526.685 11.340
526.875 11.310
527.065 11.308
527.255 11.319
527.445 11.294
527.635 11.270
527.825 11.263
528.015 11.291
528.205 11.371
528.395 11.454
528.585 11.511
528.775 11.513
528.965 11.564
529.155 11.579
529.345 11.536
529.535 11.507
529.726 11.473
529.916 11.459
530.106 11.454
530.296 11.480
530.486 11.480
530.676 11.504
530.866 11.525
531.056 11.539
531.246 11.569
531.436 11.596
531.626 11.637
531.816 11.662
532.006 11.685
532.196 11.695
532.386 11.689
532.576 11.674
532.766 11.653
532.956 11.646
533.146 11.631
533.337 11.659
533.527 11.693
533.717 11.748
533.907 11.736
534.097 11.723
534.287 11.752
534.477 11.780
534.667 11.792
534.857 11.807
535.047 11.803
535.237 11.805
535.427 11.831
535.617 11.838
535.807 11.838
535.997 11.818
536.187 11.786
536.377 11.771
536.567 11.780
536.757 11.808
536.948 11.789
537.138 11.769
537.328 11.758
537.518 11.741
537.708 11.737
537.898 11.762
538.088 11.783
538.278 11.762
538.468 11.736
538.658 11.707
538.848 11.715
539.038 11.740
539.228 11.729
539.418 11.704
539.608 11.708
539.798 11.703
539.988 11.722
540.178 11.740
540.368 11.714
540.558 11.737
540.749 11.740
540.939 11.743
541.129 11.789
541.319 11.842
541.509 11.862
541.699 11.882
541.889 11.907
542.079 11.913
542.269 11.922
542.459 11.925
542.649 11.895
542.839 11.856
543.029 11.853
543.219 11.884
543.409 11.911
543.599 11.945
543.789 11.987
543.979 11.970
544.169 11.930
544.360 11.947
544.550 11.939
544.740 11.953
544.930 11.947
545.120 11.898
545.310 11.856
545.500 11.860
545.690 11.833
545.880 11.809
546.070 11.810
546.267 11.787
546.463 11.788
546.660 11.832
546.857 11.862
547.054 11.844
547.251 11.809
547.447 11.768
547.644 11.711
547.841 11.688
548.038 11.699
548.234 11.738
548.431 11.770
548.628 11.800
548.825 11.786
549.021 11.757
549.218 11.746
549.415 11.742
549.612 11.759
549.808 11.762
550.005 11.784
550.202 11.768
550.399 11.777
550.595 11.835
550.792 11.866
550.989 11.881
551.186 11.884
551.382 11.900
551.579 11.956
551.776 11.976
551.973 11.958
552.169 11.923
552.366 11.862
552.563 11.834
552.760 11.796
552.956 11.813
553.153 11.851
553.350 11.878
553.547 11.885
553.743 11.858
553.940 11.881
554.137 11.867
554.334 11.861
554.530 11.870
554.727 11.802
554.924 11.763
555.121 11.741
555.317 11.745
555.514 11.735
555.711 11.696
555.908 11.701
556.104 11.740
556.301 11.782
556.498 11.836
556.695 11.833
556.891 11.812
557.088 11.781
557.285 11.802
557.482 11.847
557.678 11.873
557.875 11.881
558.072 11.860
558.269 11.857
558.465 11.906
558.662 11.923
558.859 11.941
559.056 11.956
559.252 11.944
559.449 11.934
559.646 11.966
559.843 11.986
560.039 11.996
560.236 11.965
560.433 11.936
560.630 11.913
560.826 11.917
561.023 11.926
561.220 11.947
561.417 11.930
561.613 11.852
561.810 11.796
562.007 11.771
562.204 11.773
562.400 11.795
562.597 11.741
562.794 11.731
562.991 11.768
563.187 11.780
563.384 11.800
563.581 11.803
563.778 11.829
563.974 11.872
564.171 11.857
564.368 11.874
564.565 11.928
564.761 11.957
564.958 11.966
565.155 11.981
565.352 11.986
565.548 11.970
565.745 12.006
565.942 12.025
566.139 12.044
566.335 12.039
566.532 12.008
566.729 12.001
566.926 12.026
567.122 12.032
567.319 11.991
567.516 11.987
567.713 12.030
567.909 12.006
568.106 11.952
568.303 11.949
568.500 11.934
568.696 11.892
568.893 11.839
569.090 11.809
569.287 11.777
569.483 11.778
569.680 11.816
569.877 11.862
570.074 11.901
570.270 11.905
570.467 11.907
570.664 11.929
570.861 11.953
571.057 11.898
571.254 11.861
571.451 11.907
571.648 11.921
571.844 11.884
572.041 11.864
572.238 11.855
572.435 11.851
572.631 11.845
572.828 11.838
573.025 11.878
573.222 11.887
573.418 11.881
573.615 11.858
573.812 11.832
574.009 11.805
574.205 11.782
574.402 11.771
574.599 11.771
574.796 11.743
574.992 11.715
575.189 11.691
575.386 11.662
575.583 11.657
575.779 11.656
575.976 11.637
576.173 11.606
576.370 11.618
576.567 11.635
576.763 11.621
576.960 11.613
577.160 11.601
577.359 11.583
577.559 11.573
577.759 11.576
577.958 11.568
578.158 11.509
578.357 11.498
578.557 11.506
578.757 11.502
578.956 11.503
579.156 11.504
579.356 11.514
579.555 11.504
579.755 11.468
579.954 11.430
580.154 11.424
580.354 11.416
580.553 11.383
580.753 11.346
580.953 11.341
581.152 11.340
581.352 11.348
581.552 11.372
581.751 11.387
581.951 11.362
582.150 11.336
582.350 11.333
582.550 11.340
582.749 11.336
582.949 11.345
583.149 11.358
583.348 11.346
583.548 11.352
583.748 11.403
583.947 11.393
584.147 11.380
584.346 11.371
584.546 11.404
584.746 11.395
584.945 11.366
585.145 11.355
585.345 11.340
585.544 11.308
585.744 11.279
585.943 11.261
586.143 11.257
586.343 11.240
586.542 11.284
586.742 11.290
586.942 11.275
587.141 11.238
587.341 11.206
587.541 11.221
587.740 11.191
587.940 11.140
588.139 11.153
588.339 11.170
588.539 11.185
588.738 11.194
588.938 11.217
589.138 11.247
589.337 11.236
589.537 11.236
589.736 11.241
589.936 11.237
590.136 11.213
590.335 11.216
590.535 11.222
590.735 11.166
590.934 11.128
591.134 11.119
591.334 11.133
591.533 11.108
591.733 11.052
591.932 11.046
592.132 11.048
592.332 11.030
592.531 11.014
592.731 10.980
592.931 10.937
593.130 10.905
593.330 10.877
593.530 10.882
593.729 10.859
593.929 10.840
594.128 10.834
594.328 10.855
594.528 10.865
594.727 10.895
594.927 10.957
595.127 11.029
595.326 11.009
595.526 10.976
595.725 10.968
595.925 11.003
596.125 10.989
596.324 10.963
596.524 10.961
596.724 10.960
596.923 10.966
597.123 10.957
597.323 10.970
597.522 10.955
597.722 10.944
597.921 10.961
598.121 10.955
598.321 10.925
598.520 10.906
598.720 10.892
598.920 10.845
599.119 10.788
599.319 10.725
599.519 10.731
599.718 10.731
599.918 10.727
600.117 10.695
600.317 10.711
600.517 10.714
600.716 10.692
600.916 10.664
601.116 10.631
601.315 10.618
601.515 10.590
601.714 10.593
601.914 10.571
602.114 10.530
602.313 10.497
602.513 10.503
602.713 10.489
602.912 10.458
603.112 10.435
603.312 10.388
603.511 10.356
603.711 10.349
603.910 10.327
604.110 10.315
604.310 10.327
604.509 10.334
604.709 10.335
604.909 10.321
605.108 10.341
605.308 10.331
605.507 10.319
605.707 10.316
605.907 10.292
606.106 10.285
606.306 10.278
606.506 10.256
606.705 10.255
606.905 10.268
607.105 10.261
607.304 10.265
607.504 10.302
607.703 10.291
607.903 10.248
608.103 10.224
608.302 10.231
608.502 10.224
608.702 10.190
608.901 10.155
609.101 10.145
609.301 10.094
609.500 10.104
609.700 10.106
609.899 10.100
610.099 10.104
610.299 10.104
610.498 10.103
610.698 10.103
610.898 10.085
611.097 10.067
611.297 10.073
611.496 10.081
611.696 10.081
611.896 10.068
612.095 10.067
612.295 10.071
612.495 10.058
612.694 10.051
612.894 10.057
613.094 10.062
613.293 10.060
613.493 10.059
613.692 10.019
613.892 9.970
614.092 9.957
614.291 9.946
614.491 9.930
614.691 9.927
614.890 9.939
615.090 9.941
615.289 9.933
615.489 9.910
615.689 9.877
615.888 9.834
616.088 9.832
616.288 9.844
616.487 9.833
616.687 9.800
616.887 9.758
617.086 9.707
617.286 9.682
617.485 9.671
617.685 9.646
617.885 9.658
618.084 9.672
618.284 9.633
618.484 9.632
618.683 9.674
618.883 9.672
619.082 9.658
619.282 9.660
619.482 9.645
619.681 9.634
619.881 9.628
620.081 9.605
620.280 9.545
620.480 9.494
620.680 9.492
620.879 9.505
621.079 9.526
621.278 9.558
621.478 9.547
621.678 9.502
621.877 9.497
622.077 9.484
622.277 9.504
622.476 9.541
622.676 9.518
622.876 9.453
623.075 9.457
623.275 9.465
623.474 9.443
623.674 9.441
623.874 9.469
624.073 9.475
624.273 9.485
624.473 9.493
624.672 9.486
624.872 9.483
625.071 9.470
625.271 9.445
625.471 9.428
625.670 9.433
625.870 9.478
626.070 9.471
626.269 9.430
626.469 9.390
626.669 9.333
626.868 9.297
627.068 9.266
627.267 9.218
627.467 9.177
627.667 9.140
627.866 9.095
628.066 9.031
628.266 8.991
628.465 8.985
628.665 9.003
628.865 9.016
629.064 9.008
629.264 8.995
629.463 8.997
629.663 8.986
629.863 8.974
630.062 8.929
630.262 8.902
630.462 8.913
630.661 8.897
630.861 9.068
631.060 9.374
631.260 9.411
631.460 9.437
631.659 9.442
631.859 9.442
632.059 9.463
632.258 9.489
632.458 9.502
632.658 9.481
632.857 9.455
633.057 9.436
633.256 9.404
633.456 9.387
633.656 9.346
633.855 9.311
634.055 9.291
634.255 9.300
634.454 9.311
634.654 9.309
634.853 9.311
635.053 9.153
635.253 8.864
635.452 8.841
635.652 8.805
635.852 8.770
636.051 8.759
636.251 8.753
636.451 8.766
636.650 8.764
636.850 8.794
637.049 8.788
637.249 8.779
637.449 8.780
637.648 8.760
637.848 8.748
638.048 8.759
638.247 8.772
638.447 8.751
638.647 8.756
638.846 8.776
639.046 8.747
639.245 8.723
639.445 8.714
639.645 8.690
639.844 8.660
640.044 8.648
640.244 8.659
640.443 8.680
640.643 8.652
640.842 8.616
641.042 8.583
641.242 8.619
641.441 8.630
641.641 8.624
641.841 8.583
642.040 8.570
642.240 8.556
642.440 8.530
642.639 8.549
642.839 8.551
643.038 8.523
643.238 8.548
643.438 8.576
643.637 8.588
643.837 8.581
644.037 8.597
644.236 8.648
644.436 8.654
644.635 8.590
644.835 8.555
645.035 8.568
645.234 8.547
645.434 8.496
645.634 8.451
645.833 8.459
646.033 8.525
646.233 8.550
646.432 8.573
646.632 8.603
646.831 8.582
647.031 8.573
647.231 8.580
647.430 8.556
647.630 8.515
647.830 8.479
648.029 8.477
648.229 8.427
648.429 8.345
648.628 8.297
648.828 8.310
649.027 8.292
649.227 8.261
649.427 8.264
649.626 8.282
649.826 8.305
650.026 8.270
650.225 8.225
650.425 8.216
650.624 8.198
650.824 8.171
651.024 8.159
651.223 8.133
651.423 8.112
651.623 8.149
651.822 8.183
652.022 8.185
652.222 8.189
652.421 8.219
652.621 8.262
652.820 8.283
653.020 8.275
653.220 8.269
653.419 8.280
653.619 8.258
653.819 8.238
654.018 8.241
654.218 8.258
654.418 8.284
654.617 8.280
654.817 8.263
655.016 8.253
655.216 8.269
655.416 8.286
655.615 8.268
655.815 8.210
656.015 8.191
656.214 8.244
656.414 8.274
656.613 8.254
656.813 8.261
657.013 8.287
657.212 8.270
657.412 8.292
657.612 8.314
657.811 8.327
658.011 8.317
658.211 8.312
658.410 8.320
658.610 8.300
658.809 8.311
659.009 8.301
659.209 8.294
659.408 8.271
659.608 8.261
659.808 8.265
660.007 8.269
660.207 8.270
660.406 8.214
660.606 8.141
660.806 8.157
661.005 8.167
661.205 8.113
661.405 8.120
661.604 8.130
661.804 8.114
662.004 8.104
662.203 8.105
662.403 8.085
662.602 8.064
662.802 8.079
663.002 8.068
663.201 8.086
663.401 8.084
663.601 8.080
663.800 8.069
664.000 8.074
664.199 8.112
664.399 8.108
664.599 8.084
664.798 8.090
664.998 8.114
665.198 8.079
665.397 8.079
665.597 8.116
665.797 8.124
665.996 8.128
666.196 8.113
666.395 8.077
666.595 8.059
666.795 8.067
666.994 8.074
667.194 8.063
667.394 8.034
667.593 8.030
667.793 8.040
667.993 8.057
668.192 8.062
668.392 8.030
668.591 7.983
668.791 7.978
668.991 8.047
669.190 8.025
669.390 8.013
669.590 8.022
669.789 7.982
669.989 7.952
670.188 7.901
670.388 7.884
670.588 7.908
670.787 7.920
670.987 7.908
671.187 7.879
671.386 7.907
671.586 7.926
671.786 7.921
671.985 7.883
672.185 7.831
672.384 7.815
672.584 7.805
672.784 7.817
672.983 7.816
673.183 7.749
673.383 7.726
673.582 7.715
673.782 7.725
673.981 7.720
674.181 7.667
674.381 7.655
674.580 7.657
674.780 7.631
674.980 7.603
675.179 7.588
675.379 7.600
675.579 7.544
675.778 7.505
675.978 7.487
676.177 7.498
676.377 7.501
676.577 7.514
676.776 7.504
676.976 7.474
677.176 7.473
677.375 7.491
677.575 7.513
677.775 7.548
677.974 7.522
678.174 7.532
678.373 7.583
678.573 7.622
678.773 7.633
678.972 7.653
679.172 7.674
679.372 7.700
679.571 7.710
679.771 7.733
679.970 7.753
680.170 7.746
680.370 7.724
680.569 7.721
680.769 7.707
680.969 7.716
681.168 7.765
681.368 7.790
681.568 7.794
681.767 7.772
681.967 7.732
682.166 7.744
682.366 7.738
682.566 7.729
682.765 7.721
682.965 7.726
683.165 7.735
683.364 7.747
683.564 7.718
683.764 7.672
683.963 7.632
684.163 7.594
684.362 7.614
684.562 7.663
684.762 7.688
684.961 7.708
685.161 7.727
685.361 7.703
685.560 7.660
685.760 7.615
685.959 7.591
686.159 7.604
686.359 7.576
686.558 7.539
686.758 7.517
686.958 7.509
687.157 7.501
687.357 7.507
687.557 7.538
687.756 7.537
687.956 7.550
688.155 7.580
688.355 7.630
688.555 7.622
688.754 7.614
688.954 7.645
689.154 7.625
689.353 7.620
689.553 7.642
689.752 7.657
689.952 7.683
690.152 7.705
690.351 7.703
690.551 7.699
690.751 7.680
690.950 7.664
691.150 7.684
691.350 7.688
691.549 7.682
691.749 7.630
691.948 7.649
692.148 7.681
692.348 7.655
692.547 7.619
692.747 7.625
692.947 7.622
693.146 7.589
693.346 7.564
693.546 7.548
693.745 7.526
693.945 7.532
694.144 7.528
694.344 7.546
694.544 7.572
694.743 7.588
694.943 7.610
695.143 7.652
695.342 7.654
695.542 7.653
695.741 7.624
695.941 7.630
696.141 7.641
696.340 7.659
696.540 7.659
696.745 7.679
696.951 7.684
697.156 7.683
697.362 7.655
697.567 7.673
697.772 7.692
697.978 7.671
698.183 7.655
698.389 7.658
698.594 7.642
698.799 7.603
699.005 7.621
699.210 7.663
699.416 7.647
699.621 7.600
699.826 7.576
700.032 7.599
700.237 7.595
700.443 7.535
700.648 7.493
700.853 7.536
701.059 7.576
701.264 7.545
701.470 7.513
701.675 7.559
701.880 7.610
702.086 7.604
702.291 7.586
702.497 7.564
702.702 7.551
702.907 7.546
703.113 7.552
703.318 7.506
703.524 7.446
703.729 7.428
703.934 7.432
704.140 7.421
704.345 7.418
704.551 7.399
704.756 7.394
704.961 7.396
705.167 7.389
705.372 7.330
705.578 7.352
705.783 7.361
705.988 7.323
706.194 7.247
706.399 7.233
706.605 7.271
706.810 7.324
707.015 7.356
707.221 7.326
707.426 7.311
707.632 7.304
707.837 7.297
708.042 7.293
708.248 7.306
708.453 7.338
708.659 7.301
708.864 7.311
709.069 7.356
709.275 7.352
709.480 7.297
709.686 7.279
709.891 7.279
710.096 7.303
710.302 7.312
710.507 7.326
710.713 7.303
710.918 7.279
711.123 7.264
711.329 7.221
711.534 7.258
711.740 7.312
711.945 7.373
712.150 7.413
712.356 7.448
712.561 7.473
712.766 7.474
712.972 7.479
713.177 7.470
713.383 7.432
713.588 7.401
713.793 7.431
713.999 7.450
714.204 7.438
714.410 7.406
714.615 7.415
714.820 7.438
715.026 7.442
715.231 7.473
715.437 7.486
715.642 7.531
715.847 7.560
716.053 7.526
716.258 7.506
716.464 7.520
716.669 7.549
716.874 7.551
717.080 7.595
717.285 7.743
717.491 7.792
717.696 7.822
717.901 7.823
718.107 7.816
718.312 7.831
718.518 7.836
718.723 7.847
718.928 7.876
719.134 7.859
719.339 7.843
719.545 7.811
719.750 7.779
719.955 7.755
720.161 7.703
720.366 7.675
720.572 7.682
720.777 7.680
720.982 7.590
721.188 7.550
721.393 7.499
721.599 7.386
721.804 7.388
722.009 7.408
722.215 7.452
722.420 7.460
722.626 7.483
722.831 7.491
723.036 7.465
723.242 7.433
723.447 7.460
723.653 7.501
723.858 7.517
724.063 7.545
724.269 7.595
724.474 7.657
724.680 7.743
724.885 7.769
725.090 7.719
725.296 7.722
725.501 7.727
725.707 7.733
725.912 7.725
726.117 7.694
726.323 7.702
726.528 7.687
726.734 7.690
726.939 7.702
727.144 7.729
727.350 7.783
727.555 7.806
727.761 7.832
727.966 7.815
728.171 7.851
728.377 7.886
728.582 7.801
728.788 7.719
728.993 7.646
729.198 7.601
729.404 7.648
729.609 7.725
729.815 7.749
730.020 7.719
730.225 7.719
730.431 7.720
730.636 7.698
730.842 7.683
731.047 7.650
731.252 7.589
731.458 7.568
731.663 7.601
731.869 7.586
732.074 7.537
732.279 7.537
732.485 7.536
732.690 7.493
732.896 7.538
733.101 7.590
733.306 7.634
733.512 7.625
733.717 7.609
733.923 7.539
734.128 7.531
734.333 7.572
734.539 7.582
734.744 7.568
734.950 7.540
735.155 7.540
735.360 7.616
735.566 7.665
735.771 7.679
735.977 7.634
736.182 7.639
736.387 7.676
736.593 7.737
736.798 7.793
737.004 7.812
737.209 7.834
737.414 7.836
737.620 7.834
737.825 7.849
738.031 7.872
738.236 7.912
738.441 7.908
738.647 7.905
738.852 7.907
739.058 7.947
739.263 7.981
739.468 8.004
739.674 7.988
739.879 7.995
740.085 8.027
740.290 8.024
740.495 8.001
740.701 7.987
740.906 7.957
741.112 7.927
741.317 7.908
741.522 7.886
741.728 7.885
741.933 7.923
742.139 7.985
742.344 8.019
742.549 8.001
742.755 7.994
742.960 7.991
743.166 7.967
743.371 7.933
743.576 7.949
743.782 7.951
743.987 7.967
744.193 7.963
744.398 7.900
744.603 7.896
744.809 7.924
745.014 7.901
745.220 7.861
745.425 7.759
745.630 7.743
745.836 7.745
746.041 7.713
746.246 7.682
746.452 7.667
746.657 7.637
746.863 7.672
747.068 7.758
747.274 7.816
747.479 7.887
747.684 7.931
747.890 7.929
748.095 7.908
748.300 7.892
748.506 7.906
748.711 7.943
748.917 7.938
749.122 7.917
749.327 7.907
749.533 7.910
749.738 7.950
749.944 7.957
750.149 7.937
750.354 7.948
750.560 7.973
750.765 7.955
750.971 7.969
751.176 7.980
751.381 7.979
751.587 7.945
751.792 7.925
751.998 7.899
752.203 7.868
752.408 7.902
752.614 7.890
752.819 7.896
753.025 7.917
753.230 7.953
753.435 7.996
753.641 8.061
753.846 8.164
754.052 8.230
754.257 8.213
754.462 8.223
754.668 8.252
754.873 8.237
755.079 8.229
755.284 8.237
755.489 8.277
755.695 8.213
755.900 8.229
756.106 8.249
756.311 8.267
756.516 8.243
756.722 8.226
756.927 8.246
757.133 8.249
757.338 8.230
757.543 8.217
757.749 8.170
757.954 8.106
758.160 8.020
758.365 7.987
758.570 8.057
758.776 8.087
758.981 8.078
759.187 8.074
759.392 8.124
759.597 8.127
759.803 8.044
760.008 8.060
760.214 8.059
760.419 8.012
760.624 7.977
760.830 8.073
761.035 8.083
761.241 8.033
761.446 7.988
761.651 7.971
761.857 8.006
762.062 8.045
762.268 8.050
762.473 8.042
762.678 8.054
762.884 8.073
763.089 8.084
763.295 8.143
763.500 8.264
763.709 8.282
763.918 8.271
764.126 8.297
764.335 8.337
764.544 8.379
764.753 8.388
764.962 8.450
765.171 8.456
765.379 8.431
765.588 8.475
765.797 8.519
766.006 8.555
766.215 8.555
766.424 8.554
766.632 8.572
766.841 8.611
767.050 8.600
767.259 8.559
767.468 8.598
767.677 8.570
767.885 8.435
768.094 8.403
768.303 8.429
768.512 8.445
768.721 8.458
768.929 8.419
769.138 8.484
769.347 8.516
769.556 8.500
769.765 8.555
769.974 8.571
770.182 8.536
770.391 8.534
770.600 8.544
770.809 8.561
771.018 8.615
771.227 8.613
771.435 8.615
771.644 8.611
771.853 8.622
772.062 8.661
772.271 8.711
772.480 8.691
772.688 8.667
772.897 8.680
773.106 8.648
773.315 8.686
773.524 8.715
773.732 8.748
773.941 8.736
774.150 8.694
774.359 8.669
774.568 8.690
774.777 8.665
774.985 8.646
775.194 8.650
775.403 8.661
775.612 8.691
775.821 8.779
776.030 8.877
776.238 8.844
776.447 8.838
776.656 8.910
776.865 8.993
777.074 9.043
777.283 9.110
777.491 9.158
777.700 9.083
777.909 8.997
778.118 8.884
778.327 8.904
778.535 9.001
778.744 9.053
778.953 9.060
779.162 9.066
779.371 9.070
779.580 9.118
779.788 9.174
779.997 9.177
780.206 9.081
780.415 8.988
780.624 8.982
780.833 8.975
781.041 8.882
781.250 8.797
781.459 8.778
781.668 8.790
781.877 8.795
782.086 8.872
782.294 8.887
782.503 8.978
782.712 9.022
782.921 9.008
783.130 8.983
783.338 9.029
783.547 9.098
783.756 9.097
783.965 9.067
784.174 9.075
784.383 9.177
784.591 9.257
784.800 9.334
785.009 9.363
785.218 9.374
785.427 9.461
785.636 9.507
785.844 9.500
786.053 9.467
786.262 9.473
786.471 9.461
786.680 9.524
786.889 9.507
787.097 9.465
787.306 9.467
787.515 9.456
787.724 9.420
787.933 9.413
788.141 9.465
788.350 9.438
788.559 9.363
788.768 9.319
788.977 9.307
789.186 9.275
789.394 9.300
789.603 9.264
789.812 9.164
790.021 9.182
790.230 9.271
790.439 9.393
790.647 9.351
790.856 9.329
791.065 9.311
791.274 9.356
791.483 9.376
791.692 9.396
791.900 9.467
792.109 9.480
792.318 9.475
792.527 9.486
792.736 9.596
792.944 9.641
793.153 9.633
793.362 9.637
793.571 9.618
793.780 9.631
793.989 9.694
794.197 9.767
794.406 9.783
794.615 9.723
794.824 9.566
795.033 9.558
795.242 9.621
795.450 9.629
795.659 9.573
795.868 9.524
796.077 9.514
796.286 9.555
796.495 9.588
796.703 9.626
796.912 9.653
797.121 9.662
797.330 9.662
797.539 9.671
797.747 9.794
797.956 9.864
798.165 9.833
798.374 9.873
798.583 9.928
798.792 9.907
799.000 9.952
799.209 10.049
799.418 10.180
799.627 10.272
799.836 10.322
800.045 10.425
800.253 10.578
800.462 10.661
800.671 10.582
800.880 10.588
801.089 10.609
801.298 10.586
801.506 10.534
801.715 10.644
801.924 10.787
802.133 10.787
802.342 10.803
802.550 10.825
802.759 10.888
802.968 10.912
803.177 10.935
803.386 10.915
803.595 10.888
803.803 10.872
804.012 10.801
804.221 10.825
804.430 10.846
804.639 10.910
804.848 10.858
805.056 10.912
805.265 10.961
805.474 11.006
805.683 10.988
805.892 11.018
806.101 11.055
806.309 10.976
806.518 10.852
806.727 10.838
806.936 10.910
807.145 10.833
807.353 10.775
807.562 10.755
807.771 10.784
807.980 10.769
808.189 10.706
808.398 10.694
808.606 10.768
808.815 10.842
809.024 10.775
809.233 10.836
809.442 10.878
809.651 10.794
809.859 10.702
810.068 10.759
810.277 10.841
810.486 10.735
810.695 10.703
810.904 10.810
811.112 10.841
811.321 10.856
811.530 10.900
811.741 10.987
811.953 11.103
812.164 11.145
812.375 11.173
812.586 11.198
812.798 11.222
813.009 11.217
813.220 11.228
813.431 11.241
813.643 11.300
813.854 11.416
814.065 11.517
814.276 11.578
814.488 11.604
814.699 11.540
814.910 11.603
815.121 11.579
815.333 11.483
815.544 11.486
815.755 11.413
815.966 11.414
816.178 11.450
816.389 11.405
816.600 11.358
816.811 11.422
817.023 11.522
817.234 11.611
817.445 11.581
817.656 11.592
817.868 11.774
818.079 11.814
818.290 11.768
818.502 11.769
818.713 11.811
818.924 11.805
819.135 11.844
819.347 11.829
819.558 11.880
819.769 12.086
819.980 12.135
820.192 12.205
820.403 12.231
820.614 12.227
820.825 12.302
821.037 12.388
821.248 12.493
821.459 12.511
821.670 12.496
821.882 12.461
822.093 12.395
822.304 12.293
822.515 12.252
822.727 12.274
822.938 12.345
823.149 12.389
823.360 12.446
823.572 12.592
823.783 12.722
823.994 12.812
824.205 12.648
824.417 12.635
824.628 12.714
824.839 12.706
825.051 12.690
825.262 12.679
825.473 12.716
825.684 12.705
825.896 12.671
826.107 12.619
826.318 12.695
826.529 12.762
826.741 12.697
826.952 12.669
827.163 12.714
827.374 12.783
827.586 12.807
827.797 12.890
828.008 12.918
828.219 12.913
828.431 12.975
828.642 13.231
828.853 13.405
829.064 13.414
829.276 13.504
829.487 13.476
829.698 13.433
829.909 13.447
830.121 13.448
830.332 13.513
830.543 13.533
830.754 13.563
830.966 13.540
831.177 13.552
831.388 13.611
831.600 13.544
831.811 13.521
832.022 13.696
832.233 13.826
832.445 13.653
832.656 13.602
832.867 13.586
833.078 13.469
833.290 13.325
833.501 13.421
833.712 13.508
833.923 13.577
834.135 13.624
834.346 13.601
834.557 13.533
834.768 13.625
834.980 13.855
835.191 13.899
835.402 13.973
835.613 14.111
835.825 14.302
836.036 14.401
836.247 14.535
836.458 14.630
836.670 14.553
836.881 14.723
837.092 14.763
837.303 14.794
837.515 14.961
837.726 15.021
837.937 14.955
838.148 15.010
838.360 15.124
838.571 15.212
838.782 15.243
838.994 15.275
839.205 15.146
839.416 14.986
839.627 15.021
839.839 15.071
840.050 15.086
840.261 14.963
840.472 15.005
840.684 14.893
840.895 14.696
841.106 14.591
841.317 14.514
841.529 14.595
841.740 14.557
841.951 14.386
842.162 14.452
842.374 14.584
842.585 14.546
842.796 14.453
843.007 14.522
843.219 14.696
843.430 14.791
843.641 14.776
843.852 14.755
844.064 14.759
844.275 14.747
844.486 14.820
844.697 14.882
844.909 14.878
845.120 14.975
845.331 14.994
845.543 15.128
845.754 15.226
845.965 15.183
846.176 15.207
846.388 15.343
846.599 15.419
846.810 15.499
847.021 15.461
847.233 15.666
847.444 15.798
847.655 15.919
847.866 15.927
848.078 16.126
848.289 16.358
848.500 16.381
848.711 16.492
848.923 16.589
849.134 16.570
849.345 16.523
849.556 16.444
849.768 16.463
849.979 16.448
850.190 16.480
850.401 16.549
850.613 16.754
850.824 16.856
851.035 16.866
851.246 16.737
851.458 16.878
851.669 16.859
851.880 16.574
852.092 16.409
852.303 16.592
852.514 16.877
852.725 17.073
852.937 17.097
853.148 17.061
853.359 16.953
853.570 17.002
853.782 17.146
853.993 17.223
854.204 17.235
854.415 17.201
854.627 17.216
854.838 17.287
855.049 17.369
855.260 17.444
855.472 17.330
855.683 17.383
855.894 17.560
856.105 17.693
856.317 17.816
856.528 17.823
856.739 17.639
856.950 17.404
857.162 17.148
857.373 17.187
857.584 17.147
857.795 17.175
858.007 17.251
858.218 17.143
858.429 17.452
858.640 17.982
858.852 17.865
859.063 17.844
859.274 17.941
859.486 17.663
859.697 17.343
859.908 17.611
860.119 17.812
860.331 17.693
860.542 17.715
860.753 17.997
860.964 18.214
861.176 18.390
861.387 18.403
861.598 18.565
861.809 18.686
862.021 18.674
862.232 18.658
862.443 18.643
862.654 18.812
862.866 18.687
863.077 18.361
863.288 18.748
863.499 19.082
863.711 19.214
863.922 19.482
864.133 19.828
864.344 19.613
864.556 19.311
864.767 19.129
864.978 18.822
865.189 18.739
865.401 18.745
865.612 18.696
865.823 18.644
866.035 18.547
866.246 18.475
866.457 18.700
866.668 18.859
866.880 18.948
867.091 18.987
867.302 18.894
867.513 18.915
867.725 18.965
867.936 19.032
868.147 18.950
868.358 18.944
868.570 18.934
868.781 19.234
868.992 19.593
869.203 19.880
869.415 20.216
869.626 20.455
869.837 20.401
870.048 20.560
870.260 20.737
870.471 20.885
870.682 20.871
870.893 20.745
871.105 20.889
871.316 21.045
871.527 20.995
871.738 21.296
871.950 21.531
872.161 21.425
872.372 21.173
872.584 20.980
872.795 20.933
873.006 20.818
873.217 20.760
873.429 20.748
873.640 20.685
873.851 20.484
874.062 20.184
874.274 20.042
874.485 20.013
874.696 20.086
874.907 19.981
875.119 20.058
875.330 19.992
875.541 19.721
875.752 19.439
875.964 19.472
876.175 19.310
876.386 19.084
876.597 19.150
876.809 19.313
877.020 19.574
877.231 19.636
877.442 19.744
877.654 19.795
877.865 19.771
878.076 19.727
878.287 19.647
878.499 19.610
878.710 19.770
878.921 19.707
879.133 19.586
879.344 19.845
879.555 20.147
879.766 20.506
879.978 20.611
880.189 20.808
880.400 20.994
880.611 21.038
880.823 21.180
881.034 21.265
881.245 21.273
881.456 21.100
881.668 20.898
881.879 20.888
882.090 21.038
882.301 21.015
882.513 20.865
882.724 21.044
882.935 21.093
883.146 21.068
883.358 21.342
883.569 21.336
883.780 21.203
883.991 21.130
884.203 20.981
884.414 21.046
884.625 21.014
884.836 20.724
885.048 20.705
885.259 20.809
885.470 20.822
885.682 20.788
885.893 20.907
886.104 21.235
886.315 21.254
886.527 21.079
886.738 21.077
886.949 21.210
887.160 21.310
887.372 21.336
887.583 21.478
887.794 21.268
888.005 21.364
888.217 21.327
888.428 21.128
888.639 21.165
888.850 21.198
889.062 21.116
889.273 21.219
889.484 21.108
889.695 20.886
889.907 20.928
890.118 20.899
890.329 20.950
890.540 20.980
890.752 21.142
890.963 21.228
891.174 21.416
891.385 21.895
891.597 21.967
891.808 22.084
892.019 22.077
892.231 22.201
892.442 22.270
892.653 22.402
892.864 22.441
893.076 22.961
893.287 23.825
893.498 23.950
893.709 24.153
893.921 24.191
894.132 24.294
894.343 24.261
894.554 24.271
894.766 24.527
894.977 24.708
895.188 24.645
895.399 24.573
895.611 24.293
895.822 23.931
896.033 23.845
896.244 23.760
896.456 23.907
896.667 23.981
896.878 24.133
897.089 24.273
897.301 24.310
897.512 23.826
897.723 23.144
897.934 23.297
898.146 23.493
898.357 23.599
898.568 23.569
898.779 23.647
898.991 23.892
899.202 23.799
899.413 23.567
899.625 23.615
899.836 23.984
900.047 24.551
900.258 24.652
900.470 24.779
900.681 24.992
900.892 25.011
901.103 25.047
901.315 25.014
901.526 24.934
901.737 25.129
901.948 25.250
902.160 25.038
902.371 24.922
902.582 24.629
902.793 24.662
903.005 24.781
903.216 24.920
903.427 24.933
903.638 24.746
903.850 24.916
904.061 25.217
904.272 25.207
904.483 24.674
904.695 24.621
904.906 24.798
905.117 24.783
905.328 24.481
905.540 24.351
905.751 24.017
905.962 23.991
906.174 24.093
906.385 23.746
906.596 23.726
906.807 24.041
907.019 24.417
907.230 24.657
907.441 24.925
907.652 25.066
907.864 25.116
908.075 25.013
908.286 24.519
908.497 24.059
908.709 23.645
908.920 24.000
909.131 24.258
909.342 24.245
909.554 24.483
909.765 25.011
909.976 25.200
910.187 25.544
910.399 25.589
910.610 25.615
910.821 26.080
911.032 26.345
911.244 26.061
911.455 25.695
911.666 25.761
911.877 25.952
912.089 25.864
912.300 25.811
912.515 26.138
912.730 26.674
912.944 26.985
913.159 27.623
913.374 27.900
913.589 27.908
913.803 28.107
914.018 28.039
914.233 27.480
914.448 27.529
914.663 27.706
914.877 28.152
915.092 28.211
915.307 28.247
915.522 28.383
915.736 28.741
915.951 28.888
916.166 28.842
916.381 28.463
916.596 28.474
916.810 29.034
917.025 29.279
917.240 29.298
917.455 29.299
917.669 28.682
917.884 27.977
918.099 27.830
918.314 27.907
918.529 28.455
918.743 29.405
918.958 29.695
919.173 29.678
919.388 29.463
919.602 29.525
919.817 29.808
920.032 30.182
920.247 30.669
920.462 31.517
920.676 32.014
920.891 32.178
921.106 32.047
921.321 31.618
921.535 31.557
921.750 31.755
921.965 32.231
922.180 32.793
922.395 33.174
922.609 33.586
922.824 33.688
923.039 33.362
923.254 32.620
923.469 32.475
923.683 32.543
923.898 32.152
924.113 31.858
924.328 31.926
924.542 31.918
924.757 31.242
924.972 30.776
925.187 30.235
925.402 30.300
925.616 30.602
925.831 31.036
926.046 31.123
926.261 31.430
926.475 31.345
926.690 31.573
926.905 32.399
927.120 32.701
927.335 32.583
927.549 32.981
927.764 33.674
927.979 33.620
928.194 33.766
928.408 34.349
928.623 34.648
928.838 34.898
929.053 35.472
929.268 35.790
929.482 35.312
929.697 35.468
929.912 35.842
930.127 35.849
930.341 36.199
930.556 36.926
930.771 36.994
930.986 37.151
931.201 36.737
931.415 36.245
931.630 36.478
931.845 37.093
932.060 37.190
932.274 37.681
932.489 38.115
932.704 38.405
932.919 38.723
933.134 38.769
933.348 38.736
933.563 38.040
933.778 38.138
933.993 39.429
934.207 39.926
934.422 39.738
934.637 40.118
934.852 39.753
935.067 39.388
935.281 39.340
935.496 40.057
935.711 41.436
935.926 41.884
936.140 42.079
936.355 42.434
936.570 42.511
936.785 42.021
937.000 41.899
937.214 42.411
937.429 43.080
937.644 43.908
937.859 44.306
938.073 44.613
938.288 44.884
938.503 44.971
938.718 45.498
938.933 47.108
939.147 48.821
939.362 49.803
939.577 50.290
939.792 50.439
940.007 50.122
940.221 49.474
940.436 49.444
940.651 49.389
940.866 49.506
941.080 49.699
941.295 50.261
941.510 50.467
941.725 50.325
941.940 50.733
942.154 50.721
942.369 50.981
942.584 51.762
942.799 52.440
943.013 52.628
943.228 52.568
943.443 52.115
943.658 50.628
943.873 50.277
944.087 50.694
944.302 50.943
944.517 50.874
944.732 50.802
944.946 50.078
945.161 50.424
945.376 50.056
945.591 50.472
945.806 50.803
946.020 51.811
946.235 53.134
946.450 52.715
946.665 52.521
946.879 52.350
947.094 52.099
947.309 51.627
947.524 51.935
947.739 51.855
947.953 50.804
948.168 50.839
948.383 50.608
948.598 50.185
948.812 50.891
949.027 49.935
949.242 49.302
949.457 50.965
949.672 51.392
949.886 51.131
950.101 50.849
950.316 51.183
950.531 51.183
950.745 50.577
950.960 51.524
951.175 52.663
951.390 53.527
951.605 53.925
951.819 55.130
952.034 56.418
952.249 57.845
952.464 57.957
952.678 58.332
952.893 58.524
953.108 57.481
953.323 56.226
953.538 57.256
953.752 57.632
953.967 56.359
954.182 55.407
954.397 56.546
954.611 57.002
954.826 56.027
955.041 55.892
955.256 55.701
955.471 54.155
955.685 53.039
955.900 52.156
956.115 54.945
956.330 59.985
956.544 58.292
956.759 56.391
956.974 57.073
957.189 57.400
957.404 57.245
957.618 58.074
957.833 58.514
958.048 58.449
958.263 58.968
958.478 59.838
958.692 60.269
958.907 60.060
959.122 59.653
959.337 59.803
959.551 59.342
959.766 58.535
959.981 59.068
960.196 59.198
960.411 59.101
960.625 55.574
960.840 49.033
961.055 48.114
961.270 48.316
961.484 47.782
961.699 47.434
961.914 47.818
962.129 48.685
962.344 50.564
962.558 52.092
962.773 52.496
962.988 53.675
963.203 55.587
963.417 55.958
963.632 56.586
963.847 57.149
964.062 57.629
964.277 58.333
964.491 57.654
964.706 58.183
964.921 58.695
965.136 59.108
965.350 60.186
965.565 61.075
965.780 61.376
965.987 61.939
966.194 63.234
966.402 63.637
966.609 63.038
966.816 61.791
967.023 59.881
967.231 59.784
967.438 59.061
967.645 57.358
967.852 56.488
968.059 55.838
968.267 56.137
968.474 57.477
968.681 57.703
968.888 58.909
969.096 58.465
969.303 58.053
969.510 58.759
969.717 58.934
969.925 60.097
970.132 59.925
970.339 58.889
970.546 57.072
970.753 56.591
970.961 57.575
971.168 57.599
971.375 58.347
971.582 57.313
971.790 56.090
971.997 56.121
972.204 55.796
972.411 56.176
972.618 57.375
972.826 56.408
973.033 55.917
973.240 55.370
973.447 55.480
973.655 55.660
973.862 54.735
974.069 54.615
974.276 55.436
974.483 56.263
974.691 57.751
974.898 58.903
975.105 59.611
975.312 59.338
975.520 59.135
975.727 59.244
975.934 60.015
976.141 60.815
976.349 60.429
976.556 61.644
976.763 61.425
976.970 60.257
977.177 59.228
977.385 59.269
977.592 59.478
977.799 59.349
978.006 60.764
978.214 62.892
978.421 63.916
978.628 62.124
978.835 61.297
979.042 59.515
979.250 58.709
979.457 58.888
979.664 58.948
979.871 59.642
980.079 61.330
980.286 60.762
980.493 59.834
980.700 60.927
980.907 62.752
981.115 62.809
981.322 61.961
981.529 63.083
981.736 62.980
981.944 63.046
982.151 64.499
982.358 63.650
982.565 62.207
982.773 60.707
982.980 61.444
983.187 64.076
983.394 67.609
983.601 66.832
983.809 64.988
984.016 62.860
984.223 61.241
984.430 59.319
984.638 59.380
984.845 61.735
985.052 63.982
985.259 61.738
985.466 61.765
985.674 62.129
985.881 62.937
986.088 64.690
986.295 66.492
986.503 66.857
986.710 67.222
986.917 67.127
987.124 68.117
987.331 68.186
987.539 67.449
987.746 66.353
987.953 67.597
988.160 70.479
988.368 73.698
988.575 75.935
988.782 77.259
988.989 77.456
989.197 76.712
989.404 75.357
989.611 75.376
989.818 72.850
990.025 72.574
990.233 72.261
990.440 71.135
990.647 68.104
990.854 66.761
991.062 67.765
991.269 68.292
991.476 67.051
991.683 66.852
991.890 66.658
992.098 66.667
992.305 68.371
992.512 67.097
992.719 66.324
992.927 67.187
993.134 67.238
993.341 68.702
993.548 68.356
993.755 66.517
993.963 66.094
994.170 67.463
994.377 66.947
994.584 66.036
994.792 69.769
994.999 74.647
995.206 75.511
995.413 74.417
995.621 75.584
995.828 77.007
996.035 76.656
996.242 75.921
996.449 76.313
996.657 76.316
996.864 75.825
997.071 74.958
997.278 72.705
997.486 73.964
997.693 73.337
997.900 73.749
998.107 74.454
998.314 74.022
998.522 76.194
998.729 78.318
998.936 78.462
999.143 76.375
999.351 75.449
999.558 75.066
999.765 76.191
999.972 75.577
1000.179 75.253
1000.387 76.173
1000.594 77.048
1000.801 76.859
1001.008 76.704
1001.216 76.874
1001.423 78.506
1001.630 79.862
1001.837 76.743
1002.045 77.042
1002.252 78.888
1002.459 80.453
1002.666 83.334
1002.873 84.539
1003.081 84.841
1003.288 84.485
1003.495 82.787
1003.702 81.078
1003.910 83.108
1004.117 85.119
1004.324 84.265
1004.531 84.878
1004.738 85.694
1004.946 85.417
1005.153 84.582
1005.360 85.004
1005.567 89.858
1005.775 90.084
1005.982 88.230
1006.189 88.519
1006.396 87.442
1006.603 84.406
1006.811 82.312
1007.018 79.122
1007.225 78.505
1007.432 79.708
1007.640 84.074
1007.847 85.156
1008.054 85.897
1008.261 82.971
1008.469 80.214
1008.676 83.540
1008.883 87.332
1009.090 89.698
1009.297 88.213
1009.505 89.372
1009.712 89.701
1009.919 84.940
1010.126 83.594
1010.334 86.004
1010.541 86.658
1010.748 88.403
1010.955 90.313
1011.162 91.315
1011.370 96.689
1011.577 96.565
1011.784 95.325
1011.991 92.085
1012.199 87.972
1012.406 85.937
1012.613 89.129
1012.820 87.677
1013.027 81.741
1013.235 77.538
1013.442 74.535
1013.649 77.467
1013.856 80.743
1014.064 82.339
1014.271 81.624
1014.478 79.928
1014.685 79.285
1014.893 80.305
1015.100 80.306
1015.307 80.032
1015.514 80.185
1015.721 75.527
1015.929 74.661
1016.136 73.592
1016.343 73.105
1016.550 79.982
