292.253 92.593
292.450 94.738
292.647 95.463
292.845 95.591
293.042 95.863
293.239 95.979
293.437 95.015
293.634 93.318
293.831 92.807
294.029 93.164
294.226 93.227
294.423 96.089
294.621 96.116
294.818 95.292
295.015 94.751
295.213 96.012
295.410 98.047
295.607 98.961
295.805 99.058
296.002 98.690
296.199 98.374
296.397 97.457
296.594 95.831
296.791 94.676
296.989 94.957
297.186 94.120
297.383 93.035
297.581 94.456
297.778 96.387
297.975 96.947
298.173 95.929
298.370 95.877
298.567 96.877
298.765 97.175
298.962 98.608
299.159 99.128
299.357 98.632
299.554 98.181
299.751 98.345
299.949 97.292
300.146 97.644
300.343 96.931
300.541 95.182
300.738 95.512
300.935 96.626
301.133 96.421
301.330 97.363
301.527 98.961
301.725 98.123
301.922 96.765
302.119 96.774
302.317 98.537
302.514 98.289
302.711 96.711
302.909 96.121
303.106 94.573
303.303 93.997
303.501 94.215
303.698 93.675
303.895 92.586
304.093 92.030
304.290 91.900
304.487 92.767
304.685 93.063
304.882 92.291
305.079 91.522
305.277 90.644
305.474 89.763
305.671 88.246
305.869 88.231
306.066 89.025
306.263 88.478
306.461 87.332
306.658 87.650
306.855 87.816
307.053 87.140
307.250 87.515
307.447 88.282
307.645 88.480
307.842 88.197
308.039 88.081
308.237 88.177
308.434 87.728
308.631 87.511
308.829 88.153
309.026 87.909
309.223 87.768
309.421 88.263
309.618 88.128
309.815 88.748
310.013 88.976
310.210 88.369
310.407 88.610
310.605 88.520
310.802 88.335
310.999 88.637
311.197 90.356
311.394 90.959
311.591 90.094
311.789 89.159
311.986 88.418
312.183 87.658
312.381 87.401
312.578 87.384
312.775 86.122
312.973 85.296
313.170 85.569
313.347 85.462
313.523 84.808
313.700 84.264
313.877 84.343
314.054 84.251
314.230 84.740
314.407 84.898
314.584 84.643
314.761 83.809
314.937 83.403
315.114 82.425
315.291 80.531
315.467 80.196
315.644 80.731
315.821 81.270
315.998 81.745
316.174 81.562
316.351 81.829
316.528 82.390
316.704 82.208
316.881 81.867
317.058 81.044
317.235 81.279
317.411 81.704
317.588 81.516
317.765 81.395
317.942 80.851
318.118 79.883
318.295 80.505
318.472 81.521
318.648 81.987
318.825 82.454
319.002 82.875
319.179 81.783
319.355 80.491
319.532 80.361
319.709 80.771
319.885 81.254
320.062 80.500
320.239 80.316
320.416 79.599
320.592 79.642
320.769 79.799
320.946 78.995
321.123 79.519
321.299 79.215
321.476 79.003
321.653 79.015
321.829 78.709
322.006 77.847
322.183 77.414
322.360 76.389
322.536 74.889
322.713 74.561
322.890 75.440
323.066 76.410
323.243 76.395
323.420 75.752
323.597 75.082
323.773 74.249
323.950 74.197
324.127 75.329
324.304 75.132
324.480 75.430
324.657 76.278
324.834 75.309
325.010 74.371
325.187 73.646
325.364 74.416
325.541 75.881
325.717 74.651
325.894 73.353
326.071 73.528
326.248 74.251
326.424 73.876
326.601 73.208
326.778 72.219
326.954 71.299
327.131 70.910
327.308 70.423
327.485 71.135
327.661 71.193
327.838 71.266
328.015 72.196
328.191 72.052
328.368 71.572
328.545 71.941
328.722 72.907
328.898 72.339
329.075 70.656
329.252 69.495
329.429 70.266
329.605 70.870
329.782 69.741
329.959 68.546
330.135 69.278
330.312 69.799
330.489 70.544
330.666 71.423
330.842 72.007
331.019 72.088
331.196 71.676
331.372 71.255
331.549 70.511
331.726 70.004
331.903 69.799
332.079 70.452
332.256 70.289
332.433 69.125
332.610 69.437
332.786 69.488
332.963 69.503
333.140 69.211
333.316 68.708
333.493 68.821
333.670 68.824
333.847 68.618
334.023 68.370
334.200 67.790
334.377 67.480
334.553 67.111
334.730 66.783
334.907 65.651
335.084 64.713
335.260 64.347
335.437 63.641
335.614 63.433
335.791 62.175
335.967 62.091
336.144 63.519
336.321 64.112
336.497 63.968
336.674 62.994
336.851 62.968
337.028 63.270
337.204 63.745
337.381 63.760
337.558 63.338
337.734 63.052
337.911 62.747
338.088 62.872
338.265 62.850
338.441 62.383
338.618 63.092
338.795 64.692
338.972 65.268
339.148 64.943
339.325 64.617
339.502 64.665
339.678 64.317
339.855 62.855
340.032 61.915
340.209 61.796
340.385 61.895
340.562 61.480
340.739 61.172
340.916 61.380
341.092 61.198
341.269 61.022
341.446 61.075
341.622 60.154
341.799 58.810
341.976 58.187
342.153 58.078
342.329 57.776
342.506 56.819
342.683 57.102
342.859 57.978
343.036 57.897
343.213 57.808
343.390 57.559
343.566 57.423
343.743 57.067
343.920 56.726
344.097 56.529
344.273 56.548
344.450 56.438
344.627 55.790
344.803 55.506
344.980 55.861
345.157 55.688
345.334 56.524
345.510 57.024
345.687 57.120
345.864 57.592
346.040 57.831
346.217 57.074
346.394 55.682
346.571 54.928
346.747 55.345
346.924 55.685
347.101 56.166
347.278 56.601
347.454 56.475
347.631 56.699
347.808 56.942
347.984 56.693
348.161 56.198
348.338 55.949
348.515 56.110
348.691 55.511
348.868 55.088
349.045 54.442
349.221 53.772
349.398 53.729
349.575 53.429
349.752 52.436
349.928 52.493
350.105 52.839
350.282 52.565
350.459 52.129
350.635 51.574
350.812 50.853
350.989 50.252
351.165 50.145
351.342 49.888
351.519 49.664
351.696 49.724
351.872 49.606
352.049 49.219
352.226 48.844
352.402 48.793
352.579 49.208
352.756 49.793
352.933 50.124
353.109 49.724
353.286 49.960
353.463 50.745
353.640 50.626
353.816 50.266
353.993 49.822
354.170 49.790
354.346 49.814
354.523 49.458
354.700 49.428
354.877 49.405
355.053 49.338
355.230 49.417
355.407 49.844
355.584 50.425
355.760 50.075
355.937 49.437
356.114 48.906
356.290 48.369
356.467 48.009
356.644 47.798
356.821 47.724
356.997 47.398
357.174 47.167
357.351 47.174
357.527 47.237
357.704 47.462
357.881 47.118
358.058 46.872
358.234 47.009
358.411 46.925
358.588 47.381
358.765 47.220
358.941 46.686
359.118 46.196
359.295 45.592
359.471 46.070
359.648 46.264
359.825 46.641
360.002 46.615
360.178 46.728
360.355 47.217
360.532 47.136
360.708 46.377
360.885 46.186
361.062 46.262
361.239 46.240
361.415 46.669
361.592 46.845
361.769 46.286
361.946 45.890
362.122 45.893
362.299 45.294
362.476 45.342
362.652 45.373
362.829 44.765
363.006 44.098
363.183 43.958
363.359 44.105
363.536 43.852
363.713 43.460
363.889 42.681
364.066 41.709
364.243 41.397
364.420 41.697
364.596 41.530
364.773 41.148
364.950 41.132
365.127 40.458
365.303 40.191
365.480 40.485
365.660 40.587
365.839 40.471
366.019 40.386
366.199 40.561
366.379 40.549
366.558 40.726
366.738 41.218
366.918 41.059
367.098 41.026
367.277 40.984
367.457 41.158
367.637 40.875
367.816 41.047
367.996 41.356
368.176 41.159
368.356 40.959
368.535 40.693
368.715 40.257
368.895 40.174
369.075 39.708
369.254 39.575
369.434 39.519
369.614 39.063
369.793 38.930
369.973 38.546
370.153 38.444
370.333 38.589
370.512 38.400
370.692 38.432
370.872 38.547
371.051 38.375
371.231 38.045
371.411 38.178
371.591 37.772
371.770 37.045
371.950 36.720
372.130 36.760
372.310 37.267
372.489 37.503
372.669 37.358
372.849 37.681
373.028 37.759
373.208 37.548
373.388 37.427
373.568 37.123
373.747 36.760
373.927 36.362
374.107 35.576
374.287 35.510
374.466 35.677
374.646 35.580
374.826 35.486
375.005 35.506
375.185 35.483
375.365 35.473
375.545 35.876
375.724 36.251
375.904 35.779
376.084 35.195
376.263 34.811
376.443 34.758
376.623 34.411
376.803 34.099
376.982 34.086
377.162 34.011
377.342 34.038
377.522 34.136
377.701 34.373
377.881 34.705
378.061 34.617
378.240 34.195
378.420 34.028
378.600 33.935
378.780 33.886
378.959 33.726
379.139 33.754
379.319 33.747
379.499 33.547
379.678 33.791
379.858 34.047
380.038 34.034
380.217 33.930
380.397 33.766
380.577 33.526
380.757 33.146
380.936 33.247
381.116 33.435
381.296 33.349
381.476 33.322
381.655 33.333
381.835 33.046
382.015 33.040
382.194 33.035
382.374 33.037
382.554 33.090
382.734 33.100
382.913 32.964
383.093 32.583
383.273 32.343
383.452 32.330
383.632 32.213
383.812 32.187
383.992 32.153
384.171 32.304
384.351 32.328
384.531 32.248
384.711 31.935
384.890 31.519
385.070 31.373
385.250 31.129
385.429 31.170
385.609 31.459
385.789 31.153
385.969 30.648
386.148 30.515
386.328 30.391
386.508 30.312
386.688 30.470
386.867 30.558
387.047 30.515
387.227 30.184
387.406 29.858
387.586 29.702
387.766 29.569
387.946 29.454
388.125 29.378
388.305 29.610
388.485 29.598
388.664 29.586
388.844 29.723
389.024 29.761
389.204 29.463
389.383 29.228
389.563 29.283
389.743 29.500
389.923 29.487
390.102 29.300
390.282 29.007
390.462 28.749
390.641 28.563
390.821 28.481
391.001 28.592
391.181 28.799
391.360 28.912
391.540 29.146
391.720 29.205
391.900 29.123
392.079 28.844
392.259 28.817
392.439 28.770
392.618 28.572
392.798 28.409
392.978 28.270
393.158 28.164
393.337 28.022
393.517 27.763
393.697 27.586
393.877 27.558
394.056 27.581
394.236 27.688
394.416 27.774
394.595 27.800
394.775 27.590
394.955 27.284
395.135 27.080
395.314 26.911
395.494 26.659
395.674 26.454
395.853 26.374
396.033 26.268
396.213 26.268
396.393 26.127
396.572 26.072
396.752 26.152
396.932 26.111
397.112 26.338
397.291 26.590
397.471 26.540
397.651 26.397
397.830 26.262
398.010 26.253
398.190 26.291
398.370 26.149
398.549 26.217
398.729 26.199
398.909 26.185
399.089 25.988
399.268 26.033
399.448 26.323
399.628 26.373
399.807 26.419
399.987 26.222
400.167 26.145
400.347 26.044
400.526 26.011
400.706 26.085
400.886 25.811
401.065 25.431
401.245 25.371
401.425 25.273
401.605 25.182
401.784 24.933
401.964 24.763
402.144 24.966
402.324 25.115
402.503 25.232
402.683 25.124
402.863 25.096
403.042 24.841
403.222 24.558
403.402 24.536
403.582 24.393
403.761 24.301
403.941 24.324
404.121 24.213
404.301 23.967
404.480 23.814
404.660 23.828
404.844 23.952
405.029 24.113
405.213 24.258
405.398 24.584
405.582 24.702
405.767 24.648
405.951 24.428
406.136 24.181
406.320 23.941
406.505 23.918
406.689 23.973
406.874 24.038
407.058 23.918
407.243 23.794
407.427 23.880
407.612 23.938
407.796 23.869
407.981 23.879
408.165 23.959
408.350 23.921
408.534 23.816
408.719 23.825
408.903 23.574
409.088 23.471
409.272 23.373
409.457 23.290
409.641 23.244
409.826 23.217
410.010 23.158
410.195 23.194
410.379 23.117
410.564 22.904
410.748 22.787
410.933 22.772
411.117 22.861
411.302 22.841
411.486 22.853
411.671 22.797
411.855 22.853
412.040 22.917
412.224 22.971
412.409 22.945
412.593 22.760
412.778 22.811
412.962 22.718
413.147 22.560
413.331 22.474
413.516 22.370
413.700 22.377
413.885 22.974
414.069 23.944
414.254 23.934
414.438 24.032
414.623 24.199
414.807 24.236
414.992 24.088
415.176 23.978
415.361 23.896
415.545 23.856
415.730 23.907
415.914 23.855
416.099 23.745
416.283 23.756
416.468 23.911
416.652 23.907
416.837 24.038
417.021 24.144
417.206 24.133
417.390 24.157
417.575 24.157
417.759 23.583
417.944 22.500
418.128 22.503
418.313 22.348
418.497 22.087
418.682 21.954
418.866 21.946
419.051 21.973
419.235 21.905
419.420 21.926
419.604 21.766
419.789 21.696
419.973 21.731
420.158 21.738
420.342 21.545
420.527 21.498
420.711 21.308
420.896 21.176
421.080 21.134
421.265 21.030
421.449 20.939
421.634 20.881
421.818 20.922
422.003 20.808
422.187 20.776
422.372 20.990
422.556 21.064
422.741 21.104
422.925 21.165
423.110 21.379
423.294 21.401
423.479 21.372
423.663 21.245
423.848 21.071
424.032 21.005
424.217 21.012
424.401 20.937
424.586 20.982
424.770 21.004
424.955 21.061
425.139 21.097
425.324 20.992
425.508 20.776
425.693 20.613
425.877 20.663
426.062 20.752
426.246 20.568
426.431 20.424
426.615 20.312
426.800 20.188
426.984 19.977
427.169 19.895
427.353 19.913
427.538 19.920
427.722 19.927
427.907 19.965
428.091 20.020
428.276 19.977
428.460 19.916
428.645 19.953
428.829 19.982
429.014 19.878
429.198 19.966
429.383 20.170
429.567 20.248
429.752 20.161
429.936 20.046
430.121 20.048
430.305 20.192
430.490 20.239
430.674 20.238
430.859 20.199
431.043 20.184
431.228 20.111
431.412 20.140
431.597 20.209
431.781 20.162
431.966 20.071
432.150 20.114
432.335 20.178
432.519 20.024
432.704 19.785
432.888 19.723
433.073 19.603
433.257 19.458
433.442 19.312
433.626 19.278
433.811 19.265
433.995 19.210
434.180 19.068
434.364 18.913
434.549 18.794
434.733 18.770
434.918 18.652
435.102 18.590
435.287 18.453
435.471 18.301
435.656 18.255
435.840 18.268
436.030 18.208
436.220 18.087
436.410 18.162
436.600 18.358
436.790 18.539
436.980 18.642
437.170 18.692
437.360 18.752
437.550 18.749
437.741 18.749
437.931 18.742
438.121 18.787
438.311 18.853
438.501 18.886
438.691 18.944
438.881 18.988
439.071 18.999
439.261 19.012
439.451 19.061
439.641 18.991
439.831 18.950
440.021 19.033
440.211 19.131
440.401 19.034
440.591 18.795
440.781 18.674
440.971 18.628
441.161 18.662
441.351 18.711
441.542 18.742
441.732 18.806
441.922 18.703
442.112 18.591
442.302 18.585
442.492 18.569
442.682 18.517
442.872 18.647
443.062 18.639
443.252 18.653
443.442 18.609
443.632 18.599
443.822 18.634
444.012 18.552
444.202 18.389
444.392 18.313
444.582 18.600
444.772 19.028
444.962 19.022
445.153 18.976
445.343 18.885
445.533 18.770
445.723 18.671
445.913 18.774
446.103 18.836
446.293 18.860
446.483 18.890
446.673 18.884
446.863 18.745
447.053 18.668
447.243 18.629
447.433 18.610
447.623 18.608
447.813 18.534
448.003 18.470
448.193 18.505
448.383 18.521
448.573 18.339
448.764 17.898
448.954 17.864
449.144 17.782
449.334 17.743
449.524 17.833
449.714 17.916
449.904 17.847
450.094 17.837
450.284 17.844
450.474 17.817
450.664 17.732
450.854 17.692
451.044 17.733
451.234 17.697
451.424 17.641
451.614 17.599
451.804 17.539
451.994 17.531
452.184 17.498
452.375 17.524
452.565 18.187
452.755 19.428
452.945 19.384
453.135 19.391
453.325 19.401
453.515 19.429
453.705 19.409
453.895 19.374
454.085 19.257
454.275 19.086
454.465 18.968
454.655 18.951
454.845 18.964
455.035 18.927
455.225 18.930
455.415 18.953
455.605 18.961
455.795 18.995
455.985 19.036
456.176 19.063
456.366 19.072
456.556 18.401
456.746 17.185
456.936 17.193
457.126 17.205
457.316 17.251
457.506 17.189
457.696 17.094
457.886 17.082
458.076 17.034
458.266 17.034
458.456 17.072
458.646 17.126
458.836 17.159
459.026 17.264
459.216 17.314
459.406 17.339
459.596 17.278
459.787 17.202
459.977 17.100
460.167 17.043
460.357 16.944
460.547 16.831
460.737 16.755
460.927 16.746
461.117 16.710
461.307 16.606
461.497 16.482
461.687 16.450
461.877 16.448
462.067 16.472
462.257 16.493
462.447 16.467
462.637 16.483
462.827 16.480
463.017 16.379
463.207 16.330
463.397 16.270
463.588 16.269
463.778 16.313
463.968 16.354
464.158 16.319
464.348 16.301
464.538 16.336
464.728 16.366
464.918 16.405
465.108 16.445
465.298 16.456
465.488 16.504
465.678 16.436
465.868 16.344
466.058 16.323
466.248 16.274
466.438 16.268
466.628 16.183
466.818 16.057
467.008 16.013
467.199 15.968
467.389 15.990
467.579 16.016
467.769 15.968
467.959 15.974
468.149 15.998
468.339 16.014
468.529 15.982
468.719 15.913
468.909 15.813
469.099 15.722
469.289 15.624
469.479 15.545
469.669 15.575
469.859 15.592
470.049 15.603
470.239 15.589
470.429 15.586
470.619 15.575
470.810 15.562
471.000 15.526
471.190 15.489
471.380 15.402
471.570 15.314
471.760 15.245
471.950 15.157
472.140 15.094
472.330 15.069
472.520 15.033
472.710 14.993
472.900 14.959
473.090 14.950
473.280 15.010
473.470 14.992
473.660 14.943
473.850 14.960
474.040 14.966
474.230 14.945
474.421 14.895
474.611 14.847
474.801 14.857
474.991 14.841
475.181 14.824
475.371 14.820
475.561 14.844
475.751 14.891
475.941 14.868
476.131 14.836
476.321 14.764
476.511 14.742
476.701 14.760
476.891 14.720
477.081 14.663
477.271 14.630
477.461 14.669
477.651 14.645
477.841 14.587
478.031 14.571
478.222 14.573
478.412 14.571
478.602 14.540
478.792 14.444
478.982 14.392
479.172 14.365
479.362 14.303
479.552 14.263
479.742 14.190
479.932 14.167
480.122 14.111
480.312 14.075
480.502 14.064
480.692 13.992
480.882 13.952
481.072 13.910
481.262 13.878
481.452 13.800
481.642 13.748
481.833 13.735
482.023 13.712
482.213 13.671
482.403 13.589
482.593 13.557
482.783 13.555
482.973 13.572
483.163 13.553
483.353 13.527
483.543 13.453
483.733 13.441
483.923 13.421
484.113 13.419
484.303 13.402
484.493 13.331
484.683 13.311
484.873 13.301
485.063 13.315
485.253 13.267
485.443 13.209
485.634 13.167
485.824 13.125
486.014 13.043
486.204 13.036
486.394 13.052
486.584 13.043
486.774 12.999
486.964 12.956
487.154 12.954
487.344 12.965
487.534 12.915
487.724 12.865
487.914 12.821
488.104 12.813
488.294 12.807
488.484 12.808
488.674 12.808
488.864 12.772
489.054 12.705
489.245 12.660
489.435 12.681
489.625 12.724
489.815 12.717
490.005 12.699
490.195 12.670
490.385 12.642
490.575 12.616
490.765 12.629
490.955 12.659
491.145 12.654
491.335 12.616
491.525 12.573
491.715 12.526
491.905 12.521
492.095 12.500
492.285 12.521
492.475 12.532
492.665 12.483
492.856 12.438
493.046 12.467
493.236 12.465
493.426 12.416
493.616 12.391
493.806 12.381
493.996 12.406
494.186 12.372
494.376 12.313
494.566 12.288
494.756 12.296
494.946 12.278
495.136 12.249
495.326 12.233
495.516 12.300
495.706 12.352
495.896 12.365
496.086 12.365
496.276 12.315
496.467 12.238
496.657 12.231
496.847 12.230
497.037 12.146
497.227 12.109
497.417 12.091
497.607 12.047
497.797 12.020
497.987 11.944
498.177 11.910
498.367 11.885
498.557 11.857
498.747 11.829
498.937 11.734
499.127 11.637
499.317 11.608
499.507 11.565
499.697 11.504
499.887 11.417
500.077 11.350
500.268 11.345
500.458 11.369
500.648 11.372
500.838 11.389
501.028 11.442
501.218 11.411
501.408 11.387
501.598 11.349
501.788 11.302
501.978 11.311
502.168 11.317
502.358 11.354
502.548 11.392
502.738 11.379
502.928 11.427
503.118 11.493
503.308 11.491
503.498 11.468
503.688 11.485
503.879 11.528
504.069 11.519
504.259 11.469
504.449 11.423
504.639 11.371
504.829 11.347
505.019 11.308
505.209 11.319
505.399 11.319
505.589 11.308
505.779 11.328
505.969 11.331
506.159 11.307
506.349 11.218
506.539 11.158
506.729 11.121
506.919 11.087
507.109 11.054
507.299 11.064
507.490 11.065
507.680 10.985
507.870 10.937
508.060 10.919
508.250 10.875
508.440 10.808
508.630 10.757
508.820 10.741
509.010 10.677
509.200 10.613
509.390 10.594
509.580 10.585
509.770 10.533
509.960 10.468
510.150 10.431
510.340 10.451
510.530 10.427
510.720 10.422
510.910 10.400
511.100 10.331
511.291 10.245
511.481 10.200
511.671 10.193
511.861 10.160
512.051 10.181
512.241 10.223
512.431 10.219
512.621 10.231
512.811 10.222
513.001 10.264
513.191 10.254
513.381 10.238
513.571 10.254
513.761 10.265
513.951 10.236
514.141 10.196
514.331 10.163
514.521 10.142
514.711 10.097
514.902 10.048
515.092 10.082
515.282 10.105
515.472 10.053
515.662 10.033
515.852 10.010
516.042 9.940
516.232 9.909
516.422 9.951
516.612 9.948
516.802 9.918
516.992 9.853
517.182 9.865
517.372 9.845
517.562 9.802
517.752 9.784
517.942 9.809
518.132 9.806
518.322 9.783
518.513 9.753
518.703 9.730
518.893 9.733
519.083 9.716
519.273 9.663
519.463 9.687
519.653 9.691
519.843 9.690
520.033 9.682
520.223 9.617
520.413 9.537
520.603 9.519
520.793 9.519
520.983 9.552
521.173 9.564
521.363 9.576
521.553 9.568
521.743 9.536
521.933 9.511
522.123 9.519
522.314 9.543
522.504 9.567
522.694 9.599
522.884 9.591
523.074 9.551
523.264 9.547
523.454 9.519
523.644 9.491
523.834 9.459
524.024 9.438
524.214 9.423
524.404 9.406
524.594 9.353
524.784 9.325
524.974 9.264
525.164 9.235
525.354 9.214
525.544 9.194
525.734 9.184
525.925 9.172
526.115 9.160
526.305 9.118
526.495 9.074
526.685 9.014
526.875 8.967
527.065 8.942
527.255 8.916
527.445 8.865
527.635 8.830
527.825 8.823
528.015 8.829
528.205 8.884
528.395 8.960
528.585 8.996
528.775 8.974
528.965 8.998
529.155 8.990
529.345 8.942
529.535 8.914
529.726 8.876
529.916 8.853
530.106 8.838
530.296 8.828
530.486 8.819
530.676 8.842
530.866 8.858
531.056 8.863
531.246 8.888
531.436 8.906
531.626 8.917
531.816 8.920
532.006 8.935
532.196 8.924
532.386 8.871
532.576 8.829
532.766 8.796
532.956 8.781
533.146 8.757
533.337 8.770
533.527 8.782
533.717 8.825
533.907 8.793
534.097 8.762
534.287 8.796
534.477 8.809
534.667 8.794
534.857 8.792
535.047 8.778
535.237 8.780
535.427 8.803
535.617 8.799
535.807 8.793
535.997 8.760
536.187 8.726
536.377 8.715
536.567 8.723
536.757 8.752
536.948 8.739
537.138 8.713
537.328 8.687
537.518 8.658
537.708 8.636
537.898 8.654
538.088 8.677
538.278 8.656
538.468 8.630
538.658 8.603
538.848 8.615
539.038 8.651
539.228 8.638
539.418 8.612
539.608 8.632
539.798 8.629
539.988 8.649
540.178 8.671
540.368 8.663
540.558 8.698
540.749 8.711
540.939 8.733
541.129 8.803
541.319 8.880
541.509 8.931
541.699 8.967
541.889 9.001
542.079 9.017
542.269 9.032
542.459 9.041
542.649 9.020
542.839 8.984
543.029 8.971
543.219 9.001
543.409 9.030
543.599 9.056
543.789 9.095
543.979 9.096
544.169 9.075
544.360 9.102
544.550 9.107
544.740 9.134
544.930 9.121
545.120 9.078
545.310 9.042
545.500 9.037
545.690 9.023
545.880 9.023
546.070 9.044
546.267 9.042
546.463 9.062
546.660 9.123
546.857 9.163
547.054 9.177
547.251 9.159
547.447 9.141
547.644 9.120
547.841 9.121
548.038 9.140
548.234 9.193
548.431 9.234
548.628 9.267
548.825 9.265
549.021 9.270
549.218 9.289
549.415 9.300
549.612 9.348
549.808 9.386
550.005 9.434
550.202 9.431
550.399 9.447
550.595 9.514
550.792 9.568
550.989 9.611
551.186 9.623
551.382 9.657
551.579 9.729
551.776 9.769
551.973 9.785
552.169 9.792
552.366 9.764
552.563 9.759
552.760 9.739
552.956 9.754
553.153 9.789
553.350 9.817
553.547 9.835
553.743 9.820
553.940 9.847
554.137 9.846
554.334 9.855
554.530 9.883
554.727 9.843
554.924 9.810
555.121 9.807
555.317 9.836
555.514 9.846
555.711 9.828
555.908 9.836
556.104 9.873
556.301 9.909
556.498 9.956
556.695 9.970
556.891 9.982
557.088 9.999
557.285 10.046
557.482 10.117
557.678 10.154
557.875 10.173
558.072 10.152
558.269 10.144
558.465 10.196
558.662 10.218
558.859 10.239
559.056 10.271
559.252 10.273
559.449 10.268
559.646 10.292
559.843 10.311
560.039 10.331
560.236 10.308
560.433 10.291
560.630 10.287
560.826 10.279
561.023 10.267
561.220 10.262
561.417 10.232
561.613 10.146
561.810 10.096
562.007 10.069
562.204 10.072
562.400 10.093
562.597 10.044
562.794 10.040
562.991 10.059
563.187 10.053
563.384 10.052
563.581 10.050
563.778 10.078
563.974 10.107
564.171 10.083
564.368 10.086
564.565 10.115
564.761 10.125
564.958 10.131
565.155 10.147
565.352 10.148
565.548 10.136
565.745 10.155
565.942 10.155
566.139 10.165
566.335 10.152
566.532 10.118
566.729 10.100
566.926 10.091
567.122 10.085
567.319 10.030
567.516 10.001
567.713 10.003
567.909 9.952
568.106 9.878
568.303 9.846
568.500 9.810
568.696 9.752
568.893 9.674
569.090 9.617
569.287 9.551
569.483 9.523
569.680 9.526
569.877 9.540
570.074 9.550
570.270 9.524
570.467 9.497
570.664 9.487
570.861 9.483
571.057 9.419
571.254 9.374
571.451 9.390
571.648 9.368
571.844 9.319
572.041 9.286
572.238 9.275
572.435 9.252
572.631 9.225
572.828 9.194
573.025 9.202
573.222 9.184
573.418 9.160
573.615 9.101
573.812 9.032
574.009 8.980
574.205 8.936
574.402 8.907
574.599 8.886
574.796 8.823
574.992 8.759
575.189 8.707
575.386 8.631
575.583 8.581
575.779 8.562
575.976 8.508
576.173 8.442
576.370 8.406
576.567 8.388
576.763 8.349
576.960 8.311
577.160 8.269
577.359 8.221
577.559 8.193
577.759 8.181
577.958 8.153
578.158 8.067
578.357 8.024
578.557 7.989
578.757 7.951
578.956 7.930
579.156 7.910
579.356 7.893
579.555 7.873
579.755 7.830
579.954 7.786
580.154 7.770
580.354 7.738
580.553 7.678
580.753 7.616
580.953 7.585
581.152 7.552
581.352 7.533
581.552 7.534
581.751 7.526
581.951 7.488
582.150 7.442
582.350 7.433
582.550 7.433
582.749 7.410
582.949 7.392
583.149 7.385
583.348 7.355
583.548 7.343
583.748 7.368
583.947 7.335
584.147 7.287
584.346 7.250
584.546 7.253
584.746 7.231
584.945 7.185
585.145 7.149
585.345 7.124
585.544 7.089
585.744 7.054
585.943 7.009
586.143 6.973
586.343 6.951
586.542 6.964
586.742 6.936
586.942 6.903
587.141 6.868
587.341 6.828
587.541 6.821
587.740 6.768
587.940 6.701
588.139 6.713
588.339 6.726
588.539 6.734
588.738 6.741
588.938 6.765
589.138 6.796
589.337 6.784
589.537 6.780
589.736 6.779
589.936 6.766
590.136 6.744
590.335 6.751
590.535 6.748
590.735 6.691
590.934 6.657
591.134 6.642
591.334 6.637
591.533 6.603
591.733 6.565
591.932 6.578
592.132 6.586
592.332 6.555
592.531 6.541
592.731 6.511
592.931 6.469
593.130 6.440
593.330 6.415
593.530 6.424
593.729 6.409
593.929 6.395
594.128 6.398
594.328 6.428
594.528 6.433
594.727 6.456
594.927 6.526
595.127 6.603
595.326 6.604
595.526 6.596
595.725 6.604
595.925 6.635
596.125 6.624
596.324 6.606
596.524 6.616
596.724 6.627
596.923 6.642
597.123 6.648
597.323 6.664
597.522 6.663
597.722 6.666
597.921 6.695
598.121 6.710
598.321 6.700
598.520 6.691
598.720 6.697
598.920 6.662
599.119 6.611
599.319 6.562
599.519 6.579
599.718 6.592
599.918 6.603
600.117 6.579
600.317 6.589
600.517 6.600
600.716 6.594
600.916 6.570
601.116 6.551
601.315 6.550
601.515 6.540
601.714 6.540
601.914 6.527
602.114 6.501
602.313 6.477
602.513 6.496
602.713 6.507
602.912 6.494
603.112 6.501
603.312 6.487
603.511 6.480
603.711 6.495
603.910 6.485
604.110 6.481
604.310 6.505
604.509 6.542
604.709 6.571
604.909 6.584
605.108 6.633
605.308 6.649
605.507 6.667
605.707 6.685
605.907 6.693
606.106 6.703
606.306 6.704
606.506 6.706
606.705 6.714
606.905 6.724
607.105 6.729
607.304 6.730
607.504 6.760
607.703 6.765
607.903 6.741
608.103 6.729
608.302 6.749
608.502 6.766
608.702 6.743
608.901 6.718
609.101 6.709
609.301 6.671
609.500 6.686
609.700 6.676
609.899 6.667
610.099 6.680
610.299 6.702
610.498 6.723
610.698 6.730
610.898 6.719
611.097 6.711
611.297 6.734
611.496 6.762
611.696 6.776
611.896 6.767
612.095 6.769
612.295 6.784
612.495 6.786
612.694 6.793
612.894 6.814
613.094 6.826
613.293 6.839
613.493 6.849
613.692 6.836
613.892 6.821
614.092 6.825
614.291 6.814
614.491 6.797
614.691 6.800
614.890 6.820
615.090 6.840
615.289 6.857
615.489 6.835
615.689 6.817
615.888 6.795
616.088 6.803
616.288 6.824
616.487 6.827
616.687 6.804
616.887 6.777
617.086 6.745
617.286 6.740
617.485 6.743
617.685 6.730
617.885 6.740
618.084 6.763
618.284 6.753
618.484 6.767
618.683 6.818
618.883 6.833
619.082 6.833
619.282 6.838
619.482 6.829
619.681 6.844
619.881 6.862
620.081 6.863
620.280 6.824
620.480 6.789
620.680 6.793
620.879 6.817
621.079 6.844
621.278 6.876
621.478 6.879
621.678 6.853
621.877 6.856
622.077 6.847
622.277 6.872
622.476 6.904
622.676 6.883
622.876 6.834
623.075 6.840
623.275 6.859
623.474 6.846
623.674 6.850
623.874 6.878
624.073 6.876
624.273 6.884
624.473 6.891
624.672 6.889
624.872 6.902
625.071 6.895
625.271 6.873
625.471 6.864
625.670 6.866
625.870 6.906
626.070 6.912
626.269 6.893
626.469 6.869
626.669 6.829
626.868 6.814
627.068 6.798
627.267 6.766
627.467 6.738
627.667 6.720
627.866 6.692
628.066 6.648
628.266 6.620
628.465 6.620
628.665 6.656
628.865 6.673
629.064 6.655
629.264 6.650
629.463 6.661
629.663 6.658
629.863 6.657
630.062 6.623
630.262 6.597
630.462 6.598
630.661 6.571
630.861 6.723
631.060 7.010
631.260 7.036
631.460 7.046
631.659 7.043
631.859 7.042
632.059 7.059
632.258 7.077
632.458 7.091
632.658 7.071
632.857 7.051
633.057 7.044
633.256 7.033
633.456 7.030
633.656 7.004
633.855 6.972
634.055 6.949
634.255 6.954
634.454 6.962
634.654 6.968
634.853 6.985
635.053 6.853
635.253 6.593
635.452 6.592
635.652 6.574
635.852 6.547
636.051 6.536
636.251 6.528
636.451 6.535
636.650 6.532
636.850 6.564
637.049 6.553
637.249 6.541
637.449 6.528
637.648 6.504
637.848 6.492
638.048 6.511
638.247 6.528
638.447 6.516
638.647 6.522
638.846 6.530
639.046 6.491
639.245 6.462
639.445 6.453
639.645 6.423
639.844 6.394
640.044 6.390
640.244 6.413
640.443 6.448
640.643 6.433
640.842 6.408
641.042 6.392
641.242 6.441
641.441 6.464
641.641 6.487
641.841 6.463
642.040 6.447
642.240 6.440
642.440 6.431
642.639 6.454
642.839 6.470
643.038 6.471
643.238 6.516
643.438 6.540
643.637 6.554
643.837 6.558
644.037 6.594
644.236 6.649
644.436 6.659
644.635 6.612
644.835 6.589
645.035 6.607
645.234 6.592
645.434 6.551
645.634 6.516
645.833 6.516
646.033 6.582
646.233 6.622
646.432 6.640
646.632 6.663
646.831 6.649
647.031 6.648
647.231 6.667
647.430 6.658
647.630 6.653
647.830 6.637
648.029 6.647
648.229 6.605
648.429 6.533
648.628 6.497
648.828 6.513
649.027 6.506
649.227 6.491
649.427 6.504
649.626 6.522
649.826 6.552
650.026 6.531
650.225 6.487
650.425 6.487
650.624 6.490
650.824 6.478
651.024 6.480
651.223 6.463
651.423 6.438
651.623 6.466
651.822 6.495
652.022 6.510
652.222 6.516
652.421 6.545
652.621 6.597
652.820 6.639
653.020 6.644
653.220 6.644
653.419 6.664
653.619 6.658
653.819 6.647
654.018 6.652
654.218 6.673
654.418 6.716
654.617 6.720
654.817 6.716
655.016 6.724
655.216 6.746
655.416 6.765
655.615 6.768
655.815 6.739
656.015 6.739
656.214 6.791
656.414 6.831
656.613 6.843
656.813 6.868
657.013 6.899
657.212 6.890
657.412 6.933
657.612 6.967
657.811 6.984
658.011 6.983
658.211 6.996
658.410 7.022
658.610 7.018
658.809 7.045
659.009 7.055
659.209 7.061
659.408 7.061
659.608 7.081
659.808 7.096
660.007 7.119
660.207 7.141
660.406 7.114
660.606 7.076
660.806 7.105
661.005 7.126
661.205 7.087
661.405 7.113
661.604 7.139
661.804 7.150
662.004 7.161
662.203 7.187
662.403 7.192
662.602 7.211
662.802 7.261
663.002 7.276
663.201 7.302
663.401 7.320
663.601 7.346
663.800 7.356
664.000 7.379
664.199 7.418
664.399 7.427
664.599 7.414
664.798 7.428
664.998 7.467
665.198 7.458
665.397 7.473
665.597 7.517
665.797 7.533
665.996 7.538
666.196 7.544
666.395 7.544
666.595 7.554
666.795 7.575
666.994 7.591
667.194 7.595
667.394 7.596
667.593 7.613
667.793 7.645
667.993 7.693
668.192 7.726
668.392 7.727
668.591 7.711
668.791 7.744
668.991 7.832
669.190 7.831
669.390 7.850
669.590 7.908
669.789 7.913
669.989 7.926
670.188 7.934
670.388 7.962
670.588 8.006
670.787 8.050
670.987 8.068
671.187 8.080
671.386 8.158
671.586 8.224
671.786 8.272
671.985 8.272
672.185 8.248
672.384 8.270
672.584 8.294
672.784 8.344
672.983 8.378
673.183 8.355
673.383 8.382
673.582 8.403
673.782 8.430
673.981 8.463
674.181 8.454
674.381 8.476
674.580 8.513
674.780 8.527
674.980 8.536
675.179 8.557
675.379 8.591
675.579 8.567
675.778 8.563
675.978 8.569
676.177 8.612
676.377 8.672
676.577 8.730
676.776 8.776
676.976 8.798
677.176 8.856
677.375 8.932
677.575 8.991
677.775 9.072
677.974 9.111
678.174 9.174
678.373 9.266
678.573 9.338
678.773 9.395
678.972 9.482
679.172 9.572
679.372 9.661
679.571 9.734
679.771 9.819
679.970 9.889
680.170 9.940
680.370 9.972
680.569 10.030
680.769 10.079
680.969 10.129
681.168 10.224
681.368 10.294
681.568 10.348
681.767 10.387
681.967 10.411
682.166 10.476
682.366 10.534
682.566 10.599
682.765 10.678
682.965 10.766
683.165 10.836
683.364 10.893
683.564 10.926
683.764 10.946
683.963 10.967
684.163 10.997
684.362 11.078
684.562 11.191
684.762 11.260
684.961 11.328
685.161 11.422
685.361 11.466
685.560 11.482
685.760 11.505
685.959 11.563
686.159 11.637
686.359 11.677
686.558 11.702
686.758 11.741
686.958 11.787
687.157 11.831
687.357 11.890
687.557 11.984
687.756 12.056
687.956 12.144
688.155 12.243
688.355 12.364
688.555 12.445
688.754 12.507
688.954 12.603
689.154 12.677
689.353 12.763
689.553 12.865
689.752 12.966
689.952 13.063
690.152 13.141
690.351 13.211
690.551 13.279
690.751 13.335
690.950 13.398
691.150 13.493
691.350 13.573
691.549 13.651
691.749 13.675
691.948 13.745
692.148 13.839
692.348 13.873
692.547 13.901
692.747 13.973
692.947 14.062
693.146 14.119
693.346 14.156
693.546 14.203
693.745 14.251
693.945 14.313
694.144 14.367
694.344 14.448
694.544 14.548
694.743 14.634
694.943 14.731
695.143 14.841
695.342 14.906
695.542 14.965
695.741 14.998
695.941 15.070
696.141 15.165
696.340 15.245
696.540 15.334
696.745 15.440
696.951 15.510
697.156 15.549
697.362 15.571
697.567 15.636
697.772 15.720
697.978 15.770
698.183 15.836
698.389 15.921
698.594 15.988
698.799 16.014
699.005 16.095
699.210 16.193
699.416 16.228
699.621 16.235
699.826 16.267
700.032 16.357
700.237 16.422
700.443 16.423
700.648 16.451
700.853 16.544
701.059 16.626
701.264 16.639
701.470 16.677
701.675 16.783
701.880 16.889
702.086 16.930
702.291 16.969
702.497 17.002
702.702 17.042
702.907 17.105
703.113 17.176
703.318 17.189
703.524 17.181
703.729 17.214
703.934 17.285
704.140 17.345
704.345 17.381
704.551 17.408
704.756 17.453
704.961 17.490
705.167 17.512
705.372 17.518
705.578 17.613
705.783 17.673
705.988 17.689
706.194 17.667
706.399 17.697
706.605 17.764
706.810 17.846
707.015 17.900
707.221 17.873
707.426 17.877
707.632 17.901
707.837 17.939
708.042 17.977
708.248 17.995
708.453 18.043
708.659 18.053
708.864 18.091
709.069 18.147
709.275 18.187
709.480 18.204
709.686 18.214
709.891 18.213
710.096 18.249
710.302 18.297
710.507 18.360
710.713 18.375
710.918 18.384
711.123 18.405
711.329 18.394
711.534 18.465
711.740 18.548
711.945 18.621
712.150 18.694
712.356 18.769
712.561 18.842
712.766 18.867
712.972 18.882
713.177 18.896
713.383 18.908
713.588 18.896
713.793 18.910
713.999 18.939
714.204 18.949
714.410 18.941
714.615 18.961
714.820 18.991
715.026 18.999
715.231 19.045
715.437 19.063
715.642 19.113
715.847 19.162
716.053 19.150
716.258 19.159
716.464 19.160
716.669 19.174
716.874 19.194
717.080 19.252
717.285 19.392
717.491 19.434
717.696 19.455
717.901 19.454
718.107 19.465
718.312 19.478
718.518 19.512
718.723 19.543
718.928 19.577
719.134 19.572
719.339 19.574
719.545 19.554
719.750 19.532
719.955 19.532
720.161 19.503
720.366 19.473
720.572 19.463
720.777 19.460
720.982 19.390
721.188 19.353
721.393 19.306
721.599 19.228
721.804 19.239
722.009 19.266
722.215 19.336
722.420 19.350
722.626 19.384
722.831 19.402
723.036 19.384
723.242 19.348
723.447 19.361
723.653 19.382
723.858 19.386
724.063 19.435
724.269 19.491
724.474 19.547
724.680 19.646
724.885 19.710
725.090 19.688
725.296 19.704
725.501 19.714
725.707 19.718
725.912 19.690
726.117 19.667
726.323 19.671
726.528 19.660
726.734 19.685
726.939 19.699
727.144 19.709
727.350 19.735
727.555 19.740
727.761 19.768
727.966 19.768
728.171 19.812
728.377 19.834
728.582 19.751
728.788 19.675
728.993 19.603
729.198 19.550
729.404 19.597
729.609 19.661
729.815 19.659
730.020 19.630
730.225 19.646
730.431 19.650
730.636 19.635
730.842 19.611
731.047 19.547
731.252 19.487
731.458 19.471
731.663 19.513
731.869 19.511
732.074 19.459
732.279 19.449
732.485 19.434
732.690 19.389
732.896 19.413
733.101 19.455
733.306 19.486
733.512 19.454
733.717 19.423
733.923 19.352
734.128 19.345
734.333 19.389
734.539 19.410
734.744 19.390
734.950 19.341
735.155 19.321
735.360 19.401
735.566 19.429
735.771 19.434
735.977 19.388
736.182 19.385
736.387 19.421
736.593 19.484
736.798 19.548
737.004 19.551
737.209 19.550
737.414 19.530
737.620 19.517
737.825 19.527
738.031 19.538
738.236 19.559
738.441 19.545
738.647 19.519
738.852 19.477
739.058 19.496
739.263 19.534
739.468 19.546
739.674 19.510
739.879 19.501
740.085 19.498
740.290 19.460
740.495 19.423
740.701 19.403
740.906 19.340
741.112 19.274
741.317 19.257
741.522 19.236
741.728 19.205
741.933 19.213
742.139 19.239
742.344 19.242
742.549 19.209
742.755 19.196
742.960 19.176
743.166 19.138
743.371 19.089
743.576 19.096
743.782 19.108
743.987 19.121
744.193 19.116
744.398 19.045
744.603 19.046
744.809 19.081
745.014 19.044
745.220 18.991
745.425 18.878
745.630 18.848
745.836 18.851
746.041 18.831
746.246 18.795
746.452 18.780
746.657 18.756
746.863 18.794
747.068 18.857
747.274 18.907
747.479 18.968
747.684 18.997
747.890 18.966
748.095 18.906
748.300 18.868
748.506 18.860
748.711 18.902
748.917 18.882
749.122 18.834
749.327 18.815
749.533 18.803
749.738 18.836
749.944 18.814
750.149 18.776
750.354 18.778
750.560 18.795
750.765 18.775
750.971 18.785
751.176 18.751
751.381 18.737
751.587 18.692
751.792 18.671
751.998 18.634
752.203 18.596
752.408 18.634
752.614 18.618
752.819 18.630
753.025 18.641
753.230 18.663
753.435 18.692
753.641 18.726
753.846 18.816
754.052 18.879
754.257 18.853
754.462 18.835
754.668 18.827
754.873 18.794
755.079 18.764
755.284 18.739
755.489 18.772
755.695 18.701
755.900 18.706
756.106 18.709
756.311 18.732
756.516 18.703
756.722 18.671
756.927 18.649
757.133 18.607
757.338 18.560
757.543 18.520
757.749 18.443
757.954 18.371
758.160 18.270
758.365 18.192
758.570 18.237
758.776 18.266
758.981 18.256
759.187 18.242
759.392 18.285
759.597 18.265
759.803 18.163
760.008 18.162
760.214 18.138
760.419 18.054
760.624 17.994
760.830 18.080
761.035 18.082
761.241 18.034
761.446 17.978
761.651 17.934
761.857 17.965
762.062 17.995
762.268 17.981
762.473 17.958
762.678 17.962
762.884 17.969
763.089 17.958
763.295 18.000
763.500 18.081
763.709 18.050
763.918 18.024
764.126 18.039
764.335 18.054
764.544 18.064
764.753 18.069
764.962 18.116
765.171 18.103
765.379 18.055
765.588 18.089
765.797 18.138
766.006 18.185
766.215 18.175
766.424 18.178
766.632 18.197
766.841 18.233
767.050 18.227
767.259 18.193
767.468 18.234
767.677 18.212
767.885 18.106
768.094 18.094
768.303 18.126
768.512 18.153
768.721 18.178
768.929 18.151
769.138 18.211
769.347 18.242
769.556 18.203
769.765 18.231
769.974 18.242
770.182 18.210
770.391 18.187
770.600 18.182
770.809 18.184
771.018 18.206
771.227 18.184
771.435 18.165
771.644 18.132
771.853 18.112
772.062 18.119
772.271 18.138
772.480 18.102
772.688 18.066
772.897 18.035
773.106 17.973
773.315 17.994
773.524 18.000
773.732 18.017
773.941 18.010
774.150 17.962
774.359 17.902
774.568 17.876
774.777 17.832
774.985 17.799
775.194 17.764
775.403 17.752
775.612 17.772
775.821 17.844
776.030 17.926
776.238 17.866
776.447 17.827
776.656 17.876
776.865 17.928
777.074 17.940
777.283 17.986
777.491 18.012
777.700 17.926
777.909 17.828
778.118 17.682
778.327 17.648
778.535 17.715
778.744 17.770
778.953 17.784
779.162 17.771
779.371 17.771
779.580 17.825
779.788 17.897
779.997 17.910
780.206 17.804
780.415 17.705
780.624 17.713
780.833 17.709
781.041 17.624
781.250 17.556
781.459 17.552
781.668 17.551
781.877 17.526
782.086 17.587
782.294 17.588
782.503 17.666
782.712 17.714
782.921 17.719
783.130 17.695
783.338 17.745
783.547 17.798
783.756 17.766
783.965 17.728
784.174 17.696
784.383 17.756
784.591 17.821
784.800 17.872
785.009 17.851
785.218 17.834
785.427 17.894
785.636 17.927
785.844 17.910
786.053 17.891
786.262 17.911
786.471 17.886
786.680 17.957
786.889 17.928
787.097 17.856
787.306 17.817
787.515 17.763
787.724 17.672
787.933 17.642
788.141 17.697
788.350 17.666
788.559 17.591
788.768 17.554
788.977 17.547
789.186 17.535
789.394 17.589
789.603 17.545
789.812 17.432
790.021 17.435
790.230 17.479
790.439 17.577
790.647 17.508
790.856 17.472
791.065 17.426
791.274 17.456
791.483 17.493
791.692 17.511
791.900 17.579
792.109 17.625
792.318 17.635
792.527 17.613
792.736 17.669
792.944 17.702
793.153 17.677
793.362 17.634
793.571 17.564
793.780 17.571
793.989 17.671
794.197 17.756
794.406 17.745
794.615 17.668
794.824 17.494
795.033 17.498
795.242 17.550
795.450 17.535
795.659 17.490
795.868 17.434
796.077 17.396
796.286 17.429
796.495 17.419
796.703 17.426
796.912 17.452
797.121 17.466
797.330 17.424
797.539 17.417
797.747 17.552
797.956 17.628
798.165 17.557
798.374 17.523
798.583 17.513
798.792 17.473
799.000 17.541
799.209 17.653
799.418 17.758
799.627 17.822
799.836 17.859
800.045 17.934
800.253 18.051
800.462 18.119
800.671 18.026
800.880 18.012
801.089 18.019
801.298 17.986
801.506 17.931
801.715 18.052
801.924 18.154
802.133 18.120
802.342 18.136
802.550 18.147
802.759 18.201
802.968 18.256
803.177 18.285
803.386 18.229
803.595 18.168
803.803 18.125
804.012 18.066
804.221 18.102
804.430 18.109
804.639 18.168
804.848 18.149
805.056 18.187
805.265 18.202
805.474 18.242
805.683 18.237
805.892 18.245
806.101 18.242
806.309 18.153
806.518 18.034
806.727 18.002
806.936 18.073
807.145 17.998
807.353 17.908
807.562 17.863
807.771 17.881
807.980 17.860
808.189 17.789
808.398 17.758
808.606 17.792
808.815 17.855
809.024 17.792
809.233 17.823
809.442 17.858
809.651 17.795
809.859 17.676
810.068 17.664
810.277 17.729
810.486 17.636
810.695 17.597
810.904 17.671
811.112 17.669
811.321 17.675
811.530 17.727
811.741 17.787
811.953 17.899
812.164 17.949
812.375 17.960
812.586 17.985
812.798 17.987
813.009 17.988
813.220 17.993
813.431 17.964
813.643 17.991
813.854 18.092
814.065 18.172
814.276 18.242
814.488 18.290
814.699 18.219
814.910 18.258
815.121 18.212
815.333 18.110
815.544 18.100
815.755 18.013
815.966 17.996
816.178 18.057
816.389 18.050
816.600 17.991
816.811 18.018
817.023 18.086
817.234 18.142
817.445 18.096
817.656 18.119
817.868 18.292
818.079 18.295
818.290 18.240
818.502 18.238
818.713 18.245
818.924 18.212
819.135 18.225
819.347 18.188
819.558 18.252
819.769 18.474
819.980 18.547
820.192 18.595
820.403 18.581
820.614 18.542
820.825 18.553
821.037 18.608
821.248 18.722
821.459 18.728
821.670 18.700
821.882 18.642
822.093 18.536
822.304 18.444
822.515 18.428
822.727 18.418
822.938 18.449
823.149 18.471
823.360 18.514
823.572 18.650
823.783 18.769
823.994 18.831
824.205 18.642
824.417 18.586
824.628 18.647
824.839 18.651
825.051 18.621
825.262 18.602
825.473 18.668
825.684 18.671
825.896 18.640
826.107 18.594
826.318 18.669
826.529 18.745
826.741 18.668
826.952 18.583
827.163 18.600
827.374 18.663
827.586 18.708
827.797 18.813
828.008 18.822
828.219 18.814
828.431 18.887
828.642 19.118
828.853 19.276
829.064 19.292
829.276 19.343
829.487 19.310
829.698 19.271
829.909 19.217
830.121 19.187
830.332 19.243
830.543 19.230
830.754 19.255
830.966 19.206
831.177 19.189
831.388 19.258
831.600 19.225
831.811 19.209
832.022 19.367
832.233 19.435
832.445 19.249
832.656 19.186
832.867 19.151
833.078 19.053
833.290 18.924
833.501 19.024
833.712 19.108
833.923 19.142
834.135 19.172
834.346 19.164
834.557 19.094
834.768 19.183
834.980 19.460
835.191 19.489
835.402 19.554
835.613 19.637
835.825 19.807
836.036 19.884
836.247 19.971
836.458 20.026
836.670 19.947
836.881 20.088
837.092 20.128
837.303 20.157
837.515 20.259
837.726 20.267
837.937 20.146
838.148 20.158
838.360 20.252
838.571 20.328
838.782 20.341
838.994 20.375
839.205 20.246
839.416 20.051
839.627 20.088
839.839 20.094
840.050 20.099
840.261 19.998
840.472 20.052
840.684 19.982
840.895 19.800
841.106 19.690
841.317 19.613
841.529 19.641
841.740 19.596
841.951 19.478
842.162 19.576
842.374 19.702
842.585 19.665
842.796 19.590
843.007 19.631
843.219 19.778
843.430 19.840
843.641 19.812
843.852 19.758
844.064 19.668
844.275 19.654
844.486 19.763
844.697 19.822
844.909 19.774
845.120 19.818
845.331 19.822
845.543 19.941
845.754 20.030
845.965 20.022
846.176 20.056
846.388 20.135
846.599 20.142
846.810 20.205
847.021 20.204
847.233 20.386
847.444 20.481
847.655 20.554
847.866 20.546
848.078 20.703
848.289 20.918
848.500 20.998
848.711 21.103
848.923 21.167
849.134 21.095
849.345 21.039
849.556 20.950
849.768 20.979
849.979 20.985
850.190 21.043
850.401 21.103
850.613 21.282
850.824 21.342
851.035 21.338
851.246 21.193
851.458 21.287
851.669 21.262
851.880 21.003
852.092 20.878
852.303 21.034
852.514 21.255
852.725 21.421
852.937 21.441
853.148 21.400
853.359 21.302
853.570 21.391
853.782 21.570
853.993 21.707
854.204 21.690
854.415 21.670
854.627 21.726
854.838 21.795
855.049 21.823
855.260 21.891
855.472 21.824
855.683 21.902
855.894 22.056
856.105 22.158
856.317 22.285
856.528 22.272
856.739 22.069
856.950 21.881
857.162 21.619
857.373 21.594
857.584 21.534
857.795 21.524
858.007 21.545
858.218 21.368
858.429 21.604
858.640 22.111
858.852 21.953
859.063 21.853
859.274 21.909
859.486 21.653
859.697 21.381
859.908 21.624
860.119 21.755
860.331 21.603
860.542 21.614
860.753 21.865
860.964 22.022
861.176 22.222
861.387 22.278
861.598 22.444
861.809 22.559
862.021 22.583
862.232 22.632
862.443 22.645
862.654 22.831
862.866 22.670
863.077 22.360
863.288 22.726
863.499 23.033
863.711 23.107
863.922 23.347
864.133 23.699
864.344 23.504
864.556 23.290
864.767 23.149
864.978 22.863
865.189 22.774
865.401 22.841
865.612 22.834
865.823 22.758
866.035 22.659
866.246 22.622
866.457 22.848
866.668 23.008
866.880 23.049
867.091 23.011
867.302 22.900
867.513 22.912
867.725 23.002
867.936 23.087
868.147 23.062
868.358 23.117
868.570 23.065
868.781 23.313
868.992 23.610
869.203 23.902
869.415 24.223
869.626 24.465
869.837 24.459
870.048 24.556
870.260 24.635
870.471 24.776
870.682 24.730
870.893 24.550
871.105 24.643
871.316 24.812
871.527 24.820
871.738 25.122
871.950 25.340
872.161 25.233
872.372 24.970
872.584 24.775
872.795 24.622
873.006 24.455
873.217 24.375
873.429 24.347
873.640 24.276
873.851 24.109
874.062 23.828
874.274 23.628
874.485 23.604
874.696 23.772
874.907 23.682
875.119 23.751
875.330 23.657
875.541 23.346
875.752 23.049
875.964 23.063
876.175 22.872
876.386 22.599
876.597 22.613
876.809 22.768
877.020 23.027
877.231 23.105
877.442 23.206
877.654 23.241
877.865 23.162
878.076 23.070
878.287 22.957
878.499 22.866
878.710 23.027
878.921 22.946
879.133 22.757
879.344 22.948
879.555 23.196
879.766 23.497
879.978 23.621
880.189 23.852
880.400 24.054
880.611 24.146
880.823 24.344
881.034 24.435
881.245 24.384
881.456 24.180
881.668 24.002
881.879 24.040
882.090 24.161
882.301 24.175
882.513 24.076
882.724 24.265
882.935 24.312
883.146 24.205
883.358 24.423
883.569 24.380
883.780 24.241
883.991 24.213
884.203 24.167
884.414 24.240
884.625 24.163
884.836 23.880
885.048 23.916
885.259 23.974
885.470 23.931
885.682 23.958
885.893 24.077
886.104 24.375
886.315 24.434
886.527 24.311
886.738 24.351
886.949 24.451
887.160 24.434
887.372 24.448
887.583 24.604
887.794 24.397
888.005 24.505
888.217 24.475
888.428 24.290
888.639 24.291
888.850 24.278
889.062 24.258
889.273 24.376
889.484 24.237
889.695 23.991
889.907 24.035
890.118 23.978
890.329 24.003
890.540 24.009
890.752 24.077
890.963 24.182
891.174 24.335
891.385 24.679
891.597 24.776
891.808 24.878
892.019 24.877
892.231 24.980
892.442 25.081
892.653 25.276
892.864 25.271
893.076 25.686
893.287 26.406
893.498 26.418
893.709 26.540
893.921 26.559
894.132 26.666
894.343 26.627
894.554 26.639
894.766 26.866
894.977 26.989
895.188 26.965
895.399 26.909
895.611 26.619
895.822 26.393
896.033 26.417
896.244 26.351
896.456 26.506
896.667 26.670
896.878 26.824
897.089 26.916
897.301 26.981
897.512 26.570
897.723 26.017
897.934 26.166
898.146 26.293
898.357 26.341
898.568 26.353
898.779 26.486
898.991 26.720
899.202 26.608
899.413 26.442
899.625 26.465
899.836 26.732
900.047 27.293
900.258 27.347
900.470 27.416
900.681 27.649
900.892 27.707
901.103 27.723
901.315 27.678
901.526 27.608
901.737 27.787
901.948 27.897
902.160 27.722
902.371 27.656
902.582 27.397
902.793 27.413
903.005 27.491
903.216 27.561
903.427 27.545
903.638 27.444
903.850 27.586
904.061 27.812
904.272 27.797
904.483 27.312
904.695 27.294
904.906 27.366
905.117 27.249
905.328 26.911
905.540 26.746
905.751 26.351
905.962 26.318
906.174 26.480
906.385 26.190
906.596 26.138
906.807 26.350
907.019 26.758
907.230 26.990
907.441 27.156
907.652 27.269
907.864 27.344
908.075 27.294
908.286 26.891
908.497 26.497
908.709 26.192
908.920 26.412
909.131 26.504
909.342 26.534
909.554 26.813
909.765 27.230
909.976 27.387
910.187 27.808
910.399 27.950
910.610 27.963
910.821 28.308
911.032 28.511
911.244 28.247
911.455 27.842
911.666 27.846
911.877 28.082
912.089 28.096
912.300 28.042
912.515 28.247
912.730 28.651
912.944 28.938
913.159 29.543
913.374 29.925
913.589 30.033
913.803 30.185
914.018 30.069
914.233 29.623
914.448 29.740
914.663 29.920
914.877 30.172
915.092 30.102
915.307 30.129
915.522 30.271
915.736 30.608
915.951 30.799
916.166 30.849
916.381 30.480
916.596 30.365
916.810 30.846
917.025 31.057
917.240 31.063
917.455 31.059
917.669 30.391
917.884 29.717
918.099 29.628
918.314 29.706
918.529 30.240
918.743 31.136
918.958 31.418
919.173 31.387
919.388 31.246
919.602 31.396
919.817 31.769
920.032 32.164
920.247 32.625
920.462 33.365
920.676 33.770
920.891 33.963
921.106 33.948
921.321 33.528
921.535 33.545
921.750 33.786
921.965 34.179
922.180 34.676
922.395 34.956
922.609 35.271
922.824 35.262
923.039 34.956
923.254 34.269
923.469 33.982
923.683 33.946
923.898 33.446
924.113 33.099
924.328 33.165
924.542 33.228
924.757 32.636
924.972 32.229
925.187 31.777
925.402 31.735
925.616 31.971
925.831 32.416
926.046 32.368
926.261 32.577
926.475 32.497
926.690 32.858
926.905 33.771
927.120 34.084
927.335 34.132
927.549 34.530
927.764 35.134
927.979 35.110
928.194 35.198
928.408 35.789
928.623 36.092
928.838 36.255
929.053 36.703
929.268 37.045
929.482 36.543
929.697 36.600
929.912 36.977
930.127 36.905
930.341 37.258
930.556 37.995
930.771 38.021
930.986 38.204
931.201 37.743
931.415 37.112
931.630 37.275
931.845 37.858
932.060 37.879
932.274 38.318
932.489 38.654
932.704 39.005
932.919 39.266
933.134 39.228
933.348 39.246
933.563 38.690
933.778 38.714
933.993 39.820
934.207 40.307
934.422 40.091
934.637 40.340
934.852 39.899
935.067 39.522
935.281 39.676
935.496 40.424
935.711 41.587
935.926 42.031
936.140 42.339
936.355 42.749
936.570 42.917
936.785 42.336
937.000 42.303
937.214 42.770
937.429 43.405
937.644 44.153
937.859 44.322
938.073 44.349
938.288 44.385
938.503 44.450
938.718 44.990
938.933 46.570
939.147 48.203
939.362 49.234
939.577 49.878
939.792 49.876
940.007 49.370
940.221 48.920
940.436 49.120
940.651 49.074
940.866 49.344
941.080 49.437
941.295 50.072
941.510 50.336
941.725 50.079
941.940 50.152
942.154 50.123
942.369 50.452
942.584 51.102
942.799 51.967
943.013 52.414
943.228 52.395
943.443 51.822
943.658 50.267
943.873 49.791
944.087 49.967
944.302 50.161
944.517 49.997
944.732 49.903
944.946 49.078
945.161 49.299
945.376 48.639
945.591 48.886
945.806 49.141
946.020 49.993
946.235 51.369
946.450 51.506
946.665 51.326
946.879 51.022
947.094 51.115
947.309 50.821
947.524 51.033
947.739 50.885
947.953 50.131
948.168 50.532
948.383 50.206
948.598 49.576
948.812 50.350
949.027 49.674
949.242 49.086
949.457 50.602
949.672 51.048
949.886 50.862
950.101 50.673
950.316 50.933
950.531 50.699
950.745 49.865
950.960 50.285
951.175 51.244
951.390 52.116
951.605 52.566
951.819 53.555
952.034 54.649
952.249 55.941
952.464 55.881
952.678 56.163
952.893 56.652
953.108 55.915
953.323 54.571
953.538 55.563
953.752 55.782
953.967 54.415
954.182 53.306
954.397 54.276
954.611 54.803
954.826 54.093
955.041 54.134
955.256 54.107
955.471 53.131
955.685 52.662
955.900 52.167
956.115 55.303
956.330 61.086
956.544 59.390
956.759 57.738
956.974 58.463
957.189 58.636
957.404 58.422
957.618 59.238
957.833 59.728
958.048 59.383
958.263 59.828
958.478 60.837
958.692 61.589
958.907 61.443
959.122 60.932
959.337 60.907
959.551 60.382
959.766 59.702
959.981 60.190
960.196 60.014
960.411 59.481
960.625 55.270
960.840 47.917
961.055 46.986
961.270 47.224
961.484 46.722
961.699 46.403
961.914 46.672
962.129 47.531
962.344 49.345
962.558 51.005
962.773 51.635
962.988 52.773
963.203 54.271
963.417 54.605
963.632 55.300
963.847 55.951
964.062 56.486
964.277 56.988
964.491 56.114
964.706 56.442
964.921 56.952
965.136 57.451
965.350 58.587
965.565 59.739
965.780 60.075
965.987 60.655
966.194 61.871
966.402 62.035
966.609 61.272
966.816 60.012
967.023 58.301
967.231 58.251
967.438 57.657
967.645 56.110
967.852 55.254
968.059 54.650
968.267 54.765
968.474 56.098
968.681 56.419
968.888 57.452
969.096 56.877
969.303 56.667
969.510 57.615
969.717 57.963
969.925 58.789
970.132 58.056
970.339 56.883
970.546 54.971
970.753 54.491
970.961 55.449
971.168 55.866
971.375 56.377
971.582 55.159
971.790 54.049
971.997 54.422
972.204 54.382
972.411 54.673
972.618 55.815
972.826 54.974
973.033 54.631
973.240 54.117
973.447 54.376
973.655 54.708
973.862 53.805
974.069 53.622
974.276 54.564
974.483 55.478
974.691 56.854
974.898 58.141
975.105 58.788
975.312 58.554
975.520 57.757
975.727 57.603
975.934 58.247
976.141 58.786
976.349 58.170
976.556 58.854
976.763 58.514
976.970 57.656
977.177 56.649
977.385 56.596
977.592 56.934
977.799 57.246
978.006 58.617
978.214 60.124
978.421 60.737
978.628 58.935
978.835 58.722
979.042 57.379
979.250 56.737
979.457 57.339
979.664 57.457
979.871 58.261
980.079 60.421
980.286 59.908
980.493 59.164
980.700 60.548
980.907 62.576
981.115 62.575
981.322 61.624
981.529 62.919
981.736 63.179
981.944 63.626
982.151 64.889
982.358 63.894
982.565 62.734
982.773 61.812
982.980 62.872
983.187 65.252
983.394 68.736
983.601 68.286
983.809 66.901
984.016 65.289
984.223 64.326
984.430 62.515
984.638 62.608
984.845 64.365
985.052 65.705
985.259 64.360
985.466 65.350
985.674 65.474
985.881 65.837
986.088 67.447
986.295 69.053
986.503 69.429
986.710 70.089
986.917 70.358
987.124 70.810
987.331 70.490
987.539 69.588
987.746 68.356
987.953 69.455
988.160 71.526
988.368 73.959
988.575 75.370
988.782 76.268
988.989 76.505
989.197 75.985
989.404 74.991
989.611 74.604
989.818 71.650
990.025 71.462
990.233 71.081
990.440 69.793
990.647 66.558
990.854 65.093
991.062 65.548
991.269 65.458
991.476 64.721
991.683 64.844
991.890 64.688
992.098 64.245
992.305 65.310
992.512 64.284
992.719 64.066
992.927 65.232
993.134 65.163
993.341 66.339
993.548 66.545
993.755 64.917
993.963 64.261
994.170 65.793
994.377 65.520
994.584 64.585
994.792 67.843
994.999 72.653
995.206 73.687
995.413 72.981
995.621 74.104
995.828 75.012
996.035 74.724
996.242 74.417
996.449 75.527
996.657 75.985
996.864 74.943
997.071 73.814
997.278 72.080
997.486 73.983
997.693 73.669
997.900 73.589
998.107 73.976
998.314 73.086
998.522 74.767
998.729 77.071
998.936 77.597
999.143 76.267
999.351 76.049
999.558 75.749
999.765 76.413
999.972 76.265
1000.179 76.666
1000.387 77.500
1000.594 77.538
1000.801 76.768
1001.008 76.147
1001.216 76.692
1001.423 78.786
1001.630 80.597
1001.837 77.284
1002.045 77.428
1002.252 79.141
1002.459 81.098
1002.666 84.852
1002.873 86.440
1003.081 85.849
1003.288 85.200
1003.495 83.459
1003.702 81.485
1003.910 83.432
1004.117 86.124
1004.324 85.330
1004.531 85.407
1004.738 85.871
1004.946 85.626
1005.153 85.178
1005.360 85.848
1005.567 90.413
1005.775 90.361
1005.982 87.500
1006.189 87.554
1006.396 86.963
1006.603 84.649
1006.811 82.499
1007.018 78.726
1007.225 77.402
1007.432 78.865
1007.640 83.501
1007.847 84.701
1008.054 84.792
1008.261 81.453
1008.469 78.478
1008.676 81.900
1008.883 85.583
1009.090 88.364
1009.297 87.688
1009.505 88.401
1009.712 88.069
1009.919 83.689
1010.126 82.342
1010.334 84.792
1010.541 85.043
1010.748 87.177
1010.955 89.856
1011.162 91.230
1011.370 96.814
1011.577 97.109
1011.784 96.330
1011.991 93.252
1012.199 89.207
1012.406 87.773
1012.613 91.144
1012.820 90.011
1013.027 84.651
1013.235 80.258
1013.442 77.816
1013.649 81.521
1013.856 85.310
1014.064 88.534
1014.271 88.632
1014.478 86.654
1014.685 86.409
1014.893 88.435
1015.100 88.026
1015.307 86.701
1015.514 86.802
1015.721 82.333
1015.929 81.924
1016.136 81.297
1016.343 81.148
1016.550 87.926
