292.253 96.739
292.450 98.948
292.647 99.941
292.845 100.309
293.042 101.044
293.239 101.295
293.437 100.133
293.634 98.316
293.831 97.639
294.029 97.887
294.226 97.904
294.423 100.612
294.621 100.582
294.818 99.670
295.015 99.149
295.213 99.803
295.410 101.185
295.607 102.121
295.805 102.074
296.002 101.399
296.199 100.837
296.397 99.878
296.594 98.174
296.791 96.792
296.989 96.983
297.186 95.721
297.383 94.174
297.581 95.383
297.778 97.283
297.975 97.931
298.173 97.288
298.370 97.478
298.567 98.426
298.765 98.545
298.962 99.824
299.159 100.249
299.357 99.988
299.554 99.916
299.751 100.204
299.949 99.410
300.146 99.900
300.343 99.252
300.541 97.576
300.738 98.032
300.935 99.266
301.133 98.842
301.330 99.728
301.527 101.643
301.725 101.178
301.922 99.939
302.119 99.866
302.317 101.225
302.514 100.719
302.711 99.152
302.909 98.550
303.106 97.068
303.303 96.645
303.501 96.951
303.698 96.706
303.895 95.958
304.093 95.757
304.290 95.494
304.487 96.136
304.685 96.417
304.882 95.622
305.079 94.840
305.277 94.208
305.474 93.691
305.671 92.212
305.869 91.913
306.066 92.361
306.263 91.690
306.461 90.539
306.658 90.889
306.855 91.391
307.053 91.046
307.250 91.731
307.447 92.490
307.645 92.849
307.842 92.627
308.039 92.361
308.237 92.155
308.434 91.718
308.631 91.582
308.829 92.051
309.026 91.739
309.223 91.645
309.421 92.116
309.618 91.665
309.815 92.259
310.013 92.632
310.210 92.227
310.407 92.492
310.605 92.455
310.802 92.489
310.999 92.806
311.197 94.417
311.394 94.873
311.591 94.219
311.789 93.156
311.986 92.278
312.183 91.442
312.381 91.267
312.578 91.201
312.775 90.056
312.973 89.482
313.170 89.864
313.347 89.827
313.523 89.358
313.700 89.299
313.877 89.453
314.054 89.378
314.230 90.099
314.407 90.580
314.584 90.511
314.761 89.431
314.937 88.957
315.114 88.161
315.291 86.377
315.467 85.969
315.644 86.674
315.821 87.303
315.998 87.740
316.174 87.452
316.351 87.813
316.528 88.387
316.704 87.904
316.881 87.305
317.058 86.220
317.235 86.164
317.411 85.963
317.588 85.560
317.765 85.348
317.942 84.317
318.118 83.069
318.295 83.340
318.472 84.109
318.648 84.427
318.825 84.757
319.002 84.899
319.179 83.798
319.355 82.428
319.532 82.162
319.709 82.554
319.885 83.038
320.062 82.379
320.239 82.212
320.416 81.580
320.592 81.761
320.769 82.033
320.946 81.346
321.123 82.175
321.299 82.002
321.476 81.858
321.653 82.188
321.829 81.980
322.006 81.467
322.183 81.528
322.360 80.572
322.536 78.934
322.713 78.722
322.890 79.559
323.066 80.537
323.243 80.290
323.420 79.448
323.597 78.803
323.773 77.926
323.950 77.830
324.127 79.016
324.304 78.714
324.480 78.876
324.657 79.583
324.834 78.724
325.010 78.046
325.187 77.493
325.364 78.316
325.541 79.797
325.717 78.540
325.894 77.076
326.071 77.037
326.248 77.658
326.424 77.288
326.601 76.541
326.778 75.635
326.954 74.901
327.131 74.440
327.308 73.901
327.485 74.604
327.661 74.734
327.838 74.791
328.015 75.592
328.191 75.611
328.368 75.312
328.545 75.374
328.722 76.050
328.898 75.542
329.075 73.894
329.252 72.717
329.429 73.187
329.605 73.538
329.782 72.407
329.959 71.266
330.135 72.020
330.312 72.521
330.489 72.981
330.666 73.644
330.842 74.300
331.019 74.476
331.196 73.992
331.372 73.391
331.549 72.717
331.726 72.412
331.903 72.219
332.079 72.811
332.256 72.697
332.433 71.480
332.610 71.492
332.786 71.383
332.963 71.150
333.140 70.879
333.316 70.730
333.493 71.059
333.670 71.268
333.847 71.167
334.023 71.042
334.200 70.451
334.377 70.223
334.553 69.797
334.730 69.402
334.907 68.423
335.084 67.554
335.260 67.093
335.437 66.292
335.614 65.808
335.791 64.369
335.967 64.389
336.144 65.840
336.321 66.276
336.497 66.052
336.674 65.216
336.851 65.232
337.028 65.241
337.204 65.496
337.381 65.434
337.558 64.891
337.734 64.457
337.911 64.217
338.088 64.373
338.265 64.549
338.441 64.040
338.618 64.469
338.795 66.000
338.972 66.615
339.148 66.363
339.325 66.009
339.502 65.976
339.678 65.477
339.855 63.961
340.032 63.227
340.209 63.241
340.385 63.462
340.562 63.169
340.739 62.980
340.916 63.365
341.092 63.162
341.269 63.007
341.446 63.037
341.622 62.138
341.799 60.851
341.976 60.114
342.153 59.973
342.329 59.643
342.506 58.667
342.683 58.884
342.859 59.595
343.036 59.602
343.213 59.617
343.390 59.478
343.566 59.433
343.743 59.073
343.920 58.652
344.097 58.403
344.273 58.237
344.450 57.959
344.627 57.229
344.803 57.041
344.980 57.373
345.157 57.224
345.334 57.955
345.510 58.313
345.687 58.350
345.864 58.639
346.040 59.031
346.217 58.357
346.394 56.991
346.571 56.211
346.747 56.614
346.924 56.801
347.101 56.987
347.278 57.283
347.454 57.080
347.631 57.177
347.808 57.303
347.984 57.024
348.161 56.466
348.338 56.140
348.515 56.225
348.691 55.578
348.868 55.093
349.045 54.529
349.221 53.980
349.398 53.932
349.575 53.747
349.752 52.811
349.928 52.919
350.105 53.297
350.282 53.105
350.459 52.637
350.635 52.089
350.812 51.469
350.989 50.863
351.165 50.742
351.342 50.627
351.519 50.454
351.696 50.682
351.872 50.768
352.049 50.391
352.226 49.963
352.402 49.878
352.579 50.268
352.756 50.854
352.933 51.171
353.109 50.774
353.286 50.915
353.463 51.425
353.640 51.137
353.816 50.663
353.993 50.214
354.170 50.175
354.346 50.143
354.523 49.781
354.700 49.679
354.877 49.628
355.053 49.495
355.230 49.487
355.407 49.634
355.584 50.008
355.760 49.727
355.937 48.997
356.114 48.329
356.290 47.758
356.467 47.238
356.644 46.988
356.821 46.840
356.997 46.524
357.174 46.350
357.351 46.254
357.527 46.166
357.704 46.282
357.881 45.845
358.058 45.579
358.234 45.625
358.411 45.532
358.588 45.956
358.765 45.754
358.941 45.379
359.118 45.133
359.295 44.611
359.471 44.990
359.648 45.117
359.825 45.422
360.002 45.348
360.178 45.500
360.355 46.040
360.532 46.051
360.708 45.440
360.885 45.367
361.062 45.514
361.239 45.657
361.415 46.130
361.592 46.437
361.769 46.052
361.946 45.798
362.122 45.893
362.299 45.337
362.476 45.382
362.652 45.345
362.829 44.542
363.006 43.709
363.183 43.368
363.359 43.494
363.536 43.272
363.713 42.834
363.889 42.040
364.066 41.062
364.243 40.846
364.420 41.164
364.596 40.876
364.773 40.377
364.950 40.276
365.127 39.578
365.303 39.200
365.480 39.278
365.660 39.196
365.839 39.046
366.019 39.036
366.199 39.163
366.379 38.902
366.558 38.969
366.738 39.522
366.918 39.589
367.098 39.644
367.277 39.616
367.457 39.816
367.637 39.542
367.816 39.576
367.996 39.762
368.176 39.439
368.356 39.238
368.535 39.006
368.715 38.491
368.895 38.298
369.075 37.808
369.254 37.772
369.434 37.776
369.614 37.112
369.793 36.760
369.973 36.296
370.153 36.278
370.333 36.589
370.512 36.438
370.692 36.331
370.872 36.379
371.051 36.247
371.231 35.960
371.411 36.063
371.591 35.594
371.770 34.849
371.950 34.545
372.130 34.491
372.310 34.963
372.489 35.231
372.669 35.086
372.849 35.449
373.028 35.428
373.208 35.128
373.388 35.069
373.568 34.806
373.747 34.537
373.927 34.189
374.107 33.232
374.287 33.008
374.466 33.141
374.646 32.978
374.826 32.871
375.005 32.801
375.185 32.664
375.365 32.659
375.545 33.019
375.724 33.249
375.904 32.833
376.084 32.311
376.263 31.927
376.443 31.885
376.623 31.400
376.803 31.060
376.982 31.018
377.162 30.930
377.342 30.907
377.522 30.948
377.701 31.115
377.881 31.457
378.061 31.432
378.240 30.952
378.420 30.760
378.600 30.584
378.780 30.524
378.959 30.423
379.139 30.456
379.319 30.391
379.499 30.149
379.678 30.364
379.858 30.576
380.038 30.560
380.217 30.471
380.397 30.348
380.577 30.187
380.757 29.864
380.936 29.925
381.116 30.099
381.296 29.970
381.476 29.883
381.655 29.866
381.835 29.516
382.015 29.575
382.194 29.655
382.374 29.672
382.554 29.736
382.734 29.720
382.913 29.580
383.093 29.218
383.273 29.017
383.452 28.946
383.632 28.830
383.812 28.829
383.992 28.775
384.171 28.885
384.351 28.809
384.531 28.665
384.711 28.367
384.890 28.001
385.070 27.883
385.250 27.667
385.429 27.725
385.609 28.032
385.789 27.691
385.969 27.104
386.148 26.909
386.328 26.718
386.508 26.634
386.688 26.746
386.867 26.759
387.047 26.639
387.227 26.262
387.406 25.835
387.586 25.526
387.766 25.332
387.946 25.239
388.125 25.144
388.305 25.363
388.485 25.249
388.664 25.157
388.844 25.201
389.024 25.198
389.204 24.877
389.383 24.538
389.563 24.559
389.743 24.823
389.923 24.813
390.102 24.598
390.282 24.258
390.462 23.992
390.641 23.818
390.821 23.795
391.001 23.945
391.181 24.095
391.360 24.199
391.540 24.403
391.720 24.385
391.900 24.305
392.079 23.989
392.259 23.984
392.439 23.931
392.618 23.731
392.798 23.505
392.978 23.371
393.158 23.319
393.337 23.188
393.517 22.866
393.697 22.670
393.877 22.631
394.056 22.641
394.236 22.680
394.416 22.756
394.595 22.726
394.775 22.522
394.955 22.301
395.135 22.126
395.314 21.955
395.494 21.733
395.674 21.566
395.853 21.470
396.033 21.364
396.213 21.335
396.393 21.211
396.572 21.216
396.752 21.283
396.932 21.252
397.112 21.464
397.291 21.661
397.471 21.579
397.651 21.461
397.830 21.287
398.010 21.295
398.190 21.299
398.370 21.145
398.549 21.096
398.729 20.990
398.909 20.979
399.089 20.824
399.268 20.845
399.448 21.033
399.628 21.073
399.807 21.093
399.987 20.889
400.167 20.814
400.347 20.700
400.526 20.618
400.706 20.599
400.886 20.281
401.065 19.910
401.245 19.821
401.425 19.689
401.605 19.624
401.784 19.363
401.964 19.175
402.144 19.349
402.324 19.510
402.503 19.683
402.683 19.608
402.863 19.522
403.042 19.221
403.222 18.902
403.402 18.887
403.582 18.790
403.761 18.745
403.941 18.770
404.121 18.626
404.301 18.374
404.480 18.228
404.660 18.207
404.844 18.294
405.029 18.396
405.213 18.517
405.398 18.784
405.582 18.870
405.767 18.818
405.951 18.576
406.136 18.309
406.320 18.069
406.505 18.030
406.689 18.103
406.874 18.167
407.058 18.040
407.243 17.913
407.427 17.967
407.612 17.941
407.796 17.816
407.981 17.823
408.165 17.887
408.350 17.830
408.534 17.772
408.719 17.793
408.903 17.576
409.088 17.472
409.272 17.398
409.457 17.338
409.641 17.323
409.826 17.336
410.010 17.315
410.195 17.317
410.379 17.208
410.564 16.991
410.748 16.877
410.933 16.870
411.117 16.915
411.302 16.858
411.486 16.892
411.671 16.838
411.855 16.812
412.040 16.845
412.224 16.922
412.409 16.818
412.593 16.578
412.778 16.625
412.962 16.513
413.147 16.355
413.331 16.264
413.516 16.130
413.700 16.126
413.885 16.556
414.069 17.293
414.254 17.285
414.438 17.381
414.623 17.579
414.807 17.629
414.992 17.461
415.176 17.383
415.361 17.295
415.545 17.226
415.730 17.343
415.914 17.351
416.099 17.240
416.283 17.295
416.468 17.492
416.652 17.490
416.837 17.600
417.021 17.694
417.206 17.672
417.390 17.678
417.575 17.644
417.759 17.174
417.944 16.289
418.128 16.239
418.313 16.065
418.497 15.779
418.682 15.658
418.866 15.735
419.051 15.771
419.235 15.707
419.420 15.749
419.604 15.579
419.789 15.482
419.973 15.490
420.158 15.470
420.342 15.281
420.527 15.228
420.711 15.061
420.896 14.924
421.080 14.911
421.265 14.829
421.449 14.740
421.634 14.715
421.818 14.779
422.003 14.671
422.187 14.653
422.372 14.847
422.556 14.867
422.741 14.802
422.925 14.797
423.110 14.980
423.294 14.980
423.479 14.938
423.663 14.793
423.848 14.660
424.032 14.605
424.217 14.602
424.401 14.525
424.586 14.532
424.770 14.504
424.955 14.487
425.139 14.464
425.324 14.348
425.508 14.125
425.693 13.976
425.877 14.051
426.062 14.108
426.246 13.948
426.431 13.830
426.615 13.751
426.800 13.640
426.984 13.440
427.169 13.376
427.353 13.400
427.538 13.441
427.722 13.452
427.907 13.493
428.091 13.522
428.276 13.458
428.460 13.405
428.645 13.497
428.829 13.593
429.014 13.554
429.198 13.658
429.383 13.868
429.567 13.929
429.752 13.845
429.936 13.758
430.121 13.766
430.305 13.922
430.490 13.974
430.674 13.983
430.859 13.954
431.043 13.958
431.228 13.902
431.412 13.932
431.597 13.997
431.781 13.964
431.966 13.895
432.150 13.955
432.335 14.013
432.519 13.835
432.704 13.571
432.888 13.498
433.073 13.398
433.257 13.279
433.442 13.153
433.626 13.105
433.811 13.088
433.995 13.032
434.180 12.908
434.364 12.781
434.549 12.692
434.733 12.680
434.918 12.555
435.102 12.509
435.287 12.398
435.471 12.256
435.656 12.196
435.840 12.204
436.030 12.161
436.220 12.083
436.410 12.170
436.600 12.363
436.790 12.525
436.980 12.598
437.170 12.610
437.360 12.678
437.550 12.695
437.741 12.683
437.931 12.680
438.121 12.710
438.311 12.778
438.501 12.814
438.691 12.872
438.881 12.896
439.071 12.865
439.261 12.837
439.451 12.879
439.641 12.822
439.831 12.795
440.021 12.874
440.211 12.929
440.401 12.832
440.591 12.623
440.781 12.519
440.971 12.475
441.161 12.519
441.351 12.545
441.542 12.574
441.732 12.661
441.922 12.562
442.112 12.461
442.302 12.414
442.492 12.331
442.682 12.236
442.872 12.354
443.062 12.366
443.252 12.386
443.442 12.340
443.632 12.351
443.822 12.411
444.012 12.336
444.202 12.200
444.392 12.136
444.582 12.430
444.772 12.885
444.962 12.895
445.153 12.854
445.343 12.780
445.533 12.678
445.723 12.586
445.913 12.696
446.103 12.770
446.293 12.834
446.483 12.899
446.673 12.920
446.863 12.826
447.053 12.778
447.243 12.779
447.433 12.767
447.623 12.765
447.813 12.668
448.003 12.606
448.193 12.664
448.383 12.676
448.573 12.435
448.764 11.967
448.954 11.963
449.144 11.926
449.334 11.900
449.524 11.988
449.714 12.052
449.904 11.990
450.094 11.989
450.284 12.000
450.474 12.019
450.664 11.968
450.854 11.922
451.044 11.962
451.234 11.920
451.424 11.876
451.614 11.848
451.804 11.794
451.994 11.790
452.184 11.776
452.375 11.808
452.565 12.541
452.755 13.834
452.945 13.804
453.135 13.819
453.325 13.816
453.515 13.838
453.705 13.824
453.895 13.784
454.085 13.678
454.275 13.524
454.465 13.395
454.655 13.377
454.845 13.402
455.035 13.370
455.225 13.399
455.415 13.435
455.605 13.446
455.795 13.503
455.985 13.562
456.176 13.587
456.366 13.633
456.556 12.968
456.746 11.740
456.936 11.757
457.126 11.768
457.316 11.869
457.506 11.861
457.696 11.794
457.886 11.780
458.076 11.732
458.266 11.740
458.456 11.801
458.646 11.881
458.836 11.921
459.026 12.020
459.216 12.047
459.406 12.092
459.596 12.054
459.787 11.984
459.977 11.904
460.167 11.870
460.357 11.767
460.547 11.650
460.737 11.587
460.927 11.569
461.117 11.548
461.307 11.440
461.497 11.328
461.687 11.322
461.877 11.344
462.067 11.380
462.257 11.419
462.447 11.386
462.637 11.386
462.827 11.402
463.017 11.334
463.207 11.305
463.397 11.240
463.588 11.237
463.778 11.317
463.968 11.389
464.158 11.364
464.348 11.361
464.538 11.424
464.728 11.443
464.918 11.487
465.108 11.546
465.298 11.582
465.488 11.644
465.678 11.605
465.868 11.562
466.058 11.591
466.248 11.577
466.438 11.603
466.628 11.567
466.818 11.478
467.008 11.462
467.199 11.454
467.389 11.504
467.579 11.555
467.769 11.482
467.959 11.473
468.149 11.525
468.339 11.566
468.529 11.561
468.719 11.549
468.909 11.507
469.099 11.459
469.289 11.389
469.479 11.311
469.669 11.341
469.859 11.367
470.049 11.368
470.239 11.358
470.429 11.372
470.619 11.377
470.810 11.360
471.000 11.320
471.190 11.301
471.380 11.252
471.570 11.206
471.760 11.185
471.950 11.142
472.140 11.107
472.330 11.129
472.520 11.124
472.710 11.117
472.900 11.100
473.090 11.092
473.280 11.168
473.470 11.184
473.660 11.176
473.850 11.225
474.040 11.288
474.230 11.309
474.421 11.315
474.611 11.303
474.801 11.357
474.991 11.401
475.181 11.431
475.371 11.472
475.561 11.510
475.751 11.576
475.941 11.589
476.131 11.566
476.321 11.506
476.511 11.506
476.701 11.536
476.891 11.519
477.081 11.493
477.271 11.472
477.461 11.533
477.651 11.526
477.841 11.496
478.031 11.508
478.222 11.541
478.412 11.554
478.602 11.553
478.792 11.506
478.982 11.500
479.172 11.526
479.362 11.489
479.552 11.480
479.742 11.441
479.932 11.436
480.122 11.425
480.312 11.424
480.502 11.433
480.692 11.385
480.882 11.374
481.072 11.361
481.262 11.375
481.452 11.335
481.642 11.324
481.833 11.346
482.023 11.336
482.213 11.326
482.403 11.283
482.593 11.280
482.783 11.302
482.973 11.331
483.163 11.315
483.353 11.334
483.543 11.317
483.733 11.356
483.923 11.362
484.113 11.412
484.303 11.452
484.493 11.423
484.683 11.453
484.873 11.494
485.063 11.543
485.253 11.510
485.443 11.478
485.634 11.467
485.824 11.454
486.014 11.415
486.204 11.431
486.394 11.471
486.584 11.515
486.774 11.509
486.964 11.507
487.154 11.543
487.344 11.577
487.534 11.556
487.724 11.544
487.914 11.544
488.104 11.563
488.294 11.587
488.484 11.616
488.674 11.626
488.864 11.600
489.054 11.565
489.245 11.582
489.435 11.646
489.625 11.717
489.815 11.734
490.005 11.746
490.195 11.756
490.385 11.773
490.575 11.762
490.765 11.799
490.955 11.858
491.145 11.882
491.335 11.871
491.525 11.846
491.715 11.819
491.905 11.849
492.095 11.851
492.285 11.896
492.475 11.948
492.665 11.963
492.856 11.978
493.046 12.038
493.236 12.059
493.426 12.040
493.616 12.049
493.806 12.098
493.996 12.187
494.186 12.205
494.376 12.185
494.566 12.204
494.756 12.245
494.946 12.258
495.136 12.269
495.326 12.280
495.516 12.380
495.706 12.459
495.896 12.491
496.086 12.521
496.276 12.509
496.467 12.449
496.657 12.450
496.847 12.466
497.037 12.426
497.227 12.423
497.417 12.437
497.607 12.415
497.797 12.410
497.987 12.333
498.177 12.300
498.367 12.275
498.557 12.254
498.747 12.245
498.937 12.182
499.127 12.107
499.317 12.099
499.507 12.095
499.697 12.081
499.887 12.043
500.077 12.012
500.268 12.038
500.458 12.092
500.648 12.121
500.838 12.171
501.028 12.238
501.218 12.219
501.408 12.227
501.598 12.246
501.788 12.237
501.978 12.287
502.168 12.343
502.358 12.427
502.548 12.494
502.738 12.508
502.928 12.589
503.118 12.692
503.308 12.730
503.498 12.736
503.688 12.776
503.879 12.847
504.069 12.878
504.259 12.858
504.449 12.840
504.639 12.818
504.829 12.810
505.019 12.804
505.209 12.865
505.399 12.907
505.589 12.935
505.779 12.981
505.969 12.998
506.159 12.989
506.349 12.940
506.539 12.922
506.729 12.934
506.919 12.933
507.109 12.920
507.299 12.954
507.490 12.990
507.680 12.960
507.870 12.948
508.060 12.959
508.250 12.944
508.440 12.923
508.630 12.925
508.820 12.945
509.010 12.926
509.200 12.898
509.390 12.902
509.580 12.919
509.770 12.910
509.960 12.891
510.150 12.906
510.340 12.947
510.530 12.963
510.720 13.007
510.910 13.027
511.100 13.011
511.291 12.961
511.481 12.943
511.671 12.957
511.861 12.937
512.051 12.980
512.241 13.056
512.431 13.103
512.621 13.158
512.811 13.204
513.001 13.299
513.191 13.326
513.381 13.350
513.571 13.384
513.761 13.405
513.951 13.423
514.141 13.426
514.331 13.437
514.521 13.446
514.711 13.424
514.902 13.426
515.092 13.512
515.282 13.586
515.472 13.572
515.662 13.598
515.852 13.647
516.042 13.622
516.232 13.628
516.422 13.696
516.612 13.726
516.802 13.718
516.992 13.655
517.182 13.697
517.372 13.718
517.562 13.725
517.752 13.764
517.942 13.811
518.132 13.818
518.322 13.820
518.513 13.831
518.703 13.850
518.893 13.869
519.083 13.863
519.273 13.836
519.463 13.896
519.653 13.925
519.843 13.935
520.033 13.974
520.223 13.962
520.413 13.924
520.603 13.947
520.793 14.006
520.983 14.078
521.173 14.119
521.363 14.165
521.553 14.187
521.743 14.184
521.933 14.211
522.123 14.285
522.314 14.358
522.504 14.390
522.694 14.431
522.884 14.451
523.074 14.443
523.264 14.462
523.454 14.469
523.644 14.473
523.834 14.488
524.024 14.483
524.214 14.473
524.404 14.475
524.594 14.434
524.784 14.409
524.974 14.386
525.164 14.386
525.354 14.401
525.544 14.427
525.734 14.446
525.925 14.440
526.115 14.438
526.305 14.396
526.495 14.388
526.685 14.378
526.875 14.372
527.065 14.379
527.255 14.387
527.445 14.369
527.635 14.364
527.825 14.362
528.015 14.384
528.205 14.480
528.395 14.592
528.585 14.673
528.775 14.697
528.965 14.755
529.155 14.801
529.345 14.765
529.535 14.750
529.726 14.729
529.916 14.739
530.106 14.761
530.296 14.813
530.486 14.827
530.676 14.856
530.866 14.895
531.056 14.937
531.246 15.001
531.436 15.049
531.626 15.089
531.816 15.134
532.006 15.186
532.196 15.195
532.386 15.187
532.576 15.186
532.766 15.170
532.956 15.181
533.146 15.185
533.337 15.242
533.527 15.292
533.717 15.368
533.907 15.368
534.097 15.370
534.287 15.420
534.477 15.450
534.667 15.462
534.857 15.478
535.047 15.485
535.237 15.509
535.427 15.563
535.617 15.590
535.807 15.613
535.997 15.617
536.187 15.622
536.377 15.633
536.567 15.655
536.757 15.696
536.948 15.700
537.138 15.687
537.328 15.678
537.518 15.670
537.708 15.666
537.898 15.701
538.088 15.732
538.278 15.731
538.468 15.743
538.658 15.734
538.848 15.754
539.038 15.801
539.228 15.792
539.418 15.762
539.608 15.782
539.798 15.794
539.988 15.834
540.178 15.867
540.368 15.853
540.558 15.889
540.749 15.913
540.939 15.942
541.129 16.004
541.319 16.074
541.509 16.111
541.699 16.163
541.889 16.221
542.079 16.254
542.269 16.286
542.459 16.321
542.649 16.333
542.839 16.304
543.029 16.290
543.219 16.316
543.409 16.346
543.599 16.374
543.789 16.414
543.979 16.410
544.169 16.380
544.360 16.402
544.550 16.415
544.740 16.465
544.930 16.477
545.120 16.460
545.310 16.440
545.500 16.455
545.690 16.440
545.880 16.434
546.070 16.459
546.267 16.470
546.463 16.482
546.660 16.524
546.857 16.583
547.054 16.609
547.251 16.613
547.447 16.613
547.644 16.612
547.841 16.627
548.038 16.659
548.234 16.729
548.431 16.773
548.628 16.813
548.825 16.799
549.021 16.785
549.218 16.795
549.415 16.814
549.612 16.864
549.808 16.891
550.005 16.930
550.202 16.929
550.399 16.934
550.595 17.002
550.792 17.052
550.989 17.081
551.186 17.106
551.382 17.138
551.579 17.197
551.776 17.215
551.973 17.208
552.169 17.201
552.366 17.165
552.563 17.171
552.760 17.142
552.956 17.166
553.153 17.213
553.350 17.235
553.547 17.261
553.743 17.251
553.940 17.278
554.137 17.290
554.334 17.302
554.530 17.327
554.727 17.290
554.924 17.281
555.121 17.290
555.317 17.310
555.514 17.329
555.711 17.339
555.908 17.370
556.104 17.416
556.301 17.459
556.498 17.514
556.695 17.533
556.891 17.551
557.088 17.552
557.285 17.614
557.482 17.698
557.678 17.745
557.875 17.777
558.072 17.782
558.269 17.795
558.465 17.846
558.662 17.883
558.859 17.918
559.056 17.952
559.252 17.956
559.449 17.960
559.646 18.007
559.843 18.032
560.039 18.064
560.236 18.080
560.433 18.091
560.630 18.104
560.826 18.122
561.023 18.143
561.220 18.181
561.417 18.175
561.613 18.135
561.810 18.115
562.007 18.110
562.204 18.132
562.400 18.165
562.597 18.146
562.794 18.163
562.991 18.218
563.187 18.254
563.384 18.285
563.581 18.305
563.778 18.357
563.974 18.426
564.171 18.443
564.368 18.469
564.565 18.522
564.761 18.564
564.958 18.599
565.155 18.656
565.352 18.703
565.548 18.711
565.745 18.743
565.942 18.767
566.139 18.801
566.335 18.821
566.532 18.824
566.729 18.844
566.926 18.872
567.122 18.905
567.319 18.896
567.516 18.920
567.713 18.982
567.909 18.986
568.106 18.956
568.303 18.961
568.500 18.971
568.696 18.969
568.893 18.947
569.090 18.929
569.287 18.891
569.483 18.901
569.680 18.962
569.877 19.026
570.074 19.074
570.270 19.099
570.467 19.137
570.664 19.164
570.861 19.191
571.057 19.177
571.254 19.166
571.451 19.224
571.648 19.254
571.844 19.250
572.041 19.246
572.238 19.260
572.435 19.278
572.631 19.292
572.828 19.293
573.025 19.331
573.222 19.364
573.418 19.399
573.615 19.395
573.812 19.385
574.009 19.381
574.205 19.378
574.402 19.401
574.599 19.420
574.796 19.426
574.992 19.425
575.189 19.428
575.386 19.412
575.583 19.424
575.779 19.458
575.976 19.451
576.173 19.440
576.370 19.471
576.567 19.516
576.763 19.529
576.960 19.549
577.160 19.560
577.359 19.571
577.559 19.585
577.759 19.593
577.958 19.594
578.158 19.556
578.357 19.576
578.557 19.601
578.757 19.613
578.956 19.620
579.156 19.646
579.356 19.673
579.555 19.695
579.755 19.679
579.954 19.671
580.154 19.699
580.354 19.700
580.553 19.679
580.753 19.657
580.953 19.662
581.152 19.676
581.352 19.718
581.552 19.767
581.751 19.803
581.951 19.823
582.150 19.841
582.350 19.886
582.550 19.933
582.749 19.962
582.949 20.000
583.149 20.050
583.348 20.063
583.548 20.088
583.748 20.144
583.947 20.151
584.147 20.154
584.346 20.161
584.546 20.213
584.746 20.232
584.945 20.243
585.145 20.262
585.345 20.276
585.544 20.269
585.744 20.263
585.943 20.251
586.143 20.255
586.343 20.259
586.542 20.307
586.742 20.312
586.942 20.294
587.141 20.259
587.341 20.235
587.541 20.261
587.740 20.239
587.940 20.221
588.139 20.279
588.339 20.310
588.539 20.337
588.738 20.359
588.938 20.388
589.138 20.432
589.337 20.448
589.537 20.463
589.736 20.481
589.936 20.492
590.136 20.502
590.335 20.522
590.535 20.539
590.735 20.497
590.934 20.480
591.134 20.490
591.334 20.528
591.533 20.544
591.733 20.526
591.932 20.562
592.132 20.583
592.332 20.572
592.531 20.567
592.731 20.548
592.931 20.551
593.130 20.573
593.330 20.556
593.530 20.576
593.729 20.588
593.929 20.600
594.128 20.610
594.328 20.649
594.528 20.690
594.727 20.733
594.927 20.815
595.127 20.900
595.326 20.925
595.526 20.933
595.725 20.945
595.925 21.002
596.125 21.024
596.324 21.034
596.524 21.045
596.724 21.068
596.923 21.100
597.123 21.105
597.323 21.144
597.522 21.158
597.722 21.168
597.921 21.200
598.121 21.223
598.321 21.229
598.520 21.239
598.720 21.245
598.920 21.207
599.119 21.169
599.319 21.137
599.519 21.153
599.718 21.162
599.918 21.179
600.117 21.164
600.317 21.186
600.517 21.209
600.716 21.233
600.916 21.238
601.116 21.239
601.315 21.259
601.515 21.248
601.714 21.286
601.914 21.291
602.114 21.266
602.313 21.252
602.513 21.267
602.713 21.258
602.912 21.247
603.112 21.276
603.312 21.257
603.511 21.244
603.711 21.268
603.910 21.273
604.110 21.268
604.310 21.289
604.509 21.320
604.709 21.335
604.909 21.328
605.108 21.371
605.308 21.393
605.507 21.399
605.707 21.412
605.907 21.410
606.106 21.426
606.306 21.445
606.506 21.442
606.705 21.452
606.905 21.493
607.105 21.513
607.304 21.522
607.504 21.587
607.703 21.604
607.903 21.581
608.103 21.568
608.302 21.587
608.502 21.602
608.702 21.585
608.901 21.573
609.101 21.568
609.301 21.530
609.500 21.546
609.700 21.552
609.899 21.551
610.099 21.558
610.299 21.577
610.498 21.597
610.698 21.619
610.898 21.617
611.097 21.604
611.297 21.619
611.496 21.651
611.696 21.671
611.896 21.680
612.095 21.687
612.295 21.708
612.495 21.709
612.694 21.711
612.894 21.735
613.094 21.759
613.293 21.789
613.493 21.823
613.692 21.813
613.892 21.787
614.092 21.798
614.291 21.811
614.491 21.810
614.691 21.827
614.890 21.860
615.090 21.889
615.289 21.913
615.489 21.918
615.689 21.906
615.888 21.876
616.088 21.887
616.288 21.922
616.487 21.945
616.687 21.953
616.887 21.961
617.086 21.935
617.286 21.927
617.485 21.936
617.685 21.913
617.885 21.940
618.084 22.003
618.284 21.995
618.484 22.005
618.683 22.063
618.883 22.087
619.082 22.100
619.282 22.144
619.482 22.151
619.681 22.163
619.881 22.179
620.081 22.175
620.280 22.130
620.480 22.098
620.680 22.110
620.879 22.156
621.079 22.190
621.278 22.229
621.478 22.251
621.678 22.245
621.877 22.261
622.077 22.265
622.277 22.280
622.476 22.313
622.676 22.299
622.876 22.251
623.075 22.264
623.275 22.288
623.474 22.269
623.674 22.269
623.874 22.307
624.073 22.336
624.273 22.364
624.473 22.389
624.672 22.401
624.872 22.412
625.071 22.401
625.271 22.383
625.471 22.390
625.670 22.395
625.870 22.438
626.070 22.460
626.269 22.438
626.469 22.424
626.669 22.405
626.868 22.412
627.068 22.402
627.267 22.364
627.467 22.329
627.667 22.305
627.866 22.286
628.066 22.254
628.266 22.220
628.465 22.235
628.665 22.276
628.865 22.302
629.064 22.306
629.264 22.308
629.463 22.321
629.663 22.320
629.863 22.322
630.062 22.295
630.262 22.279
630.462 22.310
630.661 22.308
630.861 22.467
631.060 22.752
631.260 22.805
631.460 22.848
631.659 22.878
631.859 22.902
632.059 22.940
632.258 22.972
632.458 23.003
632.658 23.000
632.857 22.991
633.057 22.990
633.256 22.982
633.456 22.987
633.656 22.998
633.855 23.001
634.055 23.003
634.255 23.033
634.454 23.067
634.654 23.085
634.853 23.091
635.053 22.958
635.253 22.716
635.452 22.728
635.652 22.708
635.852 22.679
636.051 22.683
636.251 22.690
636.451 22.713
636.650 22.719
636.850 22.758
637.049 22.760
637.249 22.760
637.449 22.769
637.648 22.768
637.848 22.753
638.048 22.764
638.247 22.774
638.447 22.754
638.647 22.764
638.846 22.778
639.046 22.762
639.245 22.747
639.445 22.739
639.645 22.709
639.844 22.692
640.044 22.701
640.244 22.723
640.443 22.754
640.643 22.742
640.842 22.709
641.042 22.686
641.242 22.763
641.441 22.806
641.641 22.829
641.841 22.802
642.040 22.798
642.240 22.801
642.440 22.814
642.639 22.845
642.839 22.857
643.038 22.853
643.238 22.898
643.438 22.949
643.637 22.971
643.837 22.975
644.037 23.001
644.236 23.061
644.436 23.091
644.635 23.065
644.835 23.052
645.035 23.097
645.234 23.107
645.434 23.044
645.634 22.999
645.833 22.994
646.033 23.056
646.233 23.085
646.432 23.116
646.632 23.152
646.831 23.154
647.031 23.151
647.231 23.171
647.430 23.174
647.630 23.150
647.830 23.130
648.029 23.160
648.229 23.144
648.429 23.071
648.628 23.022
648.828 23.037
649.027 23.023
649.227 22.997
649.427 22.995
649.626 23.021
649.826 23.066
650.026 23.059
650.225 23.032
650.425 23.038
650.624 23.033
650.824 23.007
651.024 22.990
651.223 22.985
651.423 22.963
651.623 22.988
651.822 23.028
652.022 23.036
652.222 23.028
652.421 23.054
652.621 23.107
652.820 23.147
653.020 23.163
653.220 23.185
653.419 23.233
653.619 23.252
653.819 23.238
654.018 23.237
654.218 23.265
654.418 23.305
654.617 23.310
654.817 23.295
655.016 23.297
655.216 23.324
655.416 23.338
655.615 23.331
655.815 23.285
656.015 23.273
656.214 23.345
656.414 23.390
656.613 23.387
656.813 23.407
657.013 23.436
657.212 23.416
657.412 23.441
657.612 23.441
657.811 23.446
658.011 23.469
658.211 23.485
658.410 23.508
658.610 23.512
658.809 23.541
659.009 23.559
659.209 23.577
659.408 23.571
659.608 23.580
659.808 23.603
660.007 23.633
660.207 23.676
660.406 23.653
660.606 23.589
660.806 23.610
661.005 23.631
661.205 23.591
661.405 23.607
661.604 23.618
661.804 23.626
662.004 23.638
662.203 23.636
662.403 23.627
662.602 23.632
662.802 23.659
663.002 23.655
663.201 23.676
663.401 23.683
663.601 23.704
663.800 23.728
664.000 23.760
664.199 23.803
664.399 23.803
664.599 23.778
664.798 23.789
664.998 23.817
665.198 23.779
665.397 23.783
665.597 23.812
665.797 23.823
665.996 23.816
666.196 23.787
666.395 23.771
666.595 23.772
666.795 23.774
666.994 23.766
667.194 23.761
667.394 23.736
667.593 23.726
667.793 23.742
667.993 23.764
668.192 23.765
668.392 23.759
668.591 23.729
668.791 23.728
668.991 23.814
669.190 23.794
669.390 23.809
669.590 23.849
669.789 23.832
669.989 23.825
670.188 23.800
670.388 23.817
670.588 23.866
670.787 23.880
670.987 23.869
671.187 23.870
671.386 23.908
671.586 23.923
671.786 23.937
671.985 23.903
672.185 23.832
672.384 23.809
672.584 23.774
672.784 23.775
672.983 23.781
673.183 23.719
673.383 23.714
673.582 23.708
673.782 23.735
673.981 23.753
674.181 23.705
674.381 23.705
674.580 23.703
674.780 23.652
674.980 23.639
675.179 23.642
675.379 23.648
675.579 23.606
675.778 23.592
675.978 23.583
676.177 23.590
676.377 23.620
676.577 23.659
676.776 23.673
676.976 23.654
677.176 23.659
677.375 23.696
677.575 23.747
677.775 23.777
677.974 23.721
678.174 23.730
678.373 23.789
678.573 23.829
678.773 23.861
678.972 23.907
679.172 23.928
679.372 23.958
679.571 23.973
679.771 24.012
679.970 24.048
680.170 24.052
680.370 24.040
680.569 24.060
680.769 24.064
680.969 24.073
681.168 24.127
681.368 24.170
681.568 24.197
681.767 24.182
681.967 24.172
682.166 24.224
682.366 24.233
682.566 24.231
682.765 24.254
682.965 24.250
683.165 24.252
683.364 24.272
683.564 24.262
683.764 24.251
683.963 24.210
684.163 24.170
684.362 24.192
684.562 24.260
684.762 24.286
684.961 24.301
685.161 24.322
685.361 24.298
685.560 24.248
685.760 24.196
685.959 24.175
686.159 24.183
686.359 24.149
686.558 24.090
686.758 24.077
686.958 24.066
687.157 24.069
687.357 24.091
687.557 24.129
687.756 24.138
687.956 24.151
688.155 24.199
688.355 24.259
688.555 24.255
688.754 24.237
688.954 24.260
689.154 24.250
689.353 24.279
689.553 24.318
689.752 24.352
689.952 24.383
690.152 24.395
690.351 24.401
690.551 24.401
690.751 24.429
690.950 24.439
691.150 24.466
691.350 24.512
691.549 24.524
691.749 24.471
691.948 24.469
692.148 24.515
692.348 24.496
692.547 24.466
692.747 24.489
692.947 24.516
693.146 24.494
693.346 24.481
693.546 24.464
693.745 24.448
693.945 24.445
694.144 24.462
694.344 24.517
694.544 24.571
694.743 24.611
694.943 24.639
695.143 24.692
695.342 24.704
695.542 24.682
695.741 24.651
695.941 24.661
696.141 24.699
696.340 24.725
696.540 24.742
696.745 24.781
696.951 24.789
697.156 24.805
697.362 24.812
697.567 24.843
697.772 24.876
697.978 24.875
698.183 24.877
698.389 24.878
698.594 24.850
698.799 24.814
699.005 24.838
699.210 24.863
699.416 24.825
699.621 24.775
699.826 24.758
700.032 24.798
700.237 24.822
700.443 24.779
700.648 24.743
700.853 24.786
701.059 24.822
701.264 24.804
701.470 24.773
701.675 24.808
701.880 24.847
702.086 24.843
702.291 24.830
702.497 24.835
702.702 24.830
702.907 24.839
703.113 24.854
703.318 24.815
703.524 24.768
703.729 24.781
703.934 24.806
704.140 24.811
704.345 24.793
704.551 24.775
704.756 24.767
704.961 24.752
705.167 24.739
705.372 24.700
705.578 24.742
705.783 24.754
705.988 24.723
706.194 24.656
706.399 24.632
706.605 24.665
706.810 24.722
707.015 24.765
707.221 24.736
707.426 24.716
707.632 24.717
707.837 24.727
708.042 24.729
708.248 24.739
708.453 24.757
708.659 24.742
708.864 24.761
709.069 24.799
709.275 24.803
709.480 24.771
709.686 24.754
709.891 24.749
710.096 24.760
710.302 24.774
710.507 24.801
710.713 24.799
710.918 24.797
711.123 24.772
711.329 24.716
711.534 24.761
711.740 24.814
711.945 24.866
712.150 24.902
712.356 24.926
712.561 24.953
712.766 24.963
712.972 24.958
713.177 24.957
713.383 24.944
713.588 24.927
713.793 24.942
713.999 24.951
714.204 24.932
714.410 24.905
714.615 24.916
714.820 24.942
715.026 24.953
715.231 24.985
715.437 25.010
715.642 25.064
715.847 25.086
716.053 25.056
716.258 25.052
716.464 25.061
716.669 25.083
716.874 25.093
717.080 25.133
717.285 25.280
717.491 25.317
717.696 25.333
717.901 25.335
718.107 25.335
718.312 25.346
718.518 25.370
718.723 25.401
718.928 25.423
719.134 25.404
719.339 25.392
719.545 25.358
719.750 25.318
719.955 25.281
720.161 25.245
720.366 25.213
720.572 25.190
720.777 25.184
720.982 25.112
721.188 25.081
721.393 25.042
721.599 24.950
721.804 24.961
722.009 24.979
722.215 25.011
722.420 25.025
722.626 25.064
722.831 25.066
723.036 25.037
723.242 25.009
723.447 25.045
723.653 25.080
723.858 25.084
724.063 25.121
724.269 25.184
724.474 25.225
724.680 25.307
724.885 25.350
725.090 25.313
725.296 25.324
725.501 25.311
725.707 25.304
725.912 25.289
726.117 25.273
726.323 25.299
726.528 25.310
726.734 25.311
726.939 25.325
727.144 25.345
727.350 25.381
727.555 25.393
727.761 25.421
727.966 25.416
728.171 25.467
728.377 25.512
728.582 25.445
728.788 25.375
728.993 25.305
729.198 25.274
729.404 25.332
729.609 25.398
729.815 25.425
730.020 25.408
730.225 25.414
730.431 25.407
730.636 25.360
730.842 25.324
731.047 25.288
731.252 25.216
731.458 25.200
731.663 25.252
731.869 25.257
732.074 25.196
732.279 25.178
732.485 25.169
732.690 25.118
732.896 25.143
733.101 25.209
733.306 25.277
733.512 25.270
733.717 25.253
733.923 25.192
734.128 25.199
734.333 25.258
734.539 25.283
734.744 25.257
734.950 25.237
735.155 25.232
735.360 25.304
735.566 25.360
735.771 25.379
735.977 25.337
736.182 25.336
736.387 25.367
736.593 25.407
736.798 25.466
737.004 25.497
737.209 25.528
737.414 25.530
737.620 25.525
737.825 25.552
738.031 25.572
738.236 25.596
738.441 25.587
738.647 25.557
738.852 25.521
739.058 25.550
739.263 25.593
739.468 25.628
739.674 25.617
739.879 25.619
740.085 25.645
740.290 25.634
740.495 25.612
740.701 25.628
740.906 25.627
741.112 25.580
741.317 25.533
741.522 25.513
741.728 25.495
741.933 25.525
742.139 25.554
742.344 25.583
742.549 25.567
742.755 25.549
742.960 25.564
743.166 25.553
743.371 25.517
743.576 25.532
743.782 25.545
743.987 25.584
744.193 25.596
744.398 25.534
744.603 25.520
744.809 25.539
745.014 25.499
745.220 25.462
745.425 25.373
745.630 25.352
745.836 25.352
746.041 25.337
746.246 25.290
746.452 25.280
746.657 25.254
746.863 25.283
747.068 25.376
747.274 25.442
747.479 25.517
747.684 25.574
747.890 25.580
748.095 25.544
748.300 25.503
748.506 25.507
748.711 25.542
748.917 25.567
749.122 25.563
749.327 25.564
749.533 25.571
749.738 25.638
749.944 25.685
750.149 25.671
750.354 25.695
750.560 25.735
750.765 25.714
750.971 25.728
751.176 25.740
751.381 25.730
751.587 25.672
751.792 25.644
751.998 25.614
752.203 25.587
752.408 25.633
752.614 25.634
752.819 25.660
753.025 25.692
753.230 25.700
753.435 25.725
753.641 25.774
753.846 25.851
754.052 25.882
754.257 25.840
754.462 25.843
754.668 25.844
754.873 25.830
755.079 25.827
755.284 25.843
755.489 25.880
755.695 25.815
755.900 25.850
756.106 25.866
756.311 25.894
756.516 25.852
756.722 25.805
756.927 25.779
757.133 25.726
757.338 25.667
757.543 25.653
757.749 25.633
757.954 25.594
758.160 25.506
758.365 25.472
758.570 25.550
758.776 25.585
758.981 25.588
759.187 25.601
759.392 25.677
759.597 25.659
759.803 25.577
760.008 25.586
760.214 25.560
760.419 25.509
760.624 25.479
760.830 25.620
761.035 25.666
761.241 25.644
761.446 25.611
761.651 25.605
761.857 25.633
762.062 25.643
762.268 25.615
762.473 25.616
762.678 25.640
762.884 25.628
763.089 25.610
763.295 25.657
763.500 25.741
763.709 25.739
763.918 25.723
764.126 25.732
764.335 25.769
764.544 25.817
764.753 25.835
764.962 25.891
765.171 25.860
765.379 25.811
765.588 25.867
765.797 25.947
766.006 26.013
766.215 26.029
766.424 26.041
766.632 26.071
766.841 26.117
767.050 26.106
767.259 26.085
767.468 26.152
767.677 26.130
767.885 26.001
768.094 25.958
768.303 26.005
768.512 26.044
768.721 26.062
768.929 26.023
769.138 26.075
769.347 26.097
769.556 26.077
769.765 26.145
769.974 26.156
770.182 26.115
770.391 26.087
770.600 26.083
770.809 26.089
771.018 26.123
771.227 26.111
771.435 26.114
771.644 26.099
771.853 26.103
772.062 26.151
772.271 26.210
772.480 26.197
772.688 26.160
772.897 26.167
773.106 26.152
773.315 26.210
773.524 26.246
773.732 26.297
773.941 26.320
774.150 26.259
774.359 26.215
774.568 26.222
774.777 26.196
774.985 26.171
775.194 26.153
775.403 26.157
775.612 26.171
775.821 26.223
776.030 26.316
776.238 26.266
776.447 26.230
776.656 26.289
776.865 26.357
777.074 26.398
777.283 26.449
777.491 26.469
777.700 26.360
777.909 26.261
778.118 26.112
778.327 26.078
778.535 26.188
778.744 26.249
778.953 26.258
779.162 26.280
779.371 26.301
779.580 26.367
779.788 26.432
779.997 26.462
780.206 26.385
780.415 26.285
780.624 26.275
780.833 26.276
781.041 26.186
781.250 26.115
781.459 26.095
781.668 26.079
781.877 26.065
782.086 26.139
782.294 26.133
782.503 26.199
782.712 26.224
782.921 26.181
783.130 26.149
783.338 26.192
783.547 26.219
783.756 26.205
783.965 26.174
784.174 26.166
784.383 26.269
784.591 26.369
784.800 26.465
785.009 26.500
785.218 26.502
785.427 26.584
785.636 26.616
785.844 26.610
786.053 26.610
786.262 26.645
786.471 26.654
786.680 26.749
786.889 26.796
787.097 26.784
787.306 26.807
787.515 26.792
787.724 26.732
787.933 26.728
788.141 26.759
788.350 26.723
788.559 26.645
788.768 26.574
788.977 26.550
789.186 26.520
789.394 26.528
789.603 26.492
789.812 26.410
790.021 26.431
790.230 26.508
790.439 26.620
790.647 26.561
790.856 26.535
791.065 26.512
791.274 26.533
791.483 26.565
791.692 26.584
791.900 26.674
792.109 26.682
792.318 26.687
792.527 26.698
792.736 26.773
792.944 26.854
793.153 26.883
793.362 26.874
793.571 26.824
793.780 26.847
793.989 26.913
794.197 26.943
794.406 26.933
794.615 26.859
794.824 26.691
795.033 26.693
795.242 26.742
795.450 26.727
795.659 26.659
795.868 26.593
796.077 26.548
796.286 26.558
796.495 26.602
796.703 26.624
796.912 26.654
797.121 26.712
797.330 26.715
797.539 26.686
797.747 26.779
797.956 26.847
798.165 26.796
798.374 26.801
798.583 26.829
798.792 26.796
799.000 26.869
799.209 26.993
799.418 27.114
799.627 27.185
799.836 27.239
800.045 27.358
800.253 27.503
800.462 27.576
800.671 27.506
800.880 27.514
801.089 27.534
801.298 27.494
801.506 27.420
801.715 27.507
801.924 27.628
802.133 27.626
802.342 27.640
802.550 27.657
802.759 27.727
802.968 27.783
803.177 27.820
803.386 27.762
803.595 27.721
803.803 27.688
804.012 27.604
804.221 27.594
804.430 27.598
804.639 27.647
804.848 27.605
805.056 27.632
805.265 27.654
805.474 27.713
805.683 27.742
805.892 27.753
806.101 27.740
806.309 27.646
806.518 27.524
806.727 27.491
806.936 27.563
807.145 27.495
807.353 27.423
807.562 27.400
807.771 27.428
807.980 27.402
808.189 27.325
808.398 27.344
808.606 27.465
808.815 27.521
809.024 27.446
809.233 27.506
809.442 27.517
809.651 27.414
809.859 27.302
810.068 27.281
810.277 27.328
810.486 27.216
810.695 27.170
810.904 27.288
811.112 27.309
811.321 27.310
811.530 27.368
811.741 27.466
811.953 27.572
812.164 27.623
812.375 27.645
812.586 27.675
812.798 27.672
813.009 27.630
813.220 27.650
813.431 27.678
813.643 27.715
813.854 27.870
814.065 27.984
814.276 28.068
814.488 28.142
814.699 28.097
814.910 28.198
815.121 28.211
815.333 28.102
815.544 28.118
815.755 28.065
815.966 28.042
816.178 28.036
816.389 27.970
816.600 27.902
816.811 27.932
817.023 28.007
817.234 28.090
817.445 28.072
817.656 28.057
817.868 28.194
818.079 28.215
818.290 28.194
818.502 28.221
818.713 28.216
818.924 28.189
819.135 28.222
819.347 28.186
819.558 28.225
819.769 28.452
819.980 28.519
820.192 28.565
820.403 28.554
820.614 28.568
820.825 28.668
821.037 28.765
821.248 28.898
821.459 28.931
821.670 28.920
821.882 28.862
822.093 28.786
822.304 28.692
822.515 28.671
822.727 28.615
822.938 28.595
823.149 28.651
823.360 28.681
823.572 28.833
823.783 28.954
823.994 29.017
824.205 28.812
824.417 28.757
824.628 28.812
824.839 28.818
825.051 28.784
825.262 28.757
825.473 28.793
825.684 28.723
825.896 28.641
826.107 28.572
826.318 28.644
826.529 28.673
826.741 28.585
826.952 28.542
827.163 28.618
827.374 28.713
827.586 28.713
827.797 28.814
828.008 28.804
828.219 28.789
828.431 28.861
828.642 29.097
828.853 29.244
829.064 29.267
829.276 29.343
829.487 29.323
829.698 29.267
829.909 29.249
830.121 29.266
830.332 29.357
830.543 29.384
830.754 29.430
830.966 29.478
831.177 29.515
831.388 29.563
831.600 29.505
831.811 29.525
832.022 29.729
832.233 29.841
832.445 29.672
832.656 29.609
832.867 29.568
833.078 29.467
833.290 29.366
833.501 29.450
833.712 29.493
833.923 29.528
834.135 29.583
834.346 29.541
834.557 29.459
834.768 29.525
834.980 29.769
835.191 29.811
835.402 29.843
835.613 29.977
835.825 30.161
836.036 30.203
836.247 30.243
836.458 30.282
836.670 30.178
836.881 30.305
837.092 30.357
837.303 30.399
837.515 30.561
837.726 30.600
837.937 30.513
838.148 30.569
838.360 30.680
838.571 30.732
838.782 30.750
838.994 30.785
839.205 30.677
839.416 30.485
839.627 30.492
839.839 30.488
840.050 30.411
840.261 30.288
840.472 30.362
840.684 30.313
840.895 30.163
841.106 30.083
841.317 30.039
841.529 30.086
841.740 30.033
841.951 29.869
842.162 29.946
842.374 30.133
842.585 30.162
842.796 30.081
843.007 30.148
843.219 30.322
843.430 30.384
843.641 30.340
843.852 30.273
844.064 30.262
844.275 30.272
844.486 30.376
844.697 30.406
844.909 30.340
845.120 30.383
845.331 30.376
845.543 30.495
845.754 30.594
845.965 30.553
846.176 30.593
846.388 30.705
846.599 30.733
846.810 30.732
847.021 30.689
847.233 30.899
847.444 31.011
847.655 31.106
847.866 31.095
848.078 31.245
848.289 31.475
848.500 31.435
848.711 31.523
848.923 31.607
849.134 31.575
849.345 31.565
849.556 31.480
849.768 31.440
849.979 31.430
850.190 31.493
850.401 31.595
850.613 31.778
850.824 31.810
851.035 31.827
851.246 31.749
851.458 31.836
851.669 31.771
851.880 31.508
852.092 31.439
852.303 31.670
852.514 31.922
852.725 32.121
852.937 32.204
853.148 32.180
853.359 32.120
853.570 32.222
853.782 32.447
853.993 32.578
854.204 32.588
854.415 32.529
854.627 32.501
854.838 32.510
855.049 32.519
855.260 32.590
855.472 32.489
855.683 32.514
855.894 32.631
856.105 32.727
856.317 32.833
856.528 32.748
856.739 32.492
856.950 32.335
857.162 32.072
857.373 32.052
857.584 32.007
857.795 31.988
858.007 31.987
858.218 31.758
858.429 32.022
858.640 32.550
858.852 32.395
859.063 32.307
859.274 32.408
859.486 32.201
859.697 31.928
859.908 32.164
860.119 32.353
860.331 32.275
860.542 32.329
860.753 32.570
860.964 32.748
861.176 32.973
861.387 32.979
861.598 33.123
861.809 33.289
862.021 33.307
862.232 33.303
862.443 33.296
862.654 33.440
862.866 33.246
863.077 32.954
863.288 33.402
863.499 33.775
863.711 33.847
863.922 34.051
864.133 34.389
864.344 34.147
864.556 33.822
864.767 33.613
864.978 33.276
865.189 33.211
865.401 33.253
865.612 33.192
865.823 33.124
866.035 33.069
866.246 32.932
866.457 33.076
866.668 33.237
866.880 33.348
867.091 33.395
867.302 33.334
867.513 33.294
867.725 33.300
867.936 33.386
868.147 33.335
868.358 33.331
868.570 33.221
868.781 33.458
868.992 33.807
869.203 34.077
869.415 34.411
869.626 34.665
869.837 34.611
870.048 34.747
870.260 34.859
870.471 34.924
870.682 34.911
870.893 34.778
871.105 34.858
871.316 34.932
871.527 34.885
871.738 35.173
871.950 35.433
872.161 35.352
872.372 35.052
872.584 34.840
872.795 34.714
873.006 34.609
873.217 34.640
873.429 34.619
873.640 34.548
873.851 34.375
874.062 34.111
874.274 33.974
874.485 33.950
874.696 34.079
874.907 34.000
875.119 34.113
875.330 34.096
875.541 33.855
875.752 33.598
875.964 33.627
876.175 33.558
876.386 33.384
876.597 33.411
876.809 33.604
877.020 33.891
877.231 34.026
877.442 34.200
877.654 34.240
877.865 34.192
878.076 34.175
878.287 34.081
878.499 33.955
878.710 34.081
878.921 33.995
879.133 33.806
879.344 34.010
879.555 34.209
879.766 34.430
879.978 34.511
880.189 34.745
880.400 34.974
880.611 34.954
880.823 35.042
881.034 35.146
881.245 35.088
881.456 34.885
881.668 34.731
881.879 34.720
882.090 34.824
882.301 34.818
882.513 34.662
882.724 34.814
882.935 34.846
883.146 34.728
883.358 34.989
883.569 35.068
883.780 34.972
883.991 34.981
884.203 35.038
884.414 35.206
884.625 35.201
884.836 34.941
885.048 34.966
885.259 35.069
885.470 35.009
885.682 34.997
885.893 35.130
886.104 35.394
886.315 35.450
886.527 35.247
886.738 35.284
886.949 35.484
887.160 35.579
887.372 35.663
887.583 35.850
887.794 35.631
888.005 35.659
888.217 35.636
888.428 35.446
888.639 35.431
888.850 35.371
889.062 35.259
889.273 35.371
889.484 35.289
889.695 34.998
889.907 35.036
890.118 35.009
890.329 35.046
890.540 35.037
890.752 35.061
890.963 35.163
891.174 35.261
891.385 35.608
891.597 35.704
891.808 35.834
892.019 35.843
892.231 35.977
892.442 36.093
892.653 36.241
892.864 36.215
893.076 36.615
893.287 37.397
893.498 37.447
893.709 37.520
893.921 37.427
894.132 37.539
894.343 37.520
894.554 37.471
894.766 37.709
894.977 37.863
895.188 37.849
895.399 37.796
895.611 37.583
895.822 37.353
896.033 37.319
896.244 37.183
896.456 37.302
896.667 37.410
896.878 37.540
897.089 37.632
897.301 37.662
897.512 37.216
897.723 36.544
897.934 36.684
898.146 36.838
898.357 36.974
898.568 37.017
898.779 37.023
898.991 37.207
899.202 37.118
899.413 36.998
899.625 37.055
899.836 37.353
900.047 37.918
900.258 37.938
900.470 37.945
900.681 38.172
900.892 38.275
901.103 38.298
901.315 38.247
901.526 38.234
901.737 38.426
901.948 38.488
902.160 38.273
902.371 38.147
902.582 37.853
902.793 37.843
903.005 37.946
903.216 38.167
903.427 38.217
903.638 38.003
903.850 37.996
904.061 38.186
904.272 38.175
904.483 37.546
904.695 37.398
904.906 37.463
905.117 37.341
905.328 36.966
905.540 36.815
905.751 36.473
905.962 36.387
906.174 36.563
906.385 36.318
906.596 36.289
906.807 36.558
907.019 36.941
907.230 37.139
907.441 37.249
907.652 37.291
907.864 37.402
908.075 37.436
908.286 37.115
908.497 36.813
908.709 36.528
908.920 36.943
909.131 37.189
909.342 37.299
909.554 37.619
909.765 38.150
909.976 38.230
910.187 38.553
910.399 38.603
910.610 38.484
910.821 38.902
911.032 39.255
911.244 39.062
911.455 38.717
911.666 38.768
911.877 38.999
912.089 38.989
912.300 38.935
912.515 39.141
912.730 39.560
912.944 39.796
913.159 40.366
913.374 40.611
913.589 40.732
913.803 40.879
914.018 40.733
914.233 40.198
914.448 40.360
914.663 40.548
914.877 40.911
915.092 41.010
915.307 40.985
915.522 41.090
915.736 41.413
915.951 41.613
916.166 41.654
916.381 41.260
916.596 41.281
916.810 41.854
917.025 42.035
917.240 42.025
917.455 41.995
917.669 41.277
917.884 40.591
918.099 40.324
918.314 40.371
918.529 41.017
918.743 41.929
918.958 42.139
919.173 42.056
919.388 41.814
919.602 41.847
919.817 42.117
920.032 42.467
920.247 42.841
920.462 43.491
920.676 43.860
920.891 43.997
921.106 43.794
921.321 43.207
921.535 43.160
921.750 43.426
921.965 43.880
922.180 44.498
922.395 44.890
922.609 45.410
922.824 45.446
923.039 45.071
923.254 44.313
923.469 44.061
923.683 44.041
923.898 43.534
924.113 43.311
924.328 43.476
924.542 43.499
924.757 42.998
924.972 42.669
925.187 42.294
925.402 42.392
925.616 42.627
925.831 42.994
926.046 42.913
926.261 43.194
926.475 43.101
926.690 43.209
926.905 43.930
927.120 44.091
927.335 43.940
927.549 44.165
927.764 44.771
927.979 44.803
928.194 44.976
928.408 45.567
928.623 45.754
928.838 45.953
929.053 46.416
929.268 46.576
929.482 45.995
929.697 45.936
929.912 46.134
930.127 46.118
930.341 46.761
930.556 47.773
930.771 47.725
930.986 47.774
931.201 47.399
931.415 46.824
931.630 46.945
931.845 47.658
932.060 47.806
932.274 48.293
932.489 48.571
932.704 48.788
932.919 49.186
933.134 49.267
933.348 49.059
933.563 48.338
933.778 48.422
933.993 49.595
934.207 50.076
934.422 49.916
934.637 50.269
934.852 49.613
935.067 48.879
935.281 48.755
935.496 49.423
935.711 50.625
935.926 51.097
936.140 51.392
936.355 51.755
936.570 51.925
936.785 51.335
937.000 51.285
937.214 51.816
937.429 52.367
937.644 52.918
937.859 53.010
938.073 53.097
938.288 53.314
938.503 53.578
938.718 54.080
938.933 55.516
939.147 56.923
939.362 57.731
939.577 58.289
939.792 58.270
940.007 57.723
940.221 57.161
940.436 57.202
940.651 57.067
940.866 57.018
941.080 57.092
941.295 57.753
941.510 58.005
941.725 57.512
941.940 57.544
942.154 57.674
942.369 58.170
942.584 58.891
942.799 59.496
943.013 59.586
943.228 59.466
943.443 58.929
943.658 57.455
943.873 57.288
944.087 57.497
944.302 57.704
944.517 57.726
944.732 57.600
944.946 56.767
945.161 57.006
945.376 56.656
945.591 56.951
945.806 57.162
946.020 57.977
946.235 59.487
946.450 59.534
946.665 59.247
946.879 58.921
947.094 58.848
947.309 58.508
947.524 58.712
947.739 58.644
947.953 57.946
948.168 58.159
948.383 57.658
948.598 57.196
948.812 58.273
949.027 57.702
949.242 57.095
949.457 58.681
949.672 59.267
949.886 59.000
950.101 58.614
950.316 58.778
950.531 58.806
950.745 58.331
950.960 59.059
951.175 60.088
951.390 60.970
951.605 61.373
951.819 62.566
952.034 63.861
952.249 65.176
952.464 65.157
952.678 65.445
952.893 65.865
953.108 65.146
953.323 63.872
953.538 64.765
953.752 65.064
953.967 63.733
954.182 62.692
954.397 63.821
954.611 64.266
954.826 63.320
955.041 63.117
955.256 62.904
955.471 61.489
955.685 60.565
955.900 59.899
956.115 60.432
956.330 61.070
956.544 59.362
956.759 57.629
956.974 58.401
957.189 58.732
957.404 58.740
957.618 59.570
957.833 59.761
958.048 59.201
958.263 59.614
958.478 60.517
958.692 60.948
958.907 60.671
959.122 60.235
959.337 60.485
959.551 59.956
959.766 59.046
959.981 59.630
960.196 59.866
960.411 59.525
960.625 58.143
960.840 56.045
961.055 55.097
961.270 55.425
961.484 54.971
961.699 54.744
961.914 54.917
962.129 55.854
962.344 57.856
962.558 59.663
962.773 60.290
962.988 61.552
963.203 63.192
963.417 63.498
963.632 64.339
963.847 65.026
964.062 65.653
964.277 66.300
964.491 65.543
964.706 65.902
964.921 66.417
965.136 66.981
965.350 68.054
965.565 69.050
965.780 69.137
965.987 69.237
966.194 70.276
966.402 70.355
966.609 69.145
966.816 67.655
967.023 65.953
967.231 65.705
967.438 64.862
967.645 63.223
967.852 62.206
968.059 61.754
968.267 62.073
968.474 63.552
968.681 64.137
968.888 65.408
969.096 65.211
969.303 64.874
969.510 65.435
969.717 65.344
969.925 66.255
970.132 66.071
970.339 65.382
970.546 63.618
970.753 63.439
970.961 64.936
971.168 65.414
971.375 66.225
971.582 65.428
971.790 64.421
971.997 64.564
972.204 64.481
972.411 64.342
972.618 65.113
972.826 64.166
973.033 63.524
973.240 62.813
973.447 62.899
973.655 63.495
973.862 62.801
974.069 62.957
974.276 63.735
974.483 64.092
974.691 65.305
974.898 66.558
975.105 67.227
975.312 66.693
975.520 66.065
975.727 65.806
975.934 66.106
976.141 66.460
976.349 66.308
976.556 67.760
976.763 67.812
976.970 66.914
977.177 65.624
977.385 65.408
977.592 65.748
977.799 65.638
978.006 66.554
978.214 68.379
978.421 69.290
978.628 67.817
978.835 67.801
979.042 66.383
979.250 65.797
979.457 65.996
979.664 65.712
979.871 66.132
980.079 67.874
980.286 67.588
980.493 67.082
980.700 68.294
980.907 69.826
981.115 69.565
981.322 68.483
981.529 69.434
981.736 69.191
981.944 69.158
982.151 70.267
982.358 69.540
982.565 68.029
982.773 66.395
982.980 66.809
983.187 68.684
983.394 71.816
983.601 70.828
983.809 68.933
984.016 67.304
984.223 66.090
984.430 64.036
984.638 64.091
984.845 65.910
985.052 67.337
985.259 65.608
985.466 66.185
985.674 66.607
985.881 67.744
986.088 69.887
986.295 71.526
986.503 71.998
986.710 72.469
986.917 72.419
987.124 72.967
987.331 72.749
987.539 72.017
987.746 70.764
987.953 72.051
988.160 74.789
988.368 77.729
988.575 79.854
988.782 81.448
988.989 81.539
989.197 80.844
989.404 79.405
989.611 79.323
989.818 76.906
990.025 76.688
990.233 76.218
990.440 74.681
990.647 71.677
990.854 70.306
991.062 70.856
991.269 70.830
991.476 70.060
991.683 70.440
991.890 70.631
992.098 70.489
992.305 71.997
992.512 71.112
992.719 70.755
992.927 71.564
993.134 71.174
993.341 72.064
993.548 71.962
993.755 70.715
993.963 70.176
994.170 71.449
994.377 70.977
994.584 69.877
994.792 73.769
994.999 78.819
995.206 79.602
995.413 78.537
995.621 79.815
995.828 80.753
996.035 80.045
996.242 79.050
996.449 79.939
996.657 80.111
996.864 79.000
997.071 77.465
997.278 75.110
997.486 76.780
997.693 76.449
997.900 76.240
998.107 76.562
998.314 75.637
998.522 77.365
998.729 79.496
998.936 79.839
999.143 78.122
999.351 77.269
999.558 76.680
999.765 77.651
999.972 77.262
1000.179 76.984
1000.387 77.936
1000.594 78.823
1000.801 78.247
1001.008 77.712
1001.216 77.989
1001.423 79.558
1001.630 80.261
1001.837 76.792
1002.045 77.105
1002.252 79.130
1002.459 81.015
1002.666 84.145
1002.873 85.304
1003.081 84.788
1003.288 83.934
1003.495 82.026
1003.702 80.268
1003.910 82.127
1004.117 84.456
1004.324 84.060
1004.531 84.682
1004.738 85.186
1004.946 84.293
1005.153 83.381
1005.360 84.103
1005.567 88.875
1005.775 89.166
1005.982 88.174
1006.189 89.008
1006.396 88.122
1006.603 85.216
1006.811 82.813
1007.018 79.271
1007.225 78.471
1007.432 80.294
1007.640 85.562
1007.847 86.785
1008.054 86.900
1008.261 84.095
1008.469 81.343
1008.676 84.028
1008.883 87.632
1009.090 90.535
1009.297 89.743
1009.505 91.206
1009.712 91.137
1009.919 86.527
1010.126 85.207
1010.334 87.036
1010.541 86.868
1010.748 89.148
1010.955 92.369
1011.162 93.607
1011.370 98.287
1011.577 97.783
1011.784 96.102
1011.991 91.466
1012.199 86.103
1012.406 83.738
1012.613 86.876
1012.820 84.807
1013.027 78.418
1013.235 73.742
1013.442 70.168
1013.649 73.410
1013.856 77.153
1014.064 79.120
1014.271 79.011
1014.478 78.082
1014.685 77.670
1014.893 78.909
1015.100 78.032
1015.307 76.081
1015.514 75.746
1015.721 71.779
1015.929 71.316
1016.136 70.601
1016.343 71.146
1016.550 79.306
