292.253 94.861
292.450 97.358
292.647 98.214
292.845 98.362
293.042 98.901
293.239 99.166
293.437 98.023
293.634 96.154
293.831 95.297
294.029 95.449
294.226 95.546
294.423 98.339
294.621 98.213
294.818 97.017
295.015 96.332
295.213 97.025
295.410 98.552
295.607 99.257
295.805 99.225
296.002 98.623
296.199 98.327
296.397 97.491
296.594 95.499
296.791 94.039
296.989 94.120
297.186 93.022
297.383 91.754
297.581 93.141
297.778 95.202
297.975 95.967
298.173 95.227
298.370 95.445
298.567 96.660
298.765 97.109
298.962 98.433
299.159 99.041
299.357 98.987
299.554 98.748
299.751 98.964
299.949 98.133
300.146 98.639
300.343 97.950
300.541 96.263
300.738 96.785
300.935 97.995
301.133 97.845
301.330 98.772
301.527 100.542
301.725 100.022
301.922 98.666
302.119 98.664
302.317 100.476
302.514 100.104
302.711 98.330
302.909 97.378
303.106 95.829
303.303 95.126
303.501 95.387
303.698 95.083
303.895 94.193
304.093 93.613
304.290 93.207
304.487 93.936
304.685 94.169
304.882 93.247
305.079 92.484
305.277 91.902
305.474 91.134
305.671 89.489
305.869 89.302
306.066 89.928
306.263 89.295
306.461 87.821
306.658 87.738
306.855 87.905
307.053 87.554
307.250 88.012
307.447 88.826
307.645 89.176
307.842 89.105
308.039 89.026
308.237 89.163
308.434 88.890
308.631 88.652
308.829 89.043
309.026 88.755
309.223 88.563
309.421 88.603
309.618 88.210
309.815 88.707
310.013 88.740
310.210 88.114
310.407 88.327
310.605 88.334
310.802 88.411
310.999 88.846
311.197 90.395
311.394 90.885
311.591 90.380
311.789 89.242
311.986 88.309
312.183 87.572
312.381 87.459
312.578 87.723
312.775 86.748
312.973 86.292
313.170 86.708
313.347 86.730
313.523 86.569
313.700 86.428
313.877 86.656
314.054 86.734
314.230 87.359
314.407 87.639
314.584 87.508
314.761 86.608
314.937 86.186
315.114 85.420
315.291 83.829
315.467 83.368
315.644 84.034
315.821 84.448
315.998 84.772
316.174 84.286
316.351 84.206
316.528 84.449
316.704 83.888
316.881 83.374
317.058 82.508
317.235 82.327
317.411 82.497
317.588 82.348
317.765 82.162
317.942 81.342
318.118 80.357
318.295 80.825
318.472 81.712
318.648 82.008
318.825 82.354
319.002 82.514
319.179 81.327
319.355 79.813
319.532 79.386
319.709 79.411
319.885 79.802
320.062 79.205
320.239 79.279
320.416 78.859
320.592 78.968
320.769 78.951
320.946 78.258
321.123 78.740
321.299 78.218
321.476 78.077
321.653 78.313
321.829 77.875
322.006 77.050
322.183 76.939
322.360 76.051
322.536 74.565
322.713 74.281
322.890 75.088
323.066 76.218
323.243 76.390
323.420 76.167
323.597 75.815
323.773 74.978
323.950 74.811
324.127 75.838
324.304 75.731
324.480 76.249
324.657 76.932
324.834 76.046
325.010 75.388
325.187 74.720
325.364 75.597
325.541 77.250
325.717 76.097
325.894 74.503
326.071 74.484
326.248 74.980
326.424 74.608
326.601 73.839
326.778 72.842
326.954 72.130
327.131 71.705
327.308 71.094
327.485 71.665
327.661 71.600
327.838 71.666
328.015 72.407
328.191 72.289
328.368 72.117
328.545 72.434
328.722 73.230
328.898 72.640
329.075 70.632
329.252 69.287
329.429 69.939
329.605 70.379
329.782 69.311
329.959 68.337
330.135 69.110
330.312 69.960
330.489 70.638
330.666 71.202
330.842 71.729
331.019 71.802
331.196 71.360
331.372 70.834
331.549 70.040
331.726 69.771
331.903 69.499
332.079 70.018
332.256 69.817
332.433 68.464
332.610 68.490
332.786 68.714
332.963 68.757
333.140 68.378
333.316 68.157
333.493 68.379
333.670 68.468
333.847 68.332
334.023 67.784
334.200 67.082
334.377 66.816
334.553 66.295
334.730 66.059
334.907 65.114
335.084 64.240
335.260 63.781
335.437 62.915
335.614 62.478
335.791 60.961
335.967 60.801
336.144 62.342
336.321 62.920
336.497 62.811
336.674 62.062
336.851 62.246
337.028 62.409
337.204 62.801
337.381 62.700
337.558 62.069
337.734 61.788
337.911 61.516
338.088 61.559
338.265 61.767
338.441 61.308
338.618 61.939
338.795 63.504
338.972 64.190
339.148 63.899
339.325 63.591
339.502 63.720
339.678 63.419
339.855 61.929
340.032 61.190
340.209 61.092
340.385 61.044
340.562 60.651
340.739 60.533
340.916 60.741
341.092 60.607
341.269 60.442
341.446 60.538
341.622 59.737
341.799 58.680
341.976 58.064
342.153 57.943
342.329 57.544
342.506 56.675
342.683 56.807
342.859 57.551
343.036 57.459
343.213 57.373
343.390 57.060
343.566 56.833
343.743 56.463
343.920 56.229
344.097 55.986
344.273 55.693
344.450 55.307
344.627 54.700
344.803 54.377
344.980 54.621
345.157 54.319
345.334 55.072
345.510 55.434
345.687 55.469
345.864 55.815
346.040 55.988
346.217 55.155
346.394 53.797
346.571 52.984
346.747 53.535
346.924 54.024
347.101 54.416
347.278 54.768
347.454 54.617
347.631 54.625
347.808 54.804
347.984 54.586
348.161 54.085
348.338 53.726
348.515 53.833
348.691 53.352
348.868 53.095
349.045 52.515
349.221 51.868
349.398 51.738
349.575 51.399
349.752 50.549
349.928 50.715
350.105 51.159
350.282 50.997
350.459 50.522
350.635 49.764
350.812 49.053
350.989 48.616
351.165 48.553
351.342 48.410
351.519 48.229
351.696 48.314
351.872 48.207
352.049 47.868
352.226 47.574
352.402 47.483
352.579 47.735
352.756 48.213
352.933 48.481
353.109 48.055
353.286 48.315
353.463 49.036
353.640 48.836
353.816 48.364
353.993 48.039
354.170 48.005
354.346 48.008
354.523 47.661
354.700 47.564
354.877 47.350
355.053 47.134
355.230 47.181
355.407 47.487
355.584 47.937
355.760 47.616
355.937 46.906
356.114 46.438
356.290 46.037
356.467 45.696
356.644 45.496
356.821 45.465
356.997 45.177
357.174 44.864
357.351 44.717
357.527 44.769
357.704 44.874
357.881 44.506
358.058 44.366
358.234 44.552
358.411 44.489
358.588 44.974
358.765 44.783
358.941 44.256
359.118 43.879
359.295 43.417
359.471 43.822
359.648 43.913
359.825 44.160
360.002 44.043
360.178 44.040
360.355 44.485
360.532 44.344
360.708 43.550
360.885 43.341
361.062 43.469
361.239 43.425
361.415 43.724
361.592 43.954
361.769 43.443
361.946 43.088
362.122 43.127
362.299 42.429
362.476 42.445
362.652 42.535
362.829 41.938
363.006 41.212
363.183 40.969
363.359 41.099
363.536 40.852
363.713 40.453
363.889 39.816
364.066 38.982
364.243 38.750
364.420 39.047
364.596 38.918
364.773 38.605
364.950 38.727
365.127 38.189
365.303 37.784
365.480 37.897
365.660 37.848
365.839 37.632
366.019 37.600
366.199 37.721
366.379 37.488
366.558 37.521
366.738 37.987
366.918 37.910
367.098 37.875
367.277 37.775
367.457 37.858
367.637 37.508
367.816 37.521
367.996 37.730
368.176 37.495
368.356 37.283
368.535 36.976
368.715 36.419
368.895 36.186
369.075 35.762
369.254 35.792
369.434 35.878
369.614 35.319
369.793 35.105
369.973 34.725
370.153 34.720
370.333 34.968
370.512 34.862
370.692 34.867
370.872 34.933
371.051 34.796
371.231 34.514
371.411 34.599
371.591 34.169
371.770 33.490
371.950 33.183
372.130 33.137
372.310 33.637
372.489 33.923
372.669 33.803
372.849 34.084
373.028 33.953
373.208 33.626
373.388 33.590
373.568 33.268
373.747 33.003
373.927 32.625
374.107 31.786
374.287 31.600
374.466 31.708
374.646 31.614
374.826 31.528
375.005 31.540
375.185 31.475
375.365 31.483
375.545 31.823
375.724 32.130
375.904 31.732
376.084 31.102
376.263 30.595
376.443 30.491
376.623 30.148
376.803 29.921
376.982 29.883
377.162 29.745
377.342 29.802
377.522 29.836
377.701 30.006
377.881 30.329
378.061 30.282
378.240 29.773
378.420 29.567
378.600 29.463
378.780 29.449
378.959 29.249
379.139 29.172
379.319 29.123
379.499 28.896
379.678 29.119
379.858 29.354
380.038 29.381
380.217 29.321
380.397 29.150
380.577 28.936
380.757 28.585
380.936 28.661
381.116 28.815
381.296 28.737
381.476 28.731
381.655 28.760
381.835 28.434
382.015 28.562
382.194 28.637
382.374 28.589
382.554 28.554
382.734 28.558
382.913 28.400
383.093 27.971
383.273 27.717
383.452 27.695
383.632 27.607
383.812 27.568
383.992 27.556
384.171 27.675
384.351 27.628
384.531 27.537
384.711 27.255
384.890 26.939
385.070 26.772
385.250 26.471
385.429 26.439
385.609 26.706
385.789 26.341
385.969 25.827
386.148 25.695
386.328 25.550
386.508 25.516
386.688 25.703
386.867 25.818
387.047 25.769
387.227 25.429
387.406 25.060
387.586 24.827
387.766 24.649
387.946 24.505
388.125 24.425
388.305 24.624
388.485 24.553
388.664 24.465
388.844 24.566
389.024 24.622
389.204 24.332
389.383 24.029
389.563 24.035
389.743 24.217
389.923 24.193
390.102 23.995
390.282 23.681
390.462 23.495
390.641 23.379
390.821 23.354
391.001 23.452
391.181 23.602
391.360 23.711
391.540 23.898
391.720 23.890
391.900 23.782
392.079 23.480
392.259 23.455
392.439 23.420
392.618 23.227
392.798 22.995
392.978 22.821
393.158 22.772
393.337 22.693
393.517 22.400
393.697 22.218
393.877 22.174
394.056 22.098
394.236 22.098
394.416 22.140
394.595 22.115
394.775 21.894
394.955 21.580
395.135 21.385
395.314 21.214
395.494 21.018
395.674 20.868
395.853 20.763
396.033 20.663
396.213 20.679
396.393 20.557
396.572 20.558
396.752 20.662
396.932 20.617
397.112 20.824
397.291 21.066
397.471 21.044
397.651 20.962
397.830 20.908
398.010 20.928
398.190 20.921
398.370 20.734
398.549 20.736
398.729 20.727
398.909 20.685
399.089 20.474
399.268 20.454
399.448 20.642
399.628 20.705
399.807 20.787
399.987 20.589
400.167 20.484
400.347 20.337
400.526 20.271
400.706 20.296
400.886 20.003
401.065 19.664
401.245 19.566
401.425 19.411
401.605 19.282
401.784 19.020
401.964 18.850
402.144 19.054
402.324 19.239
402.503 19.411
402.683 19.374
402.863 19.377
403.042 19.192
403.222 18.931
403.402 18.895
403.582 18.762
403.761 18.668
403.941 18.725
404.121 18.654
404.301 18.449
404.480 18.311
404.660 18.280
404.844 18.343
405.029 18.490
405.213 18.675
405.398 18.944
405.582 18.981
405.767 18.924
405.951 18.698
406.136 18.410
406.320 18.118
406.505 18.071
406.689 18.115
406.874 18.153
407.058 18.026
407.243 17.918
407.427 17.962
407.612 17.945
407.796 17.784
407.981 17.807
408.165 17.869
408.350 17.802
408.534 17.731
408.719 17.772
408.903 17.518
409.088 17.372
409.272 17.310
409.457 17.294
409.641 17.281
409.826 17.289
410.010 17.287
410.195 17.365
410.379 17.283
410.564 17.084
410.748 16.942
410.933 16.936
411.117 16.988
411.302 16.940
411.486 16.971
411.671 16.938
411.855 16.917
412.040 16.972
412.224 17.065
412.409 16.990
412.593 16.766
412.778 16.836
412.962 16.740
413.147 16.569
413.331 16.490
413.516 16.360
413.700 16.354
413.885 16.886
414.069 17.758
414.254 17.733
414.438 17.841
414.623 18.073
414.807 18.135
414.992 18.038
415.176 17.968
415.361 17.891
415.545 17.844
415.730 17.930
415.914 17.916
416.099 17.791
416.283 17.832
416.468 17.997
416.652 17.989
416.837 18.120
417.021 18.220
417.206 18.215
417.390 18.274
417.575 18.275
417.759 17.735
417.944 16.704
418.128 16.695
418.313 16.527
418.497 16.230
418.682 16.077
418.866 16.067
419.051 16.087
419.235 16.021
419.420 16.031
419.604 15.875
419.789 15.802
419.973 15.848
420.158 15.865
420.342 15.693
420.527 15.624
420.711 15.433
420.896 15.330
421.080 15.299
421.265 15.183
421.449 15.086
421.634 15.020
421.818 15.070
422.003 14.970
422.187 14.930
422.372 15.128
422.556 15.184
422.741 15.201
422.925 15.235
423.110 15.394
423.294 15.389
423.479 15.324
423.663 15.153
423.848 15.007
424.032 14.932
424.217 14.911
424.401 14.833
424.586 14.854
424.770 14.861
424.955 14.878
425.139 14.871
425.324 14.739
425.508 14.525
425.693 14.381
425.877 14.415
426.062 14.482
426.246 14.320
426.431 14.175
426.615 14.044
426.800 13.928
426.984 13.753
427.169 13.719
427.353 13.776
427.538 13.803
427.722 13.805
427.907 13.854
428.091 13.895
428.276 13.833
428.460 13.792
428.645 13.845
428.829 13.902
429.014 13.846
429.198 13.960
429.383 14.142
429.567 14.172
429.752 14.092
429.936 14.014
430.121 14.037
430.305 14.207
430.490 14.266
430.674 14.250
430.859 14.202
431.043 14.162
431.228 14.107
431.412 14.173
431.597 14.245
431.781 14.212
431.966 14.151
432.150 14.233
432.335 14.285
432.519 14.094
432.704 13.814
432.888 13.719
433.073 13.592
433.257 13.487
433.442 13.382
433.626 13.345
433.811 13.322
433.995 13.245
434.180 13.097
434.364 12.974
434.549 12.892
434.733 12.901
434.918 12.816
435.102 12.756
435.287 12.611
435.471 12.443
435.656 12.373
435.840 12.368
436.030 12.301
436.220 12.188
436.410 12.274
436.600 12.492
436.790 12.676
436.980 12.768
437.170 12.798
437.360 12.848
437.550 12.848
437.741 12.852
437.931 12.857
438.121 12.890
438.311 12.938
438.501 12.954
438.691 12.994
438.881 13.037
439.071 13.012
439.261 12.999
439.451 13.039
439.641 12.947
439.831 12.920
440.021 13.025
440.211 13.112
440.401 13.041
440.591 12.828
440.781 12.723
440.971 12.677
441.161 12.685
441.351 12.725
441.542 12.767
441.732 12.810
441.922 12.714
442.112 12.615
442.302 12.565
442.492 12.526
442.682 12.442
442.872 12.496
443.062 12.454
443.252 12.442
443.442 12.411
443.632 12.461
443.822 12.517
444.012 12.401
444.202 12.245
444.392 12.152
444.582 12.416
444.772 12.830
444.962 12.808
445.153 12.753
445.343 12.659
445.533 12.540
445.723 12.426
445.913 12.513
446.103 12.579
446.293 12.623
446.483 12.637
446.673 12.659
446.863 12.584
447.053 12.540
447.243 12.527
447.433 12.501
447.623 12.467
447.813 12.377
448.003 12.351
448.193 12.413
448.383 12.428
448.573 12.205
448.764 11.743
448.954 11.750
449.144 11.717
449.334 11.676
449.524 11.735
449.714 11.805
449.904 11.744
450.094 11.739
450.284 11.725
450.474 11.714
450.664 11.644
450.854 11.595
451.044 11.637
451.234 11.599
451.424 11.541
451.614 11.483
451.804 11.381
451.994 11.326
452.184 11.266
452.375 11.292
452.565 11.987
452.755 13.218
452.945 13.161
453.135 13.160
453.325 13.176
453.515 13.216
453.705 13.213
453.895 13.147
454.085 13.016
454.275 12.901
454.465 12.812
454.655 12.783
454.845 12.791
455.035 12.745
455.225 12.758
455.415 12.781
455.605 12.803
455.795 12.865
455.985 12.926
456.176 12.954
456.366 12.962
456.556 12.286
456.746 11.075
456.936 11.058
457.126 11.037
457.316 11.089
457.506 11.020
457.696 10.923
457.886 10.924
458.076 10.869
458.266 10.836
458.456 10.860
458.646 10.903
458.836 10.918
459.026 11.004
459.216 11.028
459.406 11.041
459.596 10.961
459.787 10.859
459.977 10.753
460.167 10.701
460.357 10.583
460.547 10.455
460.737 10.402
460.927 10.419
461.117 10.418
461.307 10.314
461.497 10.200
461.687 10.165
461.877 10.156
462.067 10.179
462.257 10.197
462.447 10.151
462.637 10.130
462.827 10.119
463.017 10.032
463.207 9.988
463.397 9.944
463.588 9.950
463.778 10.012
463.968 10.066
464.158 10.044
464.348 10.041
464.538 10.091
464.728 10.098
464.918 10.101
465.108 10.127
465.298 10.133
465.488 10.188
465.678 10.137
465.868 10.060
466.058 10.037
466.248 9.989
466.438 9.998
466.628 9.975
466.818 9.897
467.008 9.866
467.199 9.829
467.389 9.814
467.579 9.819
467.769 9.758
467.959 9.752
468.149 9.762
468.339 9.767
468.529 9.755
468.719 9.720
468.909 9.645
469.099 9.567
469.289 9.487
469.479 9.407
469.669 9.426
469.859 9.456
470.049 9.466
470.239 9.452
470.429 9.446
470.619 9.422
470.810 9.396
471.000 9.349
471.190 9.311
471.380 9.256
471.570 9.191
471.760 9.128
471.950 9.049
472.140 9.009
472.330 9.013
472.520 8.973
472.710 8.926
472.900 8.896
473.090 8.878
473.280 8.923
473.470 8.912
473.660 8.879
473.850 8.898
474.040 8.948
474.230 8.955
474.421 8.932
474.611 8.891
474.801 8.885
474.991 8.888
475.181 8.891
475.371 8.900
475.561 8.919
475.751 8.978
475.941 8.965
476.131 8.916
476.321 8.857
476.511 8.844
476.701 8.855
476.891 8.823
477.081 8.786
477.271 8.775
477.461 8.819
477.651 8.798
477.841 8.724
478.031 8.679
478.222 8.683
478.412 8.671
478.602 8.645
478.792 8.563
478.982 8.529
479.172 8.532
479.362 8.498
479.552 8.488
479.742 8.417
479.932 8.387
480.122 8.345
480.312 8.316
480.502 8.303
480.692 8.250
480.882 8.209
481.072 8.163
481.262 8.132
481.452 8.058
481.642 8.018
481.833 8.031
482.023 8.031
482.213 7.996
482.403 7.930
482.593 7.917
482.783 7.949
482.973 7.970
483.163 7.932
483.353 7.913
483.543 7.873
483.733 7.895
483.923 7.889
484.113 7.903
484.303 7.900
484.493 7.842
484.683 7.829
484.873 7.840
485.063 7.875
485.253 7.842
485.443 7.810
485.634 7.782
485.824 7.747
486.014 7.676
486.204 7.657
486.394 7.677
486.584 7.685
486.774 7.647
486.964 7.603
487.154 7.611
487.344 7.617
487.534 7.559
487.724 7.502
487.914 7.477
488.104 7.485
488.294 7.483
488.484 7.496
488.674 7.500
488.864 7.469
489.054 7.402
489.245 7.378
489.435 7.411
489.625 7.452
489.815 7.448
490.005 7.438
490.195 7.445
490.385 7.444
490.575 7.416
490.765 7.444
490.955 7.505
491.145 7.517
491.335 7.489
491.525 7.444
491.715 7.420
491.905 7.422
492.095 7.408
492.285 7.433
492.475 7.452
492.665 7.432
492.856 7.421
493.046 7.474
493.236 7.481
493.426 7.449
493.616 7.450
493.806 7.464
493.996 7.524
494.186 7.507
494.376 7.459
494.566 7.461
494.756 7.462
494.946 7.437
495.136 7.412
495.326 7.398
495.516 7.471
495.706 7.514
495.896 7.530
496.086 7.545
496.276 7.517
496.467 7.460
496.657 7.468
496.847 7.473
497.037 7.397
497.227 7.368
497.417 7.365
497.607 7.336
497.797 7.320
497.987 7.236
498.177 7.183
498.367 7.142
498.557 7.107
498.747 7.084
498.937 7.011
499.127 6.937
499.317 6.924
499.507 6.908
499.697 6.885
499.887 6.831
500.077 6.774
500.268 6.780
500.458 6.789
500.648 6.767
500.838 6.771
501.028 6.818
501.218 6.775
501.408 6.753
501.598 6.726
501.788 6.695
501.978 6.715
502.168 6.746
502.358 6.801
502.548 6.853
502.738 6.853
502.928 6.913
503.118 6.981
503.308 6.986
503.498 6.968
503.688 6.984
503.879 7.021
504.069 7.014
504.259 6.966
504.449 6.952
504.639 6.929
504.829 6.926
505.019 6.919
505.209 6.961
505.399 6.971
505.589 6.976
505.779 6.990
505.969 6.993
506.159 6.970
506.349 6.892
506.539 6.832
506.729 6.812
506.919 6.792
507.109 6.776
507.299 6.785
507.490 6.783
507.680 6.719
507.870 6.692
508.060 6.687
508.250 6.652
508.440 6.610
508.630 6.581
508.820 6.563
509.010 6.494
509.200 6.428
509.390 6.413
509.580 6.402
509.770 6.366
509.960 6.319
510.150 6.313
510.340 6.359
510.530 6.357
510.720 6.372
510.910 6.370
511.100 6.320
511.291 6.270
511.481 6.256
511.671 6.251
511.861 6.224
512.051 6.256
512.241 6.324
512.431 6.335
512.621 6.357
512.811 6.372
513.001 6.434
513.191 6.448
513.381 6.453
513.571 6.474
513.761 6.497
513.951 6.496
514.141 6.471
514.331 6.440
514.521 6.420
514.711 6.378
514.902 6.337
515.092 6.389
515.282 6.431
515.472 6.393
515.662 6.398
515.852 6.409
516.042 6.358
516.232 6.340
516.422 6.395
516.612 6.408
516.802 6.390
516.992 6.335
517.182 6.348
517.372 6.337
517.562 6.309
517.752 6.304
517.942 6.340
518.132 6.350
518.322 6.349
518.513 6.348
518.703 6.356
518.893 6.372
519.083 6.348
519.273 6.295
519.463 6.322
519.653 6.322
519.843 6.303
520.033 6.310
520.223 6.257
520.413 6.191
520.603 6.189
520.793 6.208
520.983 6.251
521.173 6.273
521.363 6.295
521.553 6.309
521.743 6.292
521.933 6.275
522.123 6.303
522.314 6.348
522.504 6.372
522.694 6.386
522.884 6.373
523.074 6.351
523.264 6.347
523.454 6.336
523.644 6.340
523.834 6.349
524.024 6.344
524.214 6.326
524.404 6.308
524.594 6.261
524.784 6.246
524.974 6.201
525.164 6.186
525.354 6.178
525.544 6.167
525.734 6.164
525.925 6.143
526.115 6.128
526.305 6.083
526.495 6.050
526.685 6.014
526.875 5.986
527.065 5.970
527.255 5.966
527.445 5.933
527.635 5.898
527.825 5.888
528.015 5.905
528.205 5.967
528.395 6.041
528.585 6.084
528.775 6.067
528.965 6.106
529.155 6.125
529.345 6.080
529.535 6.051
529.726 6.014
529.916 6.001
530.106 5.988
530.296 5.991
530.486 5.990
530.676 6.021
530.866 6.048
531.056 6.060
531.246 6.091
531.436 6.115
531.626 6.133
531.816 6.143
532.006 6.167
532.196 6.177
532.386 6.150
532.576 6.123
532.766 6.092
532.956 6.064
533.146 6.035
533.337 6.059
533.527 6.084
533.717 6.138
533.907 6.126
534.097 6.117
534.287 6.152
534.477 6.161
534.667 6.135
534.857 6.122
535.047 6.113
535.237 6.126
535.427 6.152
535.617 6.159
535.807 6.147
535.997 6.096
536.187 6.053
536.377 6.041
536.567 6.042
536.757 6.062
536.948 6.055
537.138 6.028
537.328 5.999
537.518 5.972
537.708 5.956
537.898 5.971
538.088 5.982
538.278 5.954
538.468 5.935
538.658 5.912
538.848 5.913
539.038 5.935
539.228 5.901
539.418 5.856
539.608 5.859
539.798 5.848
539.988 5.869
540.178 5.890
540.368 5.868
540.558 5.890
540.749 5.897
540.939 5.911
541.129 5.957
541.319 6.008
541.509 6.032
541.699 6.055
541.889 6.075
542.079 6.072
542.269 6.076
542.459 6.070
542.649 6.045
542.839 6.004
543.029 5.984
543.219 6.006
543.409 6.016
543.599 6.006
543.789 6.029
543.979 6.015
544.169 5.978
544.360 5.977
544.550 5.962
544.740 5.971
544.930 5.940
545.120 5.893
545.310 5.860
545.500 5.846
545.690 5.804
545.880 5.787
546.070 5.797
546.267 5.776
546.463 5.784
546.660 5.825
546.857 5.858
547.054 5.846
547.251 5.810
547.447 5.793
547.644 5.777
547.841 5.766
548.038 5.773
548.234 5.806
548.431 5.834
548.628 5.862
548.825 5.847
549.021 5.842
549.218 5.838
549.415 5.819
549.612 5.839
549.808 5.862
550.005 5.881
550.202 5.867
550.399 5.886
550.595 5.938
550.792 5.968
550.989 5.991
551.186 6.000
551.382 6.022
551.579 6.066
551.776 6.078
551.973 6.069
552.169 6.047
552.366 6.009
552.563 5.991
552.760 5.942
552.956 5.942
553.153 5.953
553.350 5.962
553.547 5.970
553.743 5.945
553.940 5.943
554.137 5.921
554.334 5.917
554.530 5.922
554.727 5.864
554.924 5.821
555.121 5.799
555.317 5.800
555.514 5.786
555.711 5.758
555.908 5.775
556.104 5.811
556.301 5.842
556.498 5.872
556.695 5.869
556.891 5.872
557.088 5.869
557.285 5.895
557.482 5.941
557.678 5.978
557.875 6.001
558.072 5.991
558.269 5.989
558.465 6.020
558.662 6.027
558.859 6.042
559.056 6.068
559.252 6.067
559.449 6.066
559.646 6.100
559.843 6.127
560.039 6.138
560.236 6.112
560.433 6.089
560.630 6.079
560.826 6.079
561.023 6.077
561.220 6.083
561.417 6.073
561.613 6.016
561.810 5.973
562.007 5.947
562.204 5.951
562.400 5.973
562.597 5.932
562.794 5.929
562.991 5.946
563.187 5.940
563.384 5.946
563.581 5.953
563.778 5.981
563.974 6.010
564.171 5.992
564.368 6.008
564.565 6.050
564.761 6.066
564.958 6.081
565.155 6.108
565.352 6.119
565.548 6.118
565.745 6.150
565.942 6.161
566.139 6.182
566.335 6.185
566.532 6.157
566.729 6.154
566.926 6.171
567.122 6.191
567.319 6.175
567.516 6.173
567.713 6.205
567.909 6.197
568.106 6.152
568.303 6.144
568.500 6.125
568.696 6.094
568.893 6.053
569.090 6.025
569.287 5.989
569.483 5.992
569.680 6.018
569.877 6.060
570.074 6.091
570.270 6.092
570.467 6.101
570.664 6.129
570.861 6.156
571.057 6.121
571.254 6.103
571.451 6.142
571.648 6.157
571.844 6.130
572.041 6.099
572.238 6.096
572.435 6.090
572.631 6.086
572.828 6.080
573.025 6.113
573.222 6.127
573.418 6.123
573.615 6.097
573.812 6.075
574.009 6.044
574.205 6.022
574.402 6.017
574.599 6.020
574.796 5.998
574.992 5.970
575.189 5.944
575.386 5.905
575.583 5.897
575.779 5.905
575.976 5.882
576.173 5.851
576.370 5.858
576.567 5.887
576.763 5.890
576.960 5.886
577.160 5.871
577.359 5.858
577.559 5.858
577.759 5.865
577.958 5.860
578.158 5.817
578.357 5.822
578.557 5.828
578.757 5.813
578.956 5.813
579.156 5.824
579.356 5.839
579.555 5.842
579.755 5.812
579.954 5.782
580.154 5.798
580.354 5.810
580.553 5.787
580.753 5.749
580.953 5.748
581.152 5.749
581.352 5.762
581.552 5.778
581.751 5.792
581.951 5.779
582.150 5.760
582.350 5.771
582.550 5.789
582.749 5.792
582.949 5.815
583.149 5.832
583.348 5.819
583.548 5.829
583.748 5.882
583.947 5.876
584.147 5.861
584.346 5.841
584.546 5.858
584.746 5.847
584.945 5.823
585.145 5.808
585.345 5.805
585.544 5.789
585.744 5.774
585.943 5.766
586.143 5.758
586.343 5.751
586.542 5.786
586.742 5.777
586.942 5.759
587.141 5.725
587.341 5.704
587.541 5.724
587.740 5.695
587.940 5.643
588.139 5.671
588.339 5.682
588.539 5.696
588.738 5.715
588.938 5.746
589.138 5.785
589.337 5.785
589.537 5.788
589.736 5.791
589.936 5.788
590.136 5.773
590.335 5.785
590.535 5.790
590.735 5.741
590.934 5.714
591.134 5.708
591.334 5.705
591.533 5.680
591.733 5.639
591.932 5.647
592.132 5.662
592.332 5.644
592.531 5.648
592.731 5.624
592.931 5.589
593.130 5.567
593.330 5.546
593.530 5.560
593.729 5.545
593.929 5.541
594.128 5.552
594.328 5.582
594.528 5.595
594.727 5.625
594.927 5.693
595.127 5.761
595.326 5.760
595.526 5.764
595.725 5.775
595.925 5.811
596.125 5.809
596.324 5.790
596.524 5.798
596.724 5.810
596.923 5.834
597.123 5.841
597.323 5.868
597.522 5.876
597.722 5.878
597.921 5.897
598.121 5.904
598.321 5.893
598.520 5.885
598.720 5.888
598.920 5.853
599.119 5.810
599.319 5.775
599.519 5.803
599.718 5.816
599.918 5.823
600.117 5.806
600.317 5.820
600.517 5.836
600.716 5.819
600.916 5.803
601.116 5.778
601.315 5.778
601.515 5.774
601.714 5.773
601.914 5.756
602.114 5.741
602.313 5.728
602.513 5.740
602.713 5.736
602.912 5.729
603.112 5.742
603.312 5.722
603.511 5.702
603.711 5.700
603.910 5.685
604.110 5.676
604.310 5.688
604.509 5.710
604.709 5.725
604.909 5.740
605.108 5.779
605.308 5.790
605.507 5.803
605.707 5.810
605.907 5.809
606.106 5.816
606.306 5.809
606.506 5.798
606.705 5.814
606.905 5.838
607.105 5.840
607.304 5.843
607.504 5.880
607.703 5.883
607.903 5.861
608.103 5.847
608.302 5.863
608.502 5.872
608.702 5.849
608.901 5.833
609.101 5.819
609.301 5.775
609.500 5.789
609.700 5.779
609.899 5.762
610.099 5.772
610.299 5.786
610.498 5.808
610.698 5.822
610.898 5.804
611.097 5.794
611.297 5.810
611.496 5.826
611.696 5.829
611.896 5.819
612.095 5.812
612.295 5.821
612.495 5.823
612.694 5.837
612.894 5.858
613.094 5.870
613.293 5.888
613.493 5.909
613.692 5.896
613.892 5.874
614.092 5.883
614.291 5.876
614.491 5.869
614.691 5.872
614.890 5.888
615.090 5.908
615.289 5.909
615.489 5.878
615.689 5.851
615.888 5.830
616.088 5.845
616.288 5.874
616.487 5.885
616.687 5.874
616.887 5.853
617.086 5.826
617.286 5.816
617.485 5.819
617.685 5.804
617.885 5.817
618.084 5.852
618.284 5.845
618.484 5.868
618.683 5.917
618.883 5.928
619.082 5.918
619.282 5.919
619.482 5.917
619.681 5.934
619.881 5.951
620.081 5.940
620.280 5.885
620.480 5.854
620.680 5.856
620.879 5.867
621.079 5.885
621.278 5.906
621.478 5.896
621.678 5.864
621.877 5.864
622.077 5.854
622.277 5.861
622.476 5.883
622.676 5.855
622.876 5.800
623.075 5.807
623.275 5.840
623.474 5.838
623.674 5.842
623.874 5.877
624.073 5.890
624.273 5.915
624.473 5.941
624.672 5.945
624.872 5.952
625.071 5.949
625.271 5.934
625.471 5.935
625.670 5.965
625.870 6.022
626.070 6.028
626.269 6.008
626.469 5.996
626.669 5.967
626.868 5.962
627.068 5.956
627.267 5.924
627.467 5.885
627.667 5.856
627.866 5.839
628.066 5.805
628.266 5.781
628.465 5.781
628.665 5.819
628.865 5.840
629.064 5.839
629.264 5.836
629.463 5.844
629.663 5.846
629.863 5.833
630.062 5.792
630.262 5.772
630.462 5.781
630.661 5.757
630.861 5.908
631.060 6.185
631.260 6.227
631.460 6.257
631.659 6.270
631.859 6.280
632.059 6.295
632.258 6.312
632.458 6.330
632.658 6.317
632.857 6.292
633.057 6.277
633.256 6.268
633.456 6.280
633.656 6.265
633.855 6.239
634.055 6.221
634.255 6.242
634.454 6.256
634.654 6.263
634.853 6.281
635.053 6.145
635.253 5.894
635.452 5.884
635.652 5.863
635.852 5.838
636.051 5.836
636.251 5.838
636.451 5.855
636.650 5.857
636.850 5.886
637.049 5.880
637.249 5.882
637.449 5.881
637.648 5.864
637.848 5.855
638.048 5.872
638.247 5.895
638.447 5.879
638.647 5.889
638.846 5.915
639.046 5.902
639.245 5.900
639.445 5.900
639.645 5.878
639.844 5.857
640.044 5.859
640.244 5.883
640.443 5.913
640.643 5.889
640.842 5.862
641.042 5.854
641.242 5.910
641.441 5.934
641.641 5.947
641.841 5.919
642.040 5.910
642.240 5.900
642.440 5.890
642.639 5.912
642.839 5.923
643.038 5.917
643.238 5.960
643.438 5.985
643.637 6.000
643.837 5.998
644.037 6.025
644.236 6.076
644.436 6.082
644.635 6.042
644.835 6.032
645.035 6.056
645.234 6.050
645.434 6.017
645.634 5.984
645.833 5.995
646.033 6.065
646.233 6.100
646.432 6.132
646.632 6.168
646.831 6.159
647.031 6.163
647.231 6.174
647.430 6.152
647.630 6.134
647.830 6.113
648.029 6.119
648.229 6.077
648.429 6.012
648.628 5.979
648.828 5.993
649.027 5.983
649.227 5.962
649.427 5.958
649.626 5.969
649.826 5.999
650.026 5.970
650.225 5.926
650.425 5.932
650.624 5.930
650.824 5.908
651.024 5.900
651.223 5.877
651.423 5.858
651.623 5.891
651.822 5.924
652.022 5.939
652.222 5.953
652.421 5.981
652.621 6.025
652.820 6.056
653.020 6.057
653.220 6.063
653.419 6.088
653.619 6.086
653.819 6.067
654.018 6.062
654.218 6.086
654.418 6.125
654.617 6.123
654.817 6.109
655.016 6.113
655.216 6.139
655.416 6.162
655.615 6.153
655.815 6.110
656.015 6.097
656.214 6.133
656.414 6.172
656.613 6.182
656.813 6.199
657.013 6.234
657.212 6.229
657.412 6.254
657.612 6.271
657.811 6.286
658.011 6.291
658.211 6.310
658.410 6.341
658.610 6.330
658.809 6.345
659.009 6.343
659.209 6.340
659.408 6.327
659.608 6.339
659.808 6.353
660.007 6.369
660.207 6.395
660.406 6.381
660.606 6.320
660.806 6.323
661.005 6.339
661.205 6.301
661.405 6.308
661.604 6.322
661.804 6.322
662.004 6.318
662.203 6.327
662.403 6.308
662.602 6.286
662.802 6.300
663.002 6.301
663.201 6.322
663.401 6.322
663.601 6.333
663.800 6.335
664.000 6.342
664.199 6.379
664.399 6.378
664.599 6.349
664.798 6.360
664.998 6.394
665.198 6.366
665.397 6.369
665.597 6.402
665.797 6.411
665.996 6.423
666.196 6.417
666.395 6.396
666.595 6.391
666.795 6.412
666.994 6.431
667.194 6.430
667.394 6.420
667.593 6.429
667.793 6.448
667.993 6.474
668.192 6.485
668.392 6.461
668.591 6.420
668.791 6.430
668.991 6.513
669.190 6.507
669.390 6.519
669.590 6.538
669.789 6.510
669.989 6.497
670.188 6.467
670.388 6.470
670.588 6.510
670.787 6.537
670.987 6.526
671.187 6.511
671.386 6.545
671.586 6.567
671.786 6.576
671.985 6.542
672.185 6.489
672.384 6.485
672.584 6.488
672.784 6.513
672.983 6.517
673.183 6.453
673.383 6.448
673.582 6.444
673.782 6.460
673.981 6.480
674.181 6.441
674.381 6.435
674.580 6.437
674.780 6.409
674.980 6.391
675.179 6.396
675.379 6.411
675.579 6.372
675.778 6.343
675.978 6.332
676.177 6.350
676.377 6.367
676.577 6.393
676.776 6.393
676.976 6.372
677.176 6.389
677.375 6.423
677.575 6.445
677.775 6.477
677.974 6.461
678.174 6.470
678.373 6.523
678.573 6.560
678.773 6.579
678.972 6.615
679.172 6.658
679.372 6.697
679.571 6.716
679.771 6.758
679.970 6.797
680.170 6.801
680.370 6.788
680.569 6.803
680.769 6.805
680.969 6.824
681.168 6.875
681.368 6.907
681.568 6.922
681.767 6.923
681.967 6.920
682.166 6.958
682.366 6.976
682.566 6.982
682.765 6.997
682.965 7.025
683.165 7.046
683.364 7.057
683.564 7.049
683.764 7.033
683.963 7.003
684.163 6.985
684.362 7.018
684.562 7.090
684.762 7.124
684.961 7.154
685.161 7.201
685.361 7.201
685.560 7.171
685.760 7.144
685.959 7.146
686.159 7.162
686.359 7.136
686.558 7.113
686.758 7.117
686.958 7.136
687.157 7.153
687.357 7.189
687.557 7.251
687.756 7.273
687.956 7.304
688.155 7.346
688.355 7.400
688.555 7.429
688.754 7.440
688.954 7.496
689.154 7.516
689.353 7.536
689.553 7.592
689.752 7.636
689.952 7.683
690.152 7.716
690.351 7.745
690.551 7.773
690.751 7.785
690.950 7.794
691.150 7.823
691.350 7.850
691.549 7.869
691.749 7.831
691.948 7.854
692.148 7.911
692.348 7.926
692.547 7.931
692.747 7.959
692.947 7.991
693.146 7.984
693.346 7.980
693.546 7.984
693.745 7.977
693.945 8.003
694.144 8.033
694.344 8.079
694.544 8.133
694.743 8.181
694.943 8.240
695.143 8.321
695.342 8.365
695.542 8.394
695.741 8.391
695.941 8.424
696.141 8.470
696.340 8.523
696.540 8.570
696.745 8.630
696.951 8.670
697.156 8.707
697.362 8.722
697.567 8.769
697.772 8.829
697.978 8.865
698.183 8.908
698.389 8.954
698.594 8.980
698.799 8.985
699.005 9.053
699.210 9.133
699.416 9.146
699.621 9.130
699.826 9.145
700.032 9.218
700.237 9.273
700.443 9.266
700.648 9.264
700.853 9.329
701.059 9.392
701.264 9.400
701.470 9.412
701.675 9.502
701.880 9.604
702.086 9.657
702.291 9.678
702.497 9.687
702.702 9.707
702.907 9.747
703.113 9.792
703.318 9.796
703.524 9.785
703.729 9.823
703.934 9.884
704.140 9.924
704.345 9.953
704.551 9.967
704.756 10.009
704.961 10.051
705.167 10.086
705.372 10.092
705.578 10.174
705.783 10.229
705.988 10.235
706.194 10.209
706.399 10.230
706.605 10.311
706.810 10.420
707.015 10.518
707.221 10.542
707.426 10.577
707.632 10.615
707.837 10.664
708.042 10.710
708.248 10.764
708.453 10.840
708.659 10.865
708.864 10.929
709.069 11.016
709.275 11.070
709.480 11.095
709.686 11.133
709.891 11.172
710.096 11.239
710.302 11.302
710.507 11.362
710.713 11.372
710.918 11.386
711.123 11.402
711.329 11.383
711.534 11.470
711.740 11.571
711.945 11.668
712.150 11.748
712.356 11.831
712.561 11.897
712.766 11.932
712.972 11.979
713.177 12.030
713.383 12.054
713.588 12.081
713.793 12.139
713.999 12.188
714.204 12.224
714.410 12.240
714.615 12.302
714.820 12.380
715.026 12.438
715.231 12.512
715.437 12.581
715.642 12.688
715.847 12.752
716.053 12.761
716.258 12.788
716.464 12.834
716.669 12.894
716.874 12.961
717.080 13.066
717.285 13.244
717.491 13.309
717.696 13.359
717.901 13.391
718.107 13.428
718.312 13.482
718.518 13.530
718.723 13.591
718.928 13.660
719.134 13.675
719.339 13.704
719.545 13.729
719.750 13.743
719.955 13.753
720.161 13.750
720.366 13.754
720.572 13.778
720.777 13.825
720.982 13.787
721.188 13.774
721.393 13.754
721.599 13.696
721.804 13.757
722.009 13.836
722.215 13.911
722.420 13.946
722.626 13.998
722.831 14.043
723.036 14.042
723.242 14.035
723.447 14.094
723.653 14.163
723.858 14.199
724.063 14.264
724.269 14.336
724.474 14.414
724.680 14.534
724.885 14.612
725.090 14.588
725.296 14.620
725.501 14.660
725.707 14.692
725.912 14.698
726.117 14.697
726.323 14.726
726.528 14.755
726.734 14.801
726.939 14.861
727.144 14.916
727.350 14.979
727.555 15.027
727.761 15.080
727.966 15.108
728.171 15.193
728.377 15.266
728.582 15.231
728.788 15.191
728.993 15.143
729.198 15.137
729.404 15.213
729.609 15.314
729.815 15.363
730.020 15.371
730.225 15.416
730.431 15.436
730.636 15.415
730.842 15.412
731.047 15.391
731.252 15.360
731.458 15.359
731.663 15.432
731.869 15.462
732.074 15.455
732.279 15.471
732.485 15.474
732.690 15.421
732.896 15.460
733.101 15.542
733.306 15.608
733.512 15.611
733.717 15.630
733.923 15.585
734.128 15.592
734.333 15.655
734.539 15.686
734.744 15.695
734.950 15.715
735.155 15.760
735.360 15.863
735.566 15.908
735.771 15.926
735.977 15.886
736.182 15.886
736.387 15.919
736.593 15.994
736.798 16.085
737.004 16.140
737.209 16.179
737.414 16.181
737.620 16.205
737.825 16.236
738.031 16.261
738.236 16.296
738.441 16.309
738.647 16.315
738.852 16.315
739.058 16.361
739.263 16.413
739.468 16.435
739.674 16.427
739.879 16.469
740.085 16.531
740.290 16.543
740.495 16.535
740.701 16.535
740.906 16.508
741.112 16.488
741.317 16.482
741.522 16.477
741.728 16.498
741.933 16.526
742.139 16.586
742.344 16.629
742.549 16.648
742.755 16.670
742.960 16.677
743.166 16.657
743.371 16.640
743.576 16.665
743.782 16.670
743.987 16.691
744.193 16.691
744.398 16.649
744.603 16.676
744.809 16.716
745.014 16.713
745.220 16.691
745.425 16.589
745.630 16.583
745.836 16.616
746.041 16.605
746.246 16.588
746.452 16.585
746.657 16.568
746.863 16.609
747.068 16.670
747.274 16.733
747.479 16.810
747.684 16.841
747.890 16.841
748.095 16.821
748.300 16.815
748.506 16.813
748.711 16.838
748.917 16.837
749.122 16.834
749.327 16.822
749.533 16.814
749.738 16.858
749.944 16.865
750.149 16.821
750.354 16.809
750.560 16.824
750.765 16.817
750.971 16.840
751.176 16.830
751.381 16.836
751.587 16.799
751.792 16.782
751.998 16.757
752.203 16.720
752.408 16.764
752.614 16.774
752.819 16.813
753.025 16.847
753.230 16.877
753.435 16.903
753.641 16.972
753.846 17.069
754.052 17.123
754.257 17.103
754.462 17.122
754.668 17.153
754.873 17.160
755.079 17.158
755.284 17.143
755.489 17.167
755.695 17.112
755.900 17.143
756.106 17.159
756.311 17.190
756.516 17.156
756.722 17.130
756.927 17.121
757.133 17.087
757.338 17.068
757.543 17.059
757.749 17.011
757.954 16.944
758.160 16.867
758.365 16.826
758.570 16.882
758.776 16.906
758.981 16.894
759.187 16.889
759.392 16.936
759.597 16.946
759.803 16.882
760.008 16.897
760.214 16.880
760.419 16.847
760.624 16.846
760.830 16.980
761.035 17.014
761.241 16.970
761.446 16.937
761.651 16.897
761.857 16.902
762.062 16.930
762.268 16.945
762.473 16.937
762.678 16.960
762.884 16.982
763.089 17.002
763.295 17.068
763.500 17.173
763.709 17.184
763.918 17.182
764.126 17.214
764.335 17.249
764.544 17.298
764.753 17.306
764.962 17.346
765.171 17.326
765.379 17.289
765.588 17.356
765.797 17.419
766.006 17.481
766.215 17.513
766.424 17.548
766.632 17.567
766.841 17.630
767.050 17.639
767.259 17.622
767.468 17.672
767.677 17.657
767.885 17.538
768.094 17.491
768.303 17.503
768.512 17.513
768.721 17.530
768.929 17.483
769.138 17.535
769.347 17.541
769.556 17.526
769.765 17.577
769.974 17.585
770.182 17.552
770.391 17.514
770.600 17.496
770.809 17.492
771.018 17.529
771.227 17.501
771.435 17.483
771.644 17.457
771.853 17.459
772.062 17.481
772.271 17.531
772.480 17.543
772.688 17.528
772.897 17.523
773.106 17.487
773.315 17.528
773.524 17.552
773.732 17.615
773.941 17.615
774.150 17.565
774.359 17.517
774.568 17.502
774.777 17.498
774.985 17.496
775.194 17.488
775.403 17.503
775.612 17.545
775.821 17.630
776.030 17.723
776.238 17.678
776.447 17.663
776.656 17.713
776.865 17.753
777.074 17.784
777.283 17.850
777.491 17.882
777.700 17.801
777.909 17.725
778.118 17.592
778.327 17.580
778.535 17.672
778.744 17.734
778.953 17.771
779.162 17.778
779.371 17.789
779.580 17.836
779.788 17.881
779.997 17.874
780.206 17.769
780.415 17.691
780.624 17.698
780.833 17.687
781.041 17.600
781.250 17.543
781.459 17.552
781.668 17.583
781.877 17.587
782.086 17.671
782.294 17.677
782.503 17.753
782.712 17.778
782.921 17.739
783.130 17.703
783.338 17.755
783.547 17.799
783.756 17.784
783.965 17.760
784.174 17.748
784.383 17.848
784.591 17.951
784.800 18.012
785.009 18.016
785.218 18.050
785.427 18.124
785.636 18.141
785.844 18.112
786.053 18.059
786.262 18.087
786.471 18.083
786.680 18.167
786.889 18.183
787.097 18.153
787.306 18.159
787.515 18.147
787.724 18.079
787.933 18.068
788.141 18.099
788.350 18.042
788.559 17.972
788.768 17.917
788.977 17.871
789.186 17.844
789.394 17.884
789.603 17.835
789.812 17.748
790.021 17.771
790.230 17.852
790.439 17.985
790.647 17.946
790.856 17.932
791.065 17.894
791.274 17.903
791.483 17.954
791.692 17.996
791.900 18.079
792.109 18.115
792.318 18.139
792.527 18.161
792.736 18.273
792.944 18.322
793.153 18.323
793.362 18.338
793.571 18.300
793.780 18.322
793.989 18.408
794.197 18.465
794.406 18.479
794.615 18.434
794.824 18.291
795.033 18.277
795.242 18.311
795.450 18.304
795.659 18.249
795.868 18.192
796.077 18.162
796.286 18.189
796.495 18.205
796.703 18.209
796.912 18.229
797.121 18.249
797.330 18.251
797.539 18.222
797.747 18.312
797.956 18.389
798.165 18.326
798.374 18.315
798.583 18.361
798.792 18.328
799.000 18.346
799.209 18.430
799.418 18.564
799.627 18.655
799.836 18.702
800.045 18.794
800.253 18.891
800.462 18.960
800.671 18.889
800.880 18.898
801.089 18.926
801.298 18.891
801.506 18.826
801.715 18.915
801.924 19.034
802.133 19.022
802.342 19.037
802.550 19.072
802.759 19.144
802.968 19.180
803.177 19.202
803.386 19.157
803.595 19.079
803.803 18.998
804.012 18.929
804.221 18.949
804.430 18.952
804.639 19.063
804.848 19.043
805.056 19.061
805.265 19.057
805.474 19.087
805.683 19.069
805.892 19.105
806.101 19.127
806.309 19.049
806.518 18.967
806.727 18.970
806.936 19.031
807.145 18.950
807.353 18.903
807.562 18.874
807.771 18.906
807.980 18.930
808.189 18.887
808.398 18.864
808.606 18.935
808.815 18.999
809.024 18.926
809.233 18.999
809.442 19.038
809.651 18.969
809.859 18.885
810.068 18.937
810.277 19.013
810.486 18.943
810.695 18.956
810.904 19.043
811.112 19.021
811.321 19.024
811.530 19.079
811.741 19.129
811.953 19.239
812.164 19.304
812.375 19.330
812.586 19.341
812.798 19.346
813.009 19.335
813.220 19.377
813.431 19.373
813.643 19.360
813.854 19.480
814.065 19.605
814.276 19.661
814.488 19.684
814.699 19.630
814.910 19.690
815.121 19.663
815.333 19.547
815.544 19.553
815.755 19.505
815.966 19.504
816.178 19.564
816.389 19.550
816.600 19.483
816.811 19.512
817.023 19.624
817.234 19.698
817.445 19.676
817.656 19.685
817.868 19.838
818.079 19.891
818.290 19.852
818.502 19.818
818.713 19.843
818.924 19.843
819.135 19.855
819.347 19.797
819.558 19.818
819.769 20.040
819.980 20.104
820.192 20.154
820.403 20.160
820.614 20.152
820.825 20.195
821.037 20.267
821.248 20.372
821.459 20.409
821.670 20.428
821.882 20.372
822.093 20.268
822.304 20.183
822.515 20.179
822.727 20.180
822.938 20.259
823.149 20.317
823.360 20.356
823.572 20.513
823.783 20.657
823.994 20.727
824.205 20.555
824.417 20.507
824.628 20.542
824.839 20.537
825.051 20.518
825.262 20.523
825.473 20.583
825.684 20.585
825.896 20.532
826.107 20.474
826.318 20.548
826.529 20.609
826.741 20.560
826.952 20.489
827.163 20.543
827.374 20.613
827.586 20.630
827.797 20.722
828.008 20.678
828.219 20.649
828.431 20.733
828.642 20.959
828.853 21.141
829.064 21.208
829.276 21.295
829.487 21.269
829.698 21.203
829.909 21.170
830.121 21.178
830.332 21.242
830.543 21.253
830.754 21.325
830.966 21.362
831.177 21.367
831.388 21.425
831.600 21.336
831.811 21.308
832.022 21.505
832.233 21.633
832.445 21.487
832.656 21.427
832.867 21.400
833.078 21.298
833.290 21.178
833.501 21.236
833.712 21.293
833.923 21.341
834.135 21.393
834.346 21.390
834.557 21.288
834.768 21.338
834.980 21.572
835.191 21.572
835.402 21.612
835.613 21.707
835.825 21.851
836.036 21.935
836.247 22.032
836.458 22.064
836.670 21.990
836.881 22.171
837.092 22.243
837.303 22.265
837.515 22.401
837.726 22.431
837.937 22.343
838.148 22.368
838.360 22.491
838.571 22.584
838.782 22.593
838.994 22.631
839.205 22.546
839.416 22.395
839.627 22.441
839.839 22.421
840.050 22.399
840.261 22.329
840.472 22.410
840.684 22.354
840.895 22.202
841.106 22.081
841.317 21.993
841.529 22.031
841.740 22.021
841.951 21.894
842.162 21.957
842.374 22.090
842.585 22.046
842.796 21.902
843.007 21.939
843.219 22.122
843.430 22.212
843.641 22.187
843.852 22.147
844.064 22.131
844.275 22.170
844.486 22.293
844.697 22.324
844.909 22.248
845.120 22.279
845.331 22.257
845.543 22.381
845.754 22.477
845.965 22.440
846.176 22.459
846.388 22.581
846.599 22.644
846.810 22.699
847.021 22.703
847.233 22.926
847.444 23.018
847.655 23.073
847.866 23.052
848.078 23.203
848.289 23.404
848.500 23.412
848.711 23.502
848.923 23.592
849.134 23.569
849.345 23.535
849.556 23.474
849.768 23.513
849.979 23.508
850.190 23.530
850.401 23.607
850.613 23.801
850.824 23.874
851.035 23.889
851.246 23.802
851.458 23.921
851.669 23.897
851.880 23.699
852.092 23.664
852.303 23.859
852.514 24.111
852.725 24.333
852.937 24.420
853.148 24.411
853.359 24.297
853.570 24.360
853.782 24.520
853.993 24.594
854.204 24.572
854.415 24.521
854.627 24.555
854.838 24.610
855.049 24.621
855.260 24.661
855.472 24.544
855.683 24.571
855.894 24.711
856.105 24.807
856.317 24.918
856.528 24.864
856.739 24.680
856.950 24.494
857.162 24.194
857.373 24.141
857.584 24.051
857.795 24.048
858.007 24.052
858.218 23.910
858.429 24.188
858.640 24.708
858.852 24.586
859.063 24.527
859.274 24.594
859.486 24.409
859.697 24.173
859.908 24.457
860.119 24.650
860.331 24.535
860.542 24.590
860.753 24.826
860.964 24.995
861.176 25.162
861.387 25.194
861.598 25.365
861.809 25.465
862.021 25.444
862.232 25.440
862.443 25.478
862.654 25.684
862.866 25.558
863.077 25.261
863.288 25.673
863.499 25.999
863.711 26.108
863.922 26.343
864.133 26.658
864.344 26.406
864.556 26.141
864.767 25.948
864.978 25.593
865.189 25.497
865.401 25.504
865.612 25.447
865.823 25.333
866.035 25.187
866.246 25.120
866.457 25.398
866.668 25.614
866.880 25.712
867.091 25.725
867.302 25.614
867.513 25.629
867.725 25.691
867.936 25.780
868.147 25.761
868.358 25.755
868.570 25.665
868.781 25.936
868.992 26.278
869.203 26.596
869.415 26.995
869.626 27.291
869.837 27.307
870.048 27.491
870.260 27.674
870.471 27.869
870.682 27.904
870.893 27.732
871.105 27.796
871.316 27.869
871.527 27.833
871.738 28.140
871.950 28.347
872.161 28.212
872.372 27.944
872.584 27.751
872.795 27.644
873.006 27.522
873.217 27.436
873.429 27.380
873.640 27.340
873.851 27.120
874.062 26.745
874.274 26.513
874.485 26.425
874.696 26.543
874.907 26.481
875.119 26.526
875.330 26.486
875.541 26.234
875.752 26.019
875.964 26.027
876.175 25.870
876.386 25.635
876.597 25.700
876.809 25.909
877.020 26.154
877.231 26.230
877.442 26.355
877.654 26.400
877.865 26.368
878.076 26.303
878.287 26.176
878.499 26.136
878.710 26.360
878.921 26.323
879.133 26.140
879.344 26.287
879.555 26.475
879.766 26.717
879.978 26.794
880.189 26.964
880.400 27.148
880.611 27.215
880.823 27.381
881.034 27.433
881.245 27.351
881.456 27.172
881.668 26.959
881.879 27.011
882.090 27.221
882.301 27.211
882.513 27.036
882.724 27.226
882.935 27.272
883.146 27.153
883.358 27.352
883.569 27.335
883.780 27.171
883.991 27.194
884.203 27.160
884.414 27.234
884.625 27.224
884.836 26.993
885.048 26.978
885.259 27.025
885.470 27.020
885.682 27.042
885.893 27.158
886.104 27.481
886.315 27.524
886.527 27.342
886.738 27.352
886.949 27.558
887.160 27.693
887.372 27.719
887.583 27.846
887.794 27.734
888.005 27.866
888.217 27.871
888.428 27.758
888.639 27.840
888.850 27.912
889.062 27.859
889.273 28.002
889.484 27.897
889.695 27.632
889.907 27.622
890.118 27.562
890.329 27.588
890.540 27.604
890.752 27.695
890.963 27.773
891.174 27.913
891.385 28.214
891.597 28.241
891.808 28.383
892.019 28.433
892.231 28.510
892.442 28.626
892.653 28.832
892.864 28.772
893.076 29.080
893.287 29.716
893.498 29.766
893.709 29.857
893.921 29.826
894.132 29.944
894.343 29.987
894.554 29.993
894.766 30.247
894.977 30.437
895.188 30.433
895.399 30.410
895.611 30.203
895.822 30.028
896.033 29.981
896.244 29.848
896.456 30.010
896.667 30.169
896.878 30.274
897.089 30.389
897.301 30.426
897.512 30.019
897.723 29.499
897.934 29.651
898.146 29.757
898.357 29.871
898.568 29.937
898.779 30.022
898.991 30.222
899.202 30.137
899.413 29.923
899.625 29.917
899.836 30.186
900.047 30.658
900.258 30.631
900.470 30.758
900.681 30.995
900.892 31.012
901.103 31.057
901.315 31.084
901.526 30.997
901.737 31.156
901.948 31.308
902.160 31.135
902.371 30.998
902.582 30.761
902.793 30.789
903.005 30.866
903.216 31.007
903.427 31.041
903.638 30.873
903.850 31.058
904.061 31.319
904.272 31.328
904.483 30.898
904.695 30.909
904.906 31.025
905.117 31.031
905.328 30.770
905.540 30.543
905.751 30.111
905.962 30.120
906.174 30.307
906.385 30.022
906.596 30.046
906.807 30.390
907.019 30.864
907.230 31.135
907.441 31.305
907.652 31.372
907.864 31.484
908.075 31.373
908.286 30.836
908.497 30.459
908.709 30.207
908.920 30.501
909.131 30.610
909.342 30.613
909.554 30.808
909.765 31.250
909.976 31.356
910.187 31.626
910.399 31.653
910.610 31.641
910.821 32.056
911.032 32.272
911.244 32.016
911.455 31.590
911.666 31.547
911.877 31.779
912.089 31.776
912.300 31.689
912.515 31.941
912.730 32.455
912.944 32.665
913.159 33.123
913.374 33.421
913.589 33.556
913.803 33.588
914.018 33.484
914.233 32.957
914.448 33.068
914.663 33.337
914.877 33.748
915.092 33.819
915.307 33.865
915.522 34.045
915.736 34.417
915.951 34.685
916.166 34.748
916.381 34.333
916.596 34.250
916.810 34.748
917.025 35.023
917.240 35.107
917.455 35.139
917.669 34.523
917.884 33.870
918.099 33.692
918.314 33.877
918.529 34.397
918.743 35.332
918.958 35.705
919.173 35.682
919.388 35.467
919.602 35.508
919.817 35.772
920.032 36.064
920.247 36.416
920.462 36.995
920.676 37.441
920.891 37.726
921.106 37.673
921.321 37.226
921.535 37.166
921.750 37.304
921.965 37.686
922.180 38.203
922.395 38.541
922.609 38.941
922.824 38.994
923.039 38.717
923.254 37.979
923.469 37.692
923.683 37.620
923.898 37.047
924.113 36.696
924.328 36.687
924.542 36.627
924.757 36.082
924.972 35.691
925.187 35.136
925.402 35.031
925.616 35.257
925.831 35.717
926.046 35.765
926.261 36.015
926.475 35.933
926.690 36.149
926.905 36.862
927.120 37.136
927.335 37.118
927.549 37.445
927.764 38.026
927.979 37.992
928.194 38.138
928.408 38.787
928.623 39.170
928.838 39.477
929.053 40.003
929.268 40.284
929.482 39.771
929.697 39.903
929.912 40.369
930.127 40.363
930.341 40.811
930.556 41.566
930.771 41.620
930.986 41.807
931.201 41.462
931.415 40.921
931.630 41.059
931.845 41.631
932.060 41.640
932.274 42.060
932.489 42.413
932.704 42.804
932.919 43.159
933.134 43.087
933.348 42.962
933.563 42.365
933.778 42.331
933.993 43.531
934.207 43.921
934.422 43.662
934.637 44.039
934.852 43.668
935.067 43.308
935.281 43.337
935.496 44.073
935.711 45.146
935.926 45.539
936.140 45.872
936.355 46.299
936.570 46.557
936.785 46.139
937.000 46.047
937.214 46.535
937.429 47.147
937.644 47.854
937.859 48.095
938.073 48.294
938.288 48.546
938.503 48.601
938.718 49.141
938.933 50.645
939.147 52.078
939.362 52.766
939.577 53.297
939.792 53.305
940.007 52.786
940.221 52.442
940.436 52.576
940.651 52.370
940.866 52.338
941.080 52.523
941.295 53.186
941.510 53.548
941.725 53.195
941.940 53.312
942.154 53.434
942.369 53.637
942.584 54.038
942.799 54.835
943.013 55.305
943.228 55.193
943.443 54.561
943.658 53.254
943.873 53.079
944.087 53.242
944.302 53.448
944.517 53.466
944.732 53.290
944.946 52.461
945.161 52.688
945.376 52.402
945.591 52.752
945.806 52.977
946.020 53.744
946.235 55.179
946.450 55.015
946.665 54.626
946.879 54.547
947.094 54.739
947.309 54.389
947.524 54.633
947.739 54.642
947.953 53.864
948.168 53.974
948.383 53.665
948.598 53.060
948.812 53.735
949.027 52.910
949.242 52.282
949.457 53.880
949.672 54.510
949.886 54.245
950.101 53.933
950.316 54.152
950.531 53.932
950.745 53.018
950.960 53.498
951.175 54.674
951.390 55.614
951.605 56.013
951.819 57.061
952.034 58.179
952.249 59.579
952.464 59.737
952.678 59.928
952.893 60.130
953.108 59.335
953.323 58.093
953.538 59.178
953.752 59.595
953.967 58.298
954.182 57.383
954.397 58.513
954.611 58.942
954.826 58.066
955.041 57.968
955.256 58.101
955.471 57.224
955.685 56.481
955.900 55.909
956.115 58.576
956.330 63.028
956.544 61.187
956.759 59.179
956.974 59.904
957.189 60.454
957.404 60.413
957.618 61.315
957.833 61.677
958.048 61.334
958.263 61.909
958.478 62.887
958.692 63.305
958.907 63.061
959.122 62.438
959.337 62.485
959.551 62.142
959.766 61.240
959.981 61.653
960.196 61.743
960.411 61.186
960.625 57.484
960.840 51.394
961.055 50.639
961.270 50.967
961.484 50.298
961.699 49.975
961.914 50.385
962.129 51.246
962.344 53.226
962.558 54.790
962.773 55.056
962.988 56.189
963.203 57.686
963.417 57.852
963.632 58.696
963.847 59.386
964.062 59.767
964.277 60.118
964.491 59.382
964.706 59.553
964.921 59.935
965.136 60.461
965.350 61.373
965.565 62.260
965.780 62.726
965.987 63.351
966.194 64.402
966.402 64.406
966.609 63.586
966.816 62.239
967.023 60.399
967.231 60.199
967.438 59.426
967.645 57.943
967.852 57.229
968.059 56.732
968.267 56.921
968.474 58.366
968.681 59.036
968.888 60.215
969.096 59.836
969.303 59.495
969.510 60.261
969.717 60.561
969.925 61.227
970.132 60.614
970.339 59.693
970.546 58.013
970.753 57.621
970.961 58.804
971.168 59.087
971.375 59.629
971.582 58.710
971.790 57.736
971.997 58.392
972.204 58.241
972.411 58.206
972.618 59.285
972.826 58.635
973.033 58.198
973.240 57.410
973.447 57.529
973.655 58.255
973.862 57.570
974.069 57.542
974.276 58.554
974.483 59.384
974.691 60.459
974.898 61.389
975.105 61.973
975.312 61.556
975.520 61.123
975.727 61.235
975.934 61.885
976.141 62.159
976.349 61.438
976.556 62.683
976.763 62.670
976.970 62.051
977.177 60.972
977.385 60.754
977.592 61.222
977.799 61.497
978.006 62.654
978.214 64.390
978.421 65.483
978.628 64.146
978.835 63.743
979.042 62.278
979.250 61.571
979.457 62.045
979.664 62.076
979.871 62.555
980.079 64.351
980.286 64.048
980.493 63.737
980.700 64.672
980.907 65.903
981.115 65.612
981.322 64.400
981.529 65.548
981.736 65.876
981.944 65.967
982.151 66.832
982.358 65.799
982.565 64.101
982.773 62.576
982.980 63.076
983.187 65.203
983.394 68.518
983.601 67.964
983.809 66.536
984.016 65.107
984.223 64.087
984.430 62.355
984.638 62.554
984.845 64.517
985.052 66.472
985.259 65.159
985.466 66.128
985.674 66.310
985.881 66.676
986.088 68.303
986.295 70.141
986.503 70.591
986.710 71.114
986.917 71.474
987.124 71.857
987.331 71.904
987.539 71.963
987.746 70.920
987.953 72.016
988.160 74.077
988.368 76.510
988.575 78.553
988.782 79.950
988.989 79.858
989.197 79.095
989.404 78.054
989.611 78.287
989.818 75.537
990.025 75.319
990.233 75.203
990.440 73.604
990.647 70.037
990.854 68.381
991.062 68.990
991.269 69.134
991.476 68.483
991.683 68.718
991.890 68.396
992.098 67.996
992.305 68.938
992.512 67.564
992.719 66.593
992.927 67.065
993.134 66.551
993.341 67.675
993.548 67.461
993.755 65.646
993.963 64.492
994.170 65.426
994.377 64.858
994.584 63.786
994.792 67.473
994.999 72.781
995.206 74.587
995.413 73.990
995.621 75.357
995.828 76.595
996.035 75.889
996.242 74.725
996.449 75.161
996.657 75.396
996.864 75.028
997.071 74.474
997.278 72.943
997.486 74.674
997.693 74.360
997.900 75.107
998.107 75.964
998.314 75.266
998.522 77.177
998.729 79.228
998.936 79.343
999.143 78.039
999.351 77.535
999.558 76.388
999.765 76.948
999.972 76.564
1000.179 76.376
1000.387 77.048
1000.594 77.262
1000.801 77.053
1001.008 77.351
1001.216 78.016
1001.423 79.625
1001.630 80.040
1001.837 76.729
1002.045 76.905
1002.252 78.117
1002.459 79.191
1002.666 81.927
1002.873 82.565
1003.081 81.978
1003.288 81.432
1003.495 79.139
1003.702 76.915
1003.910 78.797
1004.117 81.025
1004.324 80.384
1004.531 81.056
1004.738 81.812
1004.946 81.550
1005.153 81.393
1005.360 81.853
1005.567 85.875
1005.775 86.540
1005.982 85.355
1006.189 85.734
1006.396 84.878
1006.603 82.196
1006.811 80.630
1007.018 77.963
1007.225 77.766
1007.432 80.221
1007.640 85.512
1007.847 87.620
1008.054 88.409
1008.261 85.189
1008.469 82.790
1008.676 85.668
1008.883 88.591
1009.090 90.866
1009.297 90.183
1009.505 90.873
1009.712 90.737
1009.919 86.779
1010.126 84.679
1010.334 86.329
1010.541 86.267
1010.748 88.077
1010.955 91.210
1011.162 92.711
1011.370 97.852
1011.577 98.225
1011.784 96.658
1011.991 92.805
1012.199 88.178
1012.406 87.000
1012.613 91.397
1012.820 89.363
1013.027 83.076
1013.235 78.972
1013.442 76.824
1013.649 80.440
1013.856 84.096
1014.064 87.096
1014.271 86.931
1014.478 86.026
1014.685 86.208
1014.893 88.277
1015.100 88.419
1015.307 86.857
1015.514 86.259
1015.721 81.954
1015.929 81.369
1016.136 80.954
1016.343 81.070
1016.550 87.869
