292.253 103.703
292.450 105.781
292.647 106.275
292.845 106.540
293.042 107.112
293.239 107.396
293.437 106.284
293.634 104.372
293.831 103.575
294.029 103.715
294.226 103.797
294.423 106.710
294.621 106.398
294.818 105.022
295.015 104.100
295.213 105.166
295.410 107.296
295.607 108.177
295.805 108.289
296.002 107.918
296.199 107.399
296.397 106.571
296.594 104.855
296.791 103.501
296.989 103.341
297.186 102.165
297.383 100.792
297.581 102.238
297.778 104.265
297.975 105.027
298.173 104.356
298.370 104.467
298.567 105.623
298.765 105.781
298.962 107.171
299.159 107.871
299.357 107.361
299.554 106.789
299.751 107.226
299.949 106.563
300.146 106.973
300.343 106.143
300.541 104.259
300.738 104.793
300.935 106.397
301.133 106.491
301.330 107.365
301.527 109.286
301.725 108.849
301.922 107.673
302.119 107.429
302.317 109.102
302.514 108.908
302.711 107.284
302.909 106.591
303.106 105.092
303.303 104.591
303.501 105.026
303.698 104.647
303.895 103.568
304.093 103.007
304.290 102.747
304.487 103.715
304.685 104.331
304.882 103.459
305.079 102.383
305.277 101.457
305.474 100.712
305.671 98.966
305.869 98.565
306.066 99.228
306.263 98.998
306.461 97.649
306.658 97.523
306.855 97.688
307.053 97.345
307.250 98.109
307.447 98.949
307.645 99.157
307.842 98.771
308.039 98.265
308.237 98.135
308.434 97.638
308.631 97.322
308.829 97.538
309.026 97.184
309.223 97.075
309.421 97.596
309.618 97.328
309.815 97.802
310.013 97.873
310.210 97.234
310.407 97.096
310.605 97.036
310.802 97.000
310.999 97.413
311.197 99.159
311.394 99.649
311.591 99.113
311.789 97.968
311.986 97.218
312.183 96.767
312.381 96.382
312.578 96.211
312.775 95.075
312.973 94.334
313.170 94.581
313.347 94.612
313.523 94.211
313.700 93.903
313.877 94.132
314.054 94.079
314.230 94.568
314.407 94.974
314.584 94.835
314.761 94.016
314.937 93.493
315.114 92.530
315.291 90.600
315.467 90.042
315.644 90.757
315.821 91.354
315.998 91.715
316.174 91.661
316.351 92.110
316.528 92.713
316.704 92.466
316.881 92.095
317.058 91.096
317.235 91.099
317.411 91.377
317.588 91.203
317.765 91.144
317.942 90.335
318.118 89.143
318.295 89.452
318.472 90.203
318.648 90.374
318.825 90.645
319.002 90.842
319.179 89.702
319.355 88.283
319.532 88.023
319.709 88.438
319.885 88.797
320.062 87.939
320.239 87.720
320.416 87.195
320.592 87.455
320.769 87.723
320.946 86.943
321.123 87.624
321.299 87.370
321.476 87.256
321.653 87.571
321.829 87.398
322.006 86.817
322.183 86.965
322.360 86.317
322.536 84.895
322.713 84.605
322.890 85.418
323.066 86.644
323.243 86.634
323.420 85.932
323.597 85.417
323.773 84.641
323.950 84.631
324.127 85.597
324.304 85.148
324.480 85.389
324.657 86.338
324.834 85.457
325.010 84.482
325.187 83.708
325.364 84.532
325.541 86.119
325.717 84.798
325.894 83.121
326.071 82.882
326.248 83.269
326.424 82.845
326.601 82.009
326.778 80.718
326.954 79.542
327.131 78.976
327.308 78.369
327.485 79.005
327.661 79.037
327.838 79.284
328.015 80.138
328.191 80.093
328.368 79.615
328.545 79.594
328.722 80.369
328.898 79.829
329.075 77.930
329.252 76.638
329.429 77.440
329.605 78.034
329.782 77.151
329.959 76.372
330.135 77.334
330.312 78.058
330.489 78.716
330.666 79.557
330.842 80.206
331.019 80.256
331.196 79.753
331.372 79.232
331.549 78.258
331.726 77.955
331.903 77.569
332.079 78.032
332.256 78.004
332.433 76.686
332.610 76.665
332.786 76.586
332.963 76.433
333.140 75.991
333.316 75.552
333.493 75.746
333.670 75.781
333.847 75.508
334.023 75.084
334.200 74.476
334.377 74.335
334.553 73.986
334.730 73.719
334.907 72.777
335.084 71.865
335.260 71.520
335.437 70.721
335.614 70.410
335.791 69.080
335.967 69.099
336.144 70.867
336.321 71.598
336.497 71.565
336.674 70.742
336.851 70.943
337.028 71.266
337.204 71.580
337.381 71.587
337.558 71.181
337.734 70.761
337.911 70.432
338.088 70.466
338.265 70.298
338.441 69.786
338.618 70.418
338.795 71.905
338.972 72.477
339.148 72.040
339.325 71.689
339.502 71.629
339.678 71.021
339.855 69.299
340.032 68.408
340.209 68.390
340.385 68.630
340.562 68.208
340.739 68.050
340.916 68.405
341.092 68.215
341.269 67.846
341.446 67.797
341.622 67.040
341.799 65.909
341.976 65.502
342.153 65.449
342.329 65.032
342.506 64.127
342.683 64.539
342.859 65.602
343.036 65.701
343.213 65.755
343.390 65.620
343.566 65.535
343.743 65.189
343.920 64.794
344.097 64.486
344.273 64.274
344.450 63.826
344.627 63.054
344.803 62.767
344.980 63.319
345.157 63.398
345.334 64.135
345.510 64.380
345.687 64.343
345.864 64.668
346.040 65.041
346.217 64.420
346.394 62.921
346.571 62.049
346.747 62.390
346.924 62.712
347.101 63.128
347.278 63.513
347.454 63.221
347.631 63.260
347.808 63.485
347.984 63.315
348.161 62.821
348.338 62.456
348.515 62.557
348.691 61.951
348.868 61.561
349.045 61.021
349.221 60.531
349.398 60.593
349.575 60.380
349.752 59.309
349.928 59.224
350.105 59.581
350.282 59.350
350.459 58.973
350.635 58.352
350.812 57.588
350.989 57.080
351.165 57.170
351.342 57.141
351.519 56.915
351.696 56.989
351.872 56.960
352.049 56.661
352.226 56.301
352.402 56.220
352.579 56.564
352.756 57.111
352.933 57.469
353.109 57.077
353.286 57.377
353.463 58.166
353.640 57.963
353.816 57.566
353.993 57.119
354.170 57.096
354.346 57.228
354.523 56.971
354.700 56.827
354.877 56.704
355.053 56.600
355.230 56.770
355.407 57.113
355.584 57.519
355.760 57.192
355.937 56.420
356.114 55.792
356.290 55.250
356.467 54.855
356.644 54.510
356.821 54.363
356.997 54.005
357.174 53.742
357.351 53.777
357.527 53.854
357.704 53.922
357.881 53.541
358.058 53.351
358.234 53.469
358.411 53.560
358.588 54.076
358.765 53.854
358.941 53.312
359.118 52.916
359.295 52.460
359.471 52.948
359.648 53.155
359.825 53.506
360.002 53.471
360.178 53.548
360.355 54.201
360.532 54.253
360.708 53.507
360.885 53.388
361.062 53.530
361.239 53.533
361.415 54.164
361.592 54.432
361.769 53.840
361.946 53.576
362.122 53.769
362.299 53.200
362.476 53.285
362.652 53.316
362.829 52.675
363.006 51.876
363.183 51.518
363.359 51.641
363.536 51.501
363.713 51.200
363.889 50.543
364.066 49.594
364.243 49.335
364.420 49.787
364.596 49.591
364.773 49.216
364.950 49.300
365.127 48.620
365.303 48.290
365.480 48.438
365.660 48.352
365.839 48.051
366.019 48.026
366.199 48.254
366.379 48.258
366.558 48.443
366.738 49.062
366.918 49.151
367.098 49.335
367.277 49.372
367.457 49.579
367.637 49.272
367.816 49.443
367.996 49.741
368.176 49.404
368.356 49.191
368.535 48.916
368.715 48.439
368.895 48.340
369.075 47.819
369.254 47.820
369.434 47.885
369.614 47.340
369.793 47.166
369.973 46.799
370.153 46.705
370.333 46.922
370.512 46.946
370.692 47.013
370.872 46.918
371.051 46.681
371.231 46.339
371.411 46.467
371.591 45.962
371.770 45.195
371.950 44.928
372.130 45.007
372.310 45.538
372.489 45.780
372.669 45.648
372.849 46.096
373.028 46.188
373.208 45.974
373.388 46.063
373.568 45.849
373.747 45.562
373.927 45.245
374.107 44.332
374.287 43.983
374.466 44.112
374.646 44.177
374.826 44.167
375.005 44.172
375.185 44.111
375.365 44.129
375.545 44.549
375.724 44.868
375.904 44.470
376.084 43.972
376.263 43.623
376.443 43.597
376.623 43.205
376.803 42.891
376.982 42.866
377.162 42.680
377.342 42.592
377.522 42.643
377.701 42.818
377.881 43.254
378.061 43.308
378.240 42.810
378.420 42.520
378.600 42.321
378.780 42.230
378.959 42.031
379.139 42.006
379.319 41.957
379.499 41.723
379.678 41.873
379.858 42.025
380.038 41.967
380.217 41.818
380.397 41.608
380.577 41.351
380.757 40.959
380.936 41.005
381.116 41.191
381.296 41.099
381.476 41.032
381.655 41.036
381.835 40.749
382.015 40.896
382.194 41.080
382.374 41.123
382.554 41.231
382.734 41.320
382.913 41.247
383.093 40.922
383.273 40.778
383.452 40.837
383.632 40.744
383.812 40.813
383.992 40.938
384.171 41.210
384.351 41.312
384.531 41.300
384.711 41.043
384.890 40.698
385.070 40.500
385.250 40.267
385.429 40.323
385.609 40.645
385.789 40.349
385.969 39.798
386.148 39.640
386.328 39.495
386.508 39.453
386.688 39.654
386.867 39.742
387.047 39.685
387.227 39.374
387.406 39.127
387.586 38.881
387.766 38.643
387.946 38.528
388.125 38.435
388.305 38.671
388.485 38.644
388.664 38.662
388.844 38.836
389.024 38.944
389.204 38.700
389.383 38.412
389.563 38.414
389.743 38.660
389.923 38.756
390.102 38.630
390.282 38.298
390.462 38.001
390.641 37.842
390.821 37.830
391.001 37.969
391.181 38.097
391.360 38.191
391.540 38.439
391.720 38.467
391.900 38.414
392.079 38.141
392.259 38.164
392.439 38.103
392.618 37.923
392.798 37.732
392.978 37.603
393.158 37.613
393.337 37.538
393.517 37.276
393.697 37.063
393.877 37.037
394.056 37.091
394.236 37.224
394.416 37.343
394.595 37.386
394.775 37.218
394.955 36.999
395.135 36.901
395.314 36.804
395.494 36.610
395.674 36.443
395.853 36.419
396.033 36.384
396.213 36.448
396.393 36.414
396.572 36.394
396.752 36.484
396.932 36.406
397.112 36.618
397.291 36.929
397.471 36.972
397.651 36.818
397.830 36.651
398.010 36.720
398.190 36.809
398.370 36.652
398.549 36.665
398.729 36.630
398.909 36.611
399.089 36.424
399.268 36.417
399.448 36.652
399.628 36.731
399.807 36.798
399.987 36.601
400.167 36.472
400.347 36.358
400.526 36.342
400.706 36.434
400.886 36.154
401.065 35.757
401.245 35.654
401.425 35.602
401.605 35.584
401.784 35.321
401.964 35.123
402.144 35.300
402.324 35.468
402.503 35.669
402.683 35.548
402.863 35.509
403.042 35.317
403.222 35.047
403.402 35.036
403.582 34.926
403.761 34.879
403.941 34.957
404.121 34.892
404.301 34.646
404.480 34.454
404.660 34.449
404.844 34.553
405.029 34.678
405.213 34.820
405.398 35.134
405.582 35.221
405.767 35.153
405.951 34.926
406.136 34.678
406.320 34.405
406.505 34.427
406.689 34.502
406.874 34.540
407.058 34.437
407.243 34.301
407.427 34.397
407.612 34.408
407.796 34.246
407.981 34.266
408.165 34.369
408.350 34.358
408.534 34.332
408.719 34.407
408.903 34.180
409.088 34.056
409.272 33.964
409.457 33.901
409.641 33.889
409.826 33.958
410.010 33.991
410.195 34.040
410.379 33.928
410.564 33.698
410.748 33.576
410.933 33.548
411.117 33.613
411.302 33.529
411.486 33.552
411.671 33.568
411.855 33.603
412.040 33.669
412.224 33.730
412.409 33.637
412.593 33.364
412.778 33.389
412.962 33.325
413.147 33.192
413.331 33.153
413.516 33.054
413.700 33.002
413.885 33.488
414.069 34.339
414.254 34.337
414.438 34.468
414.623 34.696
414.807 34.758
414.992 34.593
415.176 34.456
415.361 34.342
415.545 34.240
415.730 34.277
415.914 34.193
416.099 34.083
416.283 34.164
416.468 34.363
416.652 34.372
416.837 34.459
417.021 34.524
417.206 34.490
417.390 34.531
417.575 34.540
417.759 34.032
417.944 33.046
418.128 33.072
418.313 32.868
418.497 32.544
418.682 32.396
418.866 32.427
419.051 32.489
419.235 32.440
419.420 32.519
419.604 32.422
419.789 32.392
419.973 32.411
420.158 32.343
420.342 32.133
420.527 32.093
420.711 31.954
420.896 31.877
421.080 31.875
421.265 31.766
421.449 31.657
421.634 31.562
421.818 31.591
422.003 31.439
422.187 31.408
422.372 31.617
422.556 31.663
422.741 31.643
422.925 31.663
423.110 31.853
423.294 31.843
423.479 31.748
423.663 31.569
423.848 31.423
424.032 31.365
424.217 31.373
424.401 31.313
424.586 31.313
424.770 31.238
424.955 31.197
425.139 31.193
425.324 31.086
425.508 30.885
425.693 30.736
425.877 30.796
426.062 30.908
426.246 30.812
426.431 30.749
426.615 30.650
426.800 30.527
426.984 30.328
427.169 30.287
427.353 30.350
427.538 30.388
427.722 30.382
427.907 30.465
428.091 30.514
428.276 30.433
428.460 30.377
428.645 30.472
428.829 30.554
429.014 30.490
429.198 30.617
429.383 30.821
429.567 30.887
429.752 30.836
429.936 30.759
430.121 30.750
430.305 30.845
430.490 30.887
430.674 30.874
430.859 30.835
431.043 30.805
431.228 30.709
431.412 30.734
431.597 30.832
431.781 30.760
431.966 30.654
432.150 30.714
432.335 30.777
432.519 30.603
432.704 30.350
432.888 30.293
433.073 30.199
433.257 30.095
433.442 29.986
433.626 29.953
433.811 29.907
433.995 29.826
434.180 29.690
434.364 29.552
434.549 29.496
434.733 29.526
434.918 29.397
435.102 29.347
435.287 29.268
435.471 29.109
435.656 29.049
435.840 29.074
436.030 29.025
436.220 28.943
436.410 29.022
436.600 29.199
436.790 29.347
436.980 29.404
437.170 29.379
437.360 29.398
437.550 29.379
437.741 29.387
437.931 29.361
438.121 29.396
438.311 29.498
438.501 29.542
438.691 29.577
438.881 29.593
439.071 29.557
439.261 29.496
439.451 29.544
439.641 29.515
439.831 29.486
440.021 29.572
440.211 29.628
440.401 29.537
440.591 29.339
440.781 29.242
440.971 29.195
441.161 29.216
441.351 29.254
441.542 29.288
441.732 29.373
441.922 29.308
442.112 29.208
442.302 29.135
442.492 29.049
442.682 28.938
442.872 29.043
443.062 29.054
443.252 29.084
443.442 29.024
443.632 28.997
443.822 29.035
444.012 28.958
444.202 28.830
444.392 28.777
444.582 29.074
444.772 29.515
444.962 29.490
445.153 29.481
445.343 29.467
445.533 29.372
445.723 29.215
445.913 29.310
446.103 29.397
446.293 29.445
446.483 29.502
446.673 29.535
446.863 29.453
447.053 29.405
447.243 29.389
447.433 29.404
447.623 29.438
447.813 29.376
448.003 29.342
448.193 29.373
448.383 29.378
448.573 29.167
448.764 28.695
448.954 28.714
449.144 28.705
449.334 28.645
449.524 28.720
449.714 28.837
449.904 28.768
450.094 28.751
450.284 28.765
450.474 28.780
450.664 28.737
450.854 28.698
451.044 28.729
451.234 28.697
451.424 28.633
451.614 28.528
451.804 28.437
451.994 28.406
452.184 28.383
452.375 28.403
452.565 29.148
452.755 30.532
452.945 30.473
453.135 30.452
453.325 30.434
453.515 30.443
453.705 30.395
453.895 30.331
454.085 30.221
454.275 30.086
454.465 29.970
454.655 29.930
454.845 29.949
455.035 29.943
455.225 29.981
455.415 30.014
455.605 30.088
455.795 30.168
455.985 30.227
456.176 30.260
456.366 30.288
456.556 29.566
456.746 28.232
456.936 28.242
457.126 28.247
457.316 28.341
457.506 28.319
457.696 28.271
457.886 28.285
458.076 28.219
458.266 28.200
458.456 28.220
458.646 28.265
458.836 28.299
459.026 28.384
459.216 28.409
459.406 28.449
459.596 28.376
459.787 28.301
459.977 28.201
460.167 28.157
460.357 28.064
460.547 27.940
460.737 27.854
460.927 27.854
461.117 27.872
461.307 27.781
461.497 27.700
461.687 27.683
461.877 27.694
462.067 27.743
462.257 27.803
462.447 27.787
462.637 27.813
462.827 27.813
463.017 27.720
463.207 27.687
463.397 27.644
463.588 27.683
463.778 27.748
463.968 27.807
464.158 27.778
464.348 27.787
464.538 27.867
464.728 27.901
464.918 27.937
465.108 27.976
465.298 27.981
465.488 27.993
465.678 27.910
465.868 27.815
466.058 27.784
466.248 27.728
466.438 27.758
466.628 27.716
466.818 27.623
467.008 27.582
467.199 27.541
467.389 27.566
467.579 27.587
467.769 27.509
467.959 27.515
468.149 27.558
468.339 27.564
468.529 27.517
468.719 27.467
468.909 27.393
469.099 27.310
469.289 27.227
469.479 27.146
469.669 27.189
469.859 27.246
470.049 27.296
470.239 27.283
470.429 27.272
470.619 27.255
470.810 27.240
471.000 27.207
471.190 27.179
471.380 27.104
471.570 27.035
471.760 26.995
471.950 26.894
472.140 26.840
472.330 26.835
472.520 26.813
472.710 26.789
472.900 26.742
473.090 26.697
473.280 26.758
473.470 26.781
473.660 26.735
473.850 26.738
474.040 26.765
474.230 26.772
474.421 26.740
474.611 26.706
474.801 26.731
474.991 26.775
475.181 26.779
475.371 26.788
475.561 26.782
475.751 26.830
475.941 26.836
476.131 26.804
476.321 26.745
476.511 26.741
476.701 26.791
476.891 26.793
477.081 26.761
477.271 26.729
477.461 26.763
477.651 26.785
477.841 26.763
478.031 26.746
478.222 26.736
478.412 26.734
478.602 26.718
478.792 26.626
478.982 26.578
479.172 26.601
479.362 26.558
479.552 26.544
479.742 26.467
479.932 26.441
480.122 26.398
480.312 26.362
480.502 26.342
480.692 26.259
480.882 26.217
481.072 26.200
481.262 26.175
481.452 26.095
481.642 26.034
481.833 26.024
482.023 26.012
482.213 25.984
482.403 25.897
482.593 25.862
482.783 25.896
482.973 25.915
483.163 25.838
483.353 25.793
483.543 25.724
483.733 25.738
483.923 25.743
484.113 25.753
484.303 25.763
484.493 25.722
484.683 25.718
484.873 25.713
485.063 25.702
485.253 25.650
485.443 25.603
485.634 25.542
485.824 25.479
486.014 25.403
486.204 25.410
486.394 25.449
486.584 25.468
486.774 25.399
486.964 25.344
487.154 25.370
487.344 25.392
487.534 25.345
487.724 25.289
487.914 25.242
488.104 25.232
488.294 25.207
488.484 25.178
488.674 25.154
488.864 25.097
489.054 25.029
489.245 25.015
489.435 25.038
489.625 25.083
489.815 25.076
490.005 25.030
490.195 24.994
490.385 24.945
490.575 24.883
490.765 24.889
490.955 24.936
491.145 24.921
491.335 24.863
491.525 24.796
491.715 24.744
491.905 24.708
492.095 24.654
492.285 24.662
492.475 24.684
492.665 24.654
492.856 24.618
493.046 24.662
493.236 24.653
493.426 24.604
493.616 24.580
493.806 24.562
493.996 24.610
494.186 24.568
494.376 24.518
494.566 24.499
494.756 24.501
494.946 24.440
495.136 24.368
495.326 24.329
495.516 24.392
495.706 24.419
495.896 24.422
496.086 24.438
496.276 24.399
496.467 24.300
496.657 24.261
496.847 24.251
497.037 24.150
497.227 24.082
497.417 24.053
497.607 24.013
497.797 23.992
497.987 23.880
498.177 23.818
498.367 23.762
498.557 23.717
498.747 23.669
498.937 23.580
499.127 23.519
499.317 23.506
499.507 23.474
499.697 23.424
499.887 23.344
500.077 23.274
500.268 23.269
500.458 23.287
500.648 23.276
500.838 23.284
501.028 23.331
501.218 23.288
501.408 23.245
501.598 23.193
501.788 23.137
501.978 23.143
502.168 23.137
502.358 23.157
502.548 23.177
502.738 23.142
502.928 23.178
503.118 23.197
503.308 23.159
503.498 23.113
503.688 23.108
503.879 23.127
504.069 23.102
504.259 23.016
504.449 22.945
504.639 22.881
504.829 22.820
505.019 22.761
505.209 22.761
505.399 22.750
505.589 22.731
505.779 22.724
505.969 22.708
506.159 22.685
506.349 22.586
506.539 22.504
506.729 22.461
506.919 22.405
507.109 22.378
507.299 22.394
507.490 22.390
507.680 22.312
507.870 22.258
508.060 22.197
508.250 22.115
508.440 22.038
508.630 21.978
508.820 21.950
509.010 21.867
509.200 21.783
509.390 21.731
509.580 21.696
509.770 21.636
509.960 21.560
510.150 21.514
510.340 21.525
510.530 21.483
510.720 21.466
510.910 21.456
511.100 21.379
511.291 21.262
511.481 21.208
511.671 21.187
511.861 21.130
512.051 21.148
512.241 21.195
512.431 21.197
512.621 21.207
512.811 21.201
513.001 21.239
513.191 21.226
513.381 21.226
513.571 21.234
513.761 21.237
513.951 21.220
514.141 21.173
514.331 21.129
514.521 21.097
514.711 21.034
514.902 20.969
515.092 21.014
515.282 21.048
515.472 20.974
515.662 20.948
515.852 20.943
516.042 20.879
516.232 20.854
516.422 20.882
516.612 20.870
516.802 20.832
516.992 20.754
517.182 20.747
517.372 20.719
517.562 20.681
517.752 20.657
517.942 20.672
518.132 20.671
518.322 20.665
518.513 20.667
518.703 20.667
518.893 20.676
519.083 20.644
519.273 20.593
519.463 20.622
519.653 20.612
519.843 20.612
520.033 20.621
520.223 20.573
520.413 20.515
520.603 20.524
520.793 20.562
520.983 20.617
521.173 20.657
521.363 20.682
521.553 20.692
521.743 20.682
521.933 20.669
522.123 20.703
522.314 20.759
522.504 20.794
522.694 20.826
522.884 20.830
523.074 20.820
523.264 20.823
523.454 20.838
523.644 20.867
523.834 20.884
524.024 20.903
524.214 20.908
524.404 20.909
524.594 20.867
524.784 20.856
524.974 20.823
525.164 20.805
525.354 20.812
525.544 20.816
525.734 20.828
525.925 20.835
526.115 20.839
526.305 20.802
526.495 20.785
526.685 20.769
526.875 20.748
527.065 20.751
527.255 20.766
527.445 20.748
527.635 20.748
527.825 20.748
528.015 20.769
528.205 20.854
528.395 20.965
528.585 21.036
528.775 21.038
528.965 21.114
529.155 21.180
529.345 21.172
529.535 21.180
529.726 21.187
529.916 21.217
530.106 21.243
530.296 21.288
530.486 21.321
530.676 21.387
530.866 21.455
531.056 21.504
531.246 21.593
531.436 21.670
531.626 21.731
531.816 21.785
532.006 21.852
532.196 21.898
532.386 21.909
532.576 21.949
532.766 21.979
532.956 22.006
533.146 22.021
533.337 22.090
533.527 22.170
533.717 22.262
533.907 22.280
534.097 22.313
534.287 22.396
534.477 22.454
534.667 22.496
534.857 22.554
535.047 22.604
535.237 22.668
535.427 22.747
535.617 22.796
535.807 22.842
535.997 22.862
536.187 22.883
536.377 22.929
536.567 22.976
536.757 23.059
536.948 23.107
537.138 23.122
537.328 23.152
537.518 23.190
537.708 23.250
537.898 23.335
538.088 23.436
538.278 23.485
538.468 23.525
538.658 23.554
538.848 23.615
539.038 23.695
539.228 23.718
539.418 23.721
539.608 23.782
539.798 23.838
539.988 23.921
540.178 24.002
540.368 24.037
540.558 24.122
540.749 24.175
540.939 24.236
541.129 24.363
541.319 24.482
541.509 24.553
541.699 24.626
541.889 24.716
542.079 24.780
542.269 24.865
542.459 24.935
542.649 24.987
542.839 25.012
543.029 25.053
543.219 25.138
543.409 25.234
543.599 25.333
543.789 25.455
543.979 25.515
544.169 25.548
544.360 25.647
544.550 25.722
544.740 25.832
544.930 25.899
545.120 25.915
545.310 25.934
545.500 25.993
545.690 26.036
545.880 26.096
546.070 26.161
546.267 26.203
546.463 26.277
546.660 26.378
546.857 26.484
547.054 26.555
547.251 26.612
547.447 26.669
547.644 26.707
547.841 26.761
548.038 26.852
548.234 26.971
548.431 27.053
548.628 27.140
548.825 27.184
549.021 27.233
549.218 27.304
549.415 27.376
549.612 27.478
549.808 27.575
550.005 27.669
550.202 27.722
550.399 27.788
550.595 27.913
550.792 28.022
550.989 28.115
551.186 28.193
551.382 28.283
551.579 28.403
551.776 28.471
551.973 28.515
552.169 28.551
552.366 28.561
552.563 28.615
552.760 28.641
552.956 28.712
553.153 28.795
553.350 28.881
553.547 28.967
553.743 29.006
553.940 29.066
554.137 29.120
554.334 29.178
554.530 29.262
554.727 29.285
554.924 29.331
555.121 29.377
555.317 29.455
555.514 29.514
555.711 29.547
555.908 29.640
556.104 29.751
556.301 29.861
556.498 29.970
556.695 30.029
556.891 30.092
557.088 30.146
557.285 30.238
557.482 30.361
557.678 30.460
557.875 30.557
558.072 30.620
558.269 30.687
558.465 30.803
558.662 30.894
558.859 30.971
559.056 31.050
559.252 31.126
559.449 31.186
559.646 31.280
559.843 31.369
560.039 31.450
560.236 31.479
560.433 31.522
560.630 31.577
560.826 31.644
561.023 31.720
561.220 31.806
561.417 31.870
561.613 31.878
561.810 31.899
562.007 31.936
562.204 31.998
562.400 32.076
562.597 32.076
562.794 32.119
562.991 32.207
563.187 32.272
563.384 32.330
563.581 32.392
563.778 32.475
563.974 32.572
564.171 32.606
564.368 32.699
564.565 32.815
564.761 32.909
564.958 33.003
565.155 33.108
565.352 33.183
565.548 33.231
565.745 33.320
565.942 33.401
566.139 33.482
566.335 33.547
566.532 33.586
566.729 33.657
566.926 33.737
567.122 33.811
567.319 33.847
567.516 33.895
567.713 33.971
567.909 34.022
568.106 34.048
568.303 34.111
568.500 34.143
568.696 34.161
568.893 34.155
569.090 34.158
569.287 34.141
569.483 34.181
569.680 34.268
569.877 34.359
570.074 34.442
570.270 34.490
570.467 34.545
570.664 34.629
570.861 34.718
571.057 34.737
571.254 34.766
571.451 34.844
571.648 34.913
571.844 34.947
572.041 34.969
572.238 35.001
572.435 35.049
572.631 35.117
572.828 35.153
573.025 35.238
573.222 35.317
573.418 35.382
573.615 35.416
573.812 35.431
574.009 35.448
574.205 35.479
574.402 35.533
574.599 35.593
574.796 35.617
574.992 35.647
575.189 35.695
575.386 35.727
575.583 35.780
575.779 35.842
575.976 35.889
576.173 35.929
576.370 35.992
576.567 36.054
576.763 36.091
576.960 36.154
577.160 36.205
577.359 36.223
577.559 36.260
577.759 36.311
577.958 36.369
578.158 36.374
578.357 36.410
578.557 36.461
578.757 36.503
578.956 36.541
579.156 36.578
579.356 36.626
579.555 36.662
579.755 36.678
579.954 36.693
580.154 36.758
580.354 36.805
580.553 36.813
580.753 36.814
580.953 36.830
581.152 36.857
581.352 36.924
581.552 37.009
581.751 37.079
581.951 37.104
582.150 37.122
582.350 37.187
582.550 37.260
582.749 37.328
582.949 37.404
583.149 37.472
583.348 37.501
583.548 37.544
583.748 37.646
583.947 37.674
584.147 37.687
584.346 37.705
584.546 37.771
584.746 37.813
584.945 37.837
585.145 37.896
585.345 37.946
585.544 37.936
585.744 37.937
585.943 37.953
586.143 37.981
586.343 38.028
586.542 38.087
586.742 38.114
586.942 38.122
587.141 38.104
587.341 38.105
587.541 38.167
587.740 38.163
587.940 38.121
588.139 38.188
588.339 38.252
588.539 38.286
588.738 38.341
588.938 38.419
589.138 38.493
589.337 38.512
589.537 38.524
589.736 38.554
589.936 38.591
590.136 38.621
590.335 38.671
590.535 38.685
590.735 38.657
590.934 38.664
591.134 38.679
591.334 38.717
591.533 38.730
591.733 38.710
591.932 38.757
592.132 38.811
592.332 38.819
592.531 38.841
592.731 38.845
592.931 38.832
593.130 38.837
593.330 38.860
593.530 38.900
593.729 38.922
593.929 38.971
594.128 38.999
594.328 39.038
594.528 39.063
594.727 39.139
594.927 39.229
595.127 39.293
595.326 39.331
595.526 39.341
595.725 39.365
595.925 39.429
596.125 39.436
596.324 39.455
596.524 39.494
596.724 39.531
596.923 39.588
597.123 39.609
597.323 39.649
597.522 39.663
597.722 39.689
597.921 39.728
598.121 39.746
598.321 39.766
598.520 39.799
598.720 39.848
598.920 39.825
599.119 39.822
599.319 39.835
599.519 39.865
599.718 39.898
599.918 39.951
600.117 39.971
600.317 40.041
600.517 40.079
600.716 40.086
600.916 40.091
601.116 40.098
601.315 40.119
601.515 40.114
601.714 40.137
601.914 40.150
602.114 40.143
602.313 40.137
602.513 40.167
602.713 40.186
602.912 40.188
603.112 40.219
603.312 40.221
603.511 40.230
603.711 40.256
603.910 40.266
604.110 40.267
604.310 40.278
604.509 40.296
604.709 40.327
604.909 40.367
605.108 40.424
605.308 40.430
605.507 40.457
605.707 40.499
605.907 40.532
606.106 40.546
606.306 40.569
606.506 40.594
606.705 40.631
606.905 40.656
607.105 40.670
607.304 40.684
607.504 40.727
607.703 40.740
607.903 40.730
608.103 40.720
608.302 40.743
608.502 40.784
608.702 40.792
608.901 40.784
609.101 40.770
609.301 40.732
609.500 40.762
609.700 40.758
609.899 40.759
610.099 40.779
610.299 40.815
610.498 40.865
610.698 40.888
610.898 40.897
611.097 40.911
611.297 40.944
611.496 40.978
611.696 41.015
611.896 41.027
612.095 41.032
612.295 41.074
612.495 41.096
612.694 41.107
612.894 41.119
613.094 41.129
613.293 41.165
613.493 41.217
613.692 41.244
613.892 41.258
614.092 41.300
614.291 41.318
614.491 41.336
614.691 41.360
614.890 41.397
615.090 41.421
615.289 41.437
615.489 41.418
615.689 41.409
615.888 41.391
616.088 41.412
616.288 41.458
616.487 41.461
616.687 41.443
616.887 41.442
617.086 41.434
617.286 41.459
617.485 41.491
617.685 41.484
617.885 41.490
618.084 41.523
618.284 41.500
618.484 41.519
618.683 41.570
618.883 41.578
619.082 41.583
619.282 41.614
619.482 41.637
619.681 41.692
619.881 41.721
620.081 41.723
620.280 41.686
620.480 41.666
620.680 41.710
620.879 41.766
621.079 41.815
621.278 41.872
621.478 41.868
621.678 41.833
621.877 41.820
622.077 41.816
622.277 41.849
622.476 41.871
622.676 41.854
622.876 41.822
623.075 41.839
623.275 41.883
623.474 41.883
623.674 41.870
623.874 41.881
624.073 41.910
624.273 41.956
624.473 42.002
624.672 42.015
624.872 42.017
625.071 42.017
625.271 42.000
625.471 42.002
625.670 42.045
625.870 42.123
626.070 42.171
626.269 42.171
626.469 42.151
626.669 42.139
626.868 42.126
627.068 42.110
627.267 42.104
627.467 42.074
627.667 42.039
627.866 42.035
628.066 42.030
628.266 42.027
628.465 42.029
628.665 42.049
628.865 42.086
629.064 42.102
629.264 42.098
629.463 42.122
629.663 42.117
629.863 42.108
630.062 42.072
630.262 42.037
630.462 42.051
630.661 42.053
630.861 42.244
631.060 42.571
631.260 42.625
631.460 42.657
631.659 42.684
631.859 42.715
632.059 42.767
632.258 42.809
632.458 42.831
632.658 42.832
632.857 42.830
633.057 42.823
633.256 42.805
633.456 42.815
633.656 42.800
633.855 42.798
634.055 42.798
634.255 42.822
634.454 42.872
634.654 42.904
634.853 42.935
635.053 42.791
635.253 42.524
635.452 42.533
635.652 42.509
635.852 42.472
636.051 42.470
636.251 42.465
636.451 42.476
636.650 42.486
636.850 42.535
637.049 42.570
637.249 42.595
637.449 42.621
637.648 42.630
637.848 42.629
638.048 42.652
638.247 42.678
638.447 42.671
638.647 42.698
638.846 42.725
639.046 42.677
639.245 42.659
639.445 42.649
639.645 42.608
639.844 42.603
640.044 42.640
640.244 42.685
640.443 42.718
640.643 42.697
640.842 42.661
641.042 42.637
641.242 42.677
641.441 42.696
641.641 42.711
641.841 42.683
642.040 42.672
642.240 42.669
642.440 42.663
642.639 42.694
642.839 42.690
643.038 42.676
643.238 42.747
643.438 42.804
643.637 42.842
643.837 42.865
644.037 42.888
644.236 42.924
644.436 42.929
644.635 42.895
644.835 42.874
645.035 42.911
645.234 42.891
645.434 42.848
645.634 42.827
645.833 42.856
646.033 42.950
646.233 43.003
646.432 43.038
646.632 43.084
646.831 43.098
647.031 43.110
647.231 43.127
647.430 43.123
647.630 43.100
647.830 43.079
648.029 43.100
648.229 43.072
648.429 43.014
648.628 42.983
648.828 43.006
649.027 43.020
649.227 43.000
649.427 43.015
649.626 43.048
649.826 43.090
650.026 43.068
650.225 43.019
650.425 43.036
650.624 43.048
650.824 43.043
651.024 43.032
651.223 43.031
651.423 43.048
651.623 43.093
651.822 43.128
652.022 43.143
652.222 43.160
652.421 43.207
652.621 43.282
652.820 43.317
653.020 43.316
653.220 43.327
653.419 43.364
653.619 43.387
653.819 43.369
654.018 43.351
654.218 43.365
654.418 43.422
654.617 43.417
654.817 43.388
655.016 43.370
655.216 43.377
655.416 43.390
655.615 43.385
655.815 43.352
656.015 43.351
656.214 43.409
656.414 43.443
656.613 43.447
656.813 43.450
657.013 43.493
657.212 43.510
657.412 43.543
657.612 43.569
657.811 43.577
658.011 43.590
658.211 43.617
658.410 43.645
658.610 43.606
658.809 43.620
659.009 43.621
659.209 43.623
659.408 43.626
659.608 43.640
659.808 43.633
660.007 43.623
660.207 43.627
660.406 43.600
660.606 43.542
660.806 43.546
661.005 43.564
661.205 43.512
661.405 43.520
661.604 43.537
661.804 43.536
662.004 43.527
662.203 43.523
662.403 43.493
662.602 43.476
662.802 43.519
663.002 43.521
663.201 43.555
663.401 43.572
663.601 43.581
663.800 43.563
664.000 43.582
664.199 43.641
664.399 43.647
664.599 43.630
664.798 43.651
664.998 43.674
665.198 43.644
665.397 43.661
665.597 43.687
665.797 43.697
665.996 43.708
666.196 43.699
666.395 43.688
666.595 43.702
666.795 43.731
666.994 43.737
667.194 43.722
667.394 43.706
667.593 43.701
667.793 43.709
667.993 43.763
668.192 43.790
668.392 43.768
668.591 43.727
668.791 43.705
668.991 43.767
669.190 43.767
669.390 43.779
669.590 43.809
669.789 43.778
669.989 43.768
670.188 43.732
670.388 43.745
670.588 43.782
670.787 43.800
670.987 43.781
671.187 43.768
671.386 43.826
671.586 43.851
671.786 43.874
671.985 43.863
672.185 43.801
672.384 43.775
672.584 43.756
672.784 43.791
672.983 43.831
673.183 43.792
673.383 43.797
673.582 43.802
673.782 43.820
673.981 43.847
674.181 43.799
674.381 43.798
674.580 43.792
674.780 43.763
674.980 43.747
675.179 43.738
675.379 43.751
675.579 43.697
675.778 43.660
675.978 43.630
676.177 43.633
676.377 43.635
676.577 43.647
676.776 43.637
676.976 43.598
677.176 43.592
677.375 43.603
677.575 43.604
677.775 43.635
677.974 43.607
678.174 43.615
678.373 43.688
678.573 43.741
678.773 43.771
678.972 43.796
679.172 43.815
679.372 43.867
679.571 43.889
679.771 43.931
679.970 43.971
680.170 43.977
680.370 43.962
680.569 43.994
680.769 43.996
680.969 44.007
681.168 44.066
681.368 44.111
681.568 44.104
681.767 44.099
681.967 44.064
682.166 44.079
682.366 44.072
682.566 44.044
682.765 44.030
682.965 44.037
683.165 44.041
683.364 44.062
683.564 44.053
683.764 44.032
683.963 43.995
684.163 43.962
684.362 43.976
684.562 44.037
684.762 44.052
684.961 44.074
685.161 44.131
685.361 44.111
685.560 44.056
685.760 44.036
685.959 44.009
686.159 44.016
686.359 43.990
686.558 43.948
686.758 43.938
686.958 43.943
687.157 43.942
687.357 43.944
687.557 43.964
687.756 43.928
687.956 43.922
688.155 43.952
688.355 44.015
688.555 44.035
688.754 44.033
688.954 44.066
689.154 44.051
689.353 44.036
689.553 44.067
689.752 44.088
689.952 44.128
690.152 44.170
690.351 44.175
690.551 44.163
690.751 44.158
690.950 44.148
691.150 44.168
691.350 44.201
691.549 44.242
691.749 44.214
691.948 44.250
692.148 44.297
692.348 44.292
692.547 44.267
692.747 44.283
692.947 44.283
693.146 44.262
693.346 44.267
693.546 44.264
693.745 44.255
693.945 44.277
694.144 44.278
694.344 44.301
694.544 44.334
694.743 44.372
694.943 44.404
695.143 44.444
695.342 44.424
695.542 44.415
695.741 44.373
695.941 44.365
696.141 44.372
696.340 44.369
696.540 44.357
696.745 44.378
696.951 44.381
697.156 44.380
697.362 44.364
697.567 44.368
697.772 44.389
697.978 44.387
698.183 44.361
698.389 44.365
698.594 44.348
698.799 44.311
699.005 44.348
699.210 44.405
699.416 44.414
699.621 44.389
699.826 44.356
700.032 44.384
700.237 44.419
700.443 44.370
700.648 44.340
700.853 44.388
701.059 44.413
701.264 44.385
701.470 44.372
701.675 44.403
701.880 44.460
702.086 44.478
702.291 44.442
702.497 44.423
702.702 44.418
702.907 44.439
703.113 44.475
703.318 44.429
703.524 44.361
703.729 44.338
703.934 44.367
704.140 44.368
704.345 44.348
704.551 44.327
704.756 44.351
704.961 44.363
705.167 44.361
705.372 44.307
705.578 44.315
705.783 44.313
705.988 44.276
706.194 44.194
706.399 44.156
706.605 44.196
706.810 44.288
707.015 44.332
707.221 44.298
707.426 44.272
707.632 44.280
707.837 44.303
708.042 44.316
708.248 44.317
708.453 44.325
708.659 44.311
708.864 44.335
709.069 44.369
709.275 44.378
709.480 44.322
709.686 44.318
709.891 44.337
710.096 44.379
710.302 44.412
710.507 44.437
710.713 44.430
710.918 44.398
711.123 44.358
711.329 44.293
711.534 44.322
711.740 44.359
711.945 44.381
712.150 44.406
712.356 44.435
712.561 44.460
712.766 44.480
712.972 44.478
713.177 44.438
713.383 44.389
713.588 44.339
713.793 44.333
713.999 44.327
714.204 44.310
714.410 44.277
714.615 44.272
714.820 44.282
715.026 44.285
715.231 44.326
715.437 44.334
715.642 44.367
715.847 44.380
716.053 44.352
716.258 44.354
716.464 44.360
716.669 44.367
716.874 44.361
717.080 44.415
717.285 44.586
717.491 44.642
717.696 44.677
717.901 44.676
718.107 44.697
718.312 44.699
718.518 44.701
718.723 44.703
718.928 44.723
719.134 44.711
719.339 44.689
719.545 44.667
719.750 44.632
719.955 44.597
720.161 44.548
720.366 44.522
720.572 44.508
720.777 44.533
720.982 44.476
721.188 44.438
721.393 44.368
721.599 44.247
721.804 44.252
722.009 44.250
722.215 44.288
722.420 44.274
722.626 44.300
722.831 44.309
723.036 44.274
723.242 44.244
723.447 44.275
723.653 44.302
723.858 44.297
724.063 44.331
724.269 44.396
724.474 44.449
724.680 44.514
724.885 44.548
725.090 44.463
725.296 44.437
725.501 44.435
725.707 44.421
725.912 44.398
726.117 44.347
726.323 44.360
726.528 44.357
726.734 44.398
726.939 44.431
727.144 44.444
727.350 44.496
727.555 44.536
727.761 44.566
727.966 44.572
728.171 44.615
728.377 44.653
728.582 44.575
728.788 44.500
728.993 44.435
729.198 44.379
729.404 44.414
729.609 44.485
729.815 44.516
730.020 44.513
730.225 44.527
730.431 44.545
730.636 44.523
730.842 44.490
731.047 44.417
731.252 44.335
731.458 44.299
731.663 44.331
731.869 44.298
732.074 44.226
732.279 44.183
732.485 44.175
732.690 44.123
732.896 44.150
733.101 44.206
733.306 44.238
733.512 44.239
733.717 44.237
733.923 44.168
734.128 44.134
734.333 44.147
734.539 44.126
734.744 44.087
734.950 44.061
735.155 44.060
735.360 44.137
735.566 44.191
735.771 44.201
735.977 44.137
736.182 44.114
736.387 44.148
736.593 44.207
736.798 44.258
737.004 44.277
737.209 44.284
737.414 44.280
737.620 44.269
737.825 44.258
738.031 44.263
738.236 44.286
738.441 44.281
738.647 44.274
738.852 44.265
739.058 44.292
739.263 44.324
739.468 44.353
739.674 44.328
739.879 44.340
740.085 44.382
740.290 44.375
740.495 44.375
740.701 44.365
740.906 44.322
741.112 44.252
741.317 44.215
741.522 44.198
741.728 44.168
741.933 44.191
742.139 44.247
742.344 44.270
742.549 44.256
742.755 44.261
742.960 44.264
743.166 44.236
743.371 44.224
743.576 44.249
743.782 44.254
743.987 44.300
744.193 44.308
744.398 44.229
744.603 44.229
744.809 44.258
745.014 44.242
745.220 44.233
745.425 44.146
745.630 44.108
745.836 44.119
746.041 44.089
746.246 44.066
746.452 44.055
746.657 44.042
746.863 44.075
747.068 44.123
747.274 44.161
747.479 44.213
747.684 44.213
747.890 44.202
748.095 44.176
748.300 44.143
748.506 44.128
748.711 44.180
748.917 44.163
749.122 44.110
749.327 44.066
749.533 44.042
749.738 44.083
749.944 44.113
750.149 44.094
750.354 44.085
750.560 44.083
750.765 44.060
750.971 44.059
751.176 44.069
751.381 44.087
751.587 44.047
751.792 44.041
751.998 44.016
752.203 43.969
752.408 44.010
752.614 43.988
752.819 43.987
753.025 43.981
753.230 44.011
753.435 44.034
753.641 44.084
753.846 44.192
754.052 44.261
754.257 44.215
754.462 44.183
754.668 44.206
754.873 44.196
755.079 44.174
755.284 44.180
755.489 44.208
755.695 44.111
755.900 44.100
756.106 44.082
756.311 44.091
756.516 44.052
756.722 44.003
756.927 43.973
757.133 43.941
757.338 43.919
757.543 43.914
757.749 43.886
757.954 43.850
758.160 43.746
758.365 43.688
758.570 43.754
758.776 43.790
758.981 43.800
759.187 43.795
759.392 43.828
759.597 43.803
759.803 43.688
760.008 43.683
760.214 43.694
760.419 43.665
760.624 43.639
760.830 43.730
761.035 43.730
761.241 43.701
761.446 43.657
761.651 43.625
761.857 43.658
762.062 43.673
762.268 43.684
762.473 43.689
762.678 43.712
762.884 43.727
763.089 43.728
763.295 43.770
763.500 43.868
763.709 43.871
763.918 43.829
764.126 43.827
764.335 43.878
764.544 43.923
764.753 43.917
764.962 43.981
765.171 43.970
765.379 43.934
765.588 44.000
765.797 44.083
766.006 44.161
766.215 44.149
766.424 44.152
766.632 44.158
766.841 44.171
767.050 44.144
767.259 44.096
767.468 44.128
767.677 44.096
767.885 43.979
768.094 43.948
768.303 43.973
768.512 44.033
768.721 44.064
768.929 44.023
769.138 44.113
769.347 44.132
769.556 44.098
769.765 44.137
769.974 44.153
770.182 44.105
770.391 44.046
770.600 44.043
770.809 44.054
771.018 44.075
771.227 44.064
771.435 44.078
771.644 44.076
771.853 44.080
772.062 44.130
772.271 44.175
772.480 44.142
772.688 44.107
772.897 44.083
773.106 44.021
773.315 44.050
773.524 44.046
773.732 44.077
773.941 44.089
774.150 44.050
774.359 43.967
774.568 43.936
774.777 43.910
774.985 43.880
775.194 43.877
775.403 43.898
775.612 43.925
775.821 43.981
776.030 44.067
776.238 44.017
776.447 43.977
776.656 44.071
776.865 44.179
777.074 44.263
777.283 44.312
777.491 44.351
777.700 44.251
777.909 44.141
778.118 44.013
778.327 44.019
778.535 44.116
778.744 44.191
778.953 44.211
779.162 44.208
779.371 44.197
779.580 44.243
779.788 44.294
779.997 44.307
780.206 44.211
780.415 44.101
780.624 44.094
780.833 44.084
781.041 43.969
781.250 43.867
781.459 43.813
781.668 43.820
781.877 43.817
782.086 43.885
782.294 43.888
782.503 43.951
782.712 43.971
782.921 43.948
783.130 43.922
783.338 43.968
783.547 44.017
783.756 44.020
783.965 43.981
784.174 43.967
784.383 44.050
784.591 44.128
784.800 44.213
785.009 44.247
785.218 44.249
785.427 44.313
785.636 44.350
785.844 44.364
786.053 44.366
786.262 44.382
786.471 44.375
786.680 44.453
786.889 44.449
787.097 44.418
787.306 44.425
787.515 44.372
787.724 44.323
787.933 44.321
788.141 44.357
788.350 44.329
788.559 44.242
788.768 44.185
788.977 44.150
789.186 44.101
789.394 44.132
789.603 44.112
789.812 44.015
790.021 44.014
790.230 44.064
790.439 44.192
790.647 44.145
790.856 44.115
791.065 44.085
791.274 44.115
791.483 44.153
791.692 44.159
791.900 44.218
792.109 44.231
792.318 44.235
792.527 44.253
792.736 44.347
792.944 44.393
793.153 44.381
793.362 44.397
793.571 44.394
793.780 44.407
793.989 44.453
794.197 44.510
794.406 44.522
794.615 44.476
794.824 44.247
795.033 44.193
795.242 44.227
795.450 44.188
795.659 44.104
795.868 44.014
796.077 44.010
796.286 44.095
796.495 44.112
796.703 44.114
796.912 44.109
797.121 44.101
797.330 44.079
797.539 44.075
797.747 44.193
797.956 44.249
798.165 44.184
798.374 44.177
798.583 44.227
798.792 44.211
799.000 44.249
799.209 44.405
799.418 44.565
799.627 44.650
799.836 44.715
800.045 44.844
800.253 44.988
800.462 45.012
800.671 44.878
800.880 44.888
801.089 44.937
801.298 44.930
801.506 44.871
801.715 44.966
801.924 45.078
802.133 45.009
802.342 45.011
802.550 45.006
802.759 45.054
802.968 45.077
803.177 45.100
803.386 45.030
803.595 44.937
803.803 44.884
804.012 44.807
804.221 44.819
804.430 44.804
804.639 44.829
804.848 44.774
805.056 44.829
805.265 44.845
805.474 44.867
805.683 44.818
805.892 44.819
806.101 44.850
806.309 44.797
806.518 44.713
806.727 44.681
806.936 44.757
807.145 44.694
807.353 44.602
807.562 44.546
807.771 44.597
807.980 44.617
808.189 44.555
808.398 44.581
808.606 44.697
808.815 44.779
809.024 44.722
809.233 44.783
809.442 44.794
809.651 44.678
809.859 44.581
810.068 44.652
810.277 44.766
810.486 44.659
810.695 44.593
810.904 44.675
811.112 44.680
811.321 44.694
811.530 44.741
811.741 44.812
811.953 44.943
812.164 44.978
812.375 44.964
812.586 44.961
812.798 44.884
813.009 44.823
813.220 44.825
813.431 44.811
813.643 44.874
813.854 45.062
814.065 45.210
814.276 45.255
814.488 45.266
814.699 45.196
814.910 45.242
815.121 45.182
815.333 45.080
815.544 45.047
815.755 44.924
815.966 44.913
816.178 44.952
816.389 44.893
816.600 44.852
816.811 44.919
817.023 45.043
817.234 45.147
817.445 45.110
817.656 45.087
817.868 45.279
818.079 45.275
818.290 45.167
818.502 45.126
818.713 45.127
818.924 45.059
819.135 45.018
819.347 44.957
819.558 44.975
819.769 45.159
819.980 45.267
820.192 45.376
820.403 45.395
820.614 45.386
820.825 45.451
821.037 45.513
821.248 45.587
821.459 45.546
821.670 45.547
821.882 45.527
822.093 45.481
822.304 45.323
822.515 45.270
822.727 45.253
822.938 45.295
823.149 45.354
823.360 45.412
823.572 45.556
823.783 45.675
823.994 45.765
824.205 45.593
824.417 45.542
824.628 45.568
824.839 45.509
825.051 45.463
825.262 45.415
825.473 45.467
825.684 45.478
825.896 45.443
826.107 45.378
826.318 45.415
826.529 45.475
826.741 45.462
826.952 45.433
827.163 45.477
827.374 45.524
827.586 45.511
827.797 45.595
828.008 45.603
828.219 45.595
828.431 45.670
828.642 45.887
828.853 46.012
829.064 45.995
829.276 46.082
829.487 46.036
829.698 45.963
829.909 45.924
830.121 45.881
830.332 45.945
830.543 45.966
830.754 45.992
830.966 45.939
831.177 45.928
831.388 45.991
831.600 45.913
831.811 45.933
832.022 46.164
832.233 46.289
832.445 46.149
832.656 46.115
832.867 46.078
833.078 45.953
833.290 45.828
833.501 45.979
833.712 46.109
833.923 46.173
834.135 46.187
834.346 46.110
834.557 46.025
834.768 46.083
834.980 46.304
835.191 46.300
835.402 46.323
835.613 46.393
835.825 46.523
836.036 46.553
836.247 46.589
836.458 46.591
836.670 46.489
836.881 46.601
837.092 46.604
837.303 46.603
837.515 46.736
837.726 46.758
837.937 46.636
838.148 46.618
838.360 46.709
838.571 46.806
838.782 46.838
838.994 46.902
839.205 46.820
839.416 46.636
839.627 46.697
839.839 46.731
840.050 46.712
840.261 46.599
840.472 46.719
840.684 46.680
840.895 46.523
841.106 46.422
841.317 46.365
841.529 46.457
841.740 46.434
841.951 46.313
842.162 46.396
842.374 46.527
842.585 46.473
842.796 46.391
843.007 46.463
843.219 46.610
843.430 46.628
843.641 46.561
843.852 46.496
844.064 46.450
844.275 46.462
844.486 46.546
844.697 46.651
844.909 46.598
845.120 46.605
845.331 46.559
845.543 46.667
845.754 46.757
845.965 46.708
846.176 46.767
846.388 46.873
846.599 46.871
846.810 46.912
847.021 46.904
847.233 47.113
847.444 47.231
847.655 47.344
847.866 47.315
848.078 47.480
848.289 47.772
848.500 47.822
848.711 47.911
848.923 47.964
849.134 47.860
849.345 47.793
849.556 47.716
849.768 47.719
849.979 47.673
850.190 47.637
850.401 47.685
850.613 47.872
850.824 47.917
851.035 47.946
851.246 47.861
851.458 47.986
851.669 47.963
851.880 47.649
852.092 47.491
852.303 47.686
852.514 47.932
852.725 48.083
852.937 48.120
853.148 48.091
853.359 48.053
853.570 48.136
853.782 48.279
853.993 48.375
854.204 48.340
854.415 48.282
854.627 48.304
854.838 48.335
855.049 48.335
855.260 48.416
855.472 48.294
855.683 48.283
855.894 48.375
856.105 48.445
856.317 48.567
856.528 48.604
856.739 48.464
856.950 48.275
857.162 47.990
857.373 47.944
857.584 47.853
857.795 47.848
858.007 47.874
858.218 47.740
858.429 48.044
858.640 48.570
858.852 48.410
859.063 48.404
859.274 48.520
859.486 48.272
859.697 47.926
859.908 48.181
860.119 48.369
860.331 48.270
860.542 48.312
860.753 48.554
860.964 48.702
861.176 48.816
861.387 48.818
861.598 48.960
861.809 49.097
862.021 49.073
862.232 49.030
862.443 48.998
862.654 49.200
862.866 49.058
863.077 48.783
863.288 49.218
863.499 49.546
863.711 49.608
863.922 49.826
864.133 50.253
864.344 50.101
864.556 49.821
864.767 49.604
864.978 49.242
865.189 49.210
865.401 49.259
865.612 49.209
865.823 49.141
866.035 49.022
866.246 48.930
866.457 49.174
866.668 49.344
866.880 49.428
867.091 49.422
867.302 49.301
867.513 49.292
867.725 49.342
867.936 49.380
868.147 49.281
868.358 49.321
868.570 49.219
868.781 49.386
868.992 49.661
869.203 49.902
869.415 50.216
869.626 50.489
869.837 50.413
870.048 50.571
870.260 50.729
870.471 50.893
870.682 50.844
870.893 50.672
871.105 50.807
871.316 50.952
871.527 50.851
871.738 51.108
871.950 51.376
872.161 51.314
872.372 51.052
872.584 50.846
872.795 50.684
873.006 50.523
873.217 50.465
873.429 50.473
873.640 50.421
873.851 50.189
874.062 49.823
874.274 49.680
874.485 49.659
874.696 49.725
874.907 49.586
875.119 49.661
875.330 49.632
875.541 49.386
875.752 49.103
875.964 49.171
876.175 49.111
876.386 48.905
876.597 48.937
876.809 49.138
877.020 49.475
877.231 49.615
877.442 49.773
877.654 49.853
877.865 49.771
878.076 49.787
878.287 49.763
878.499 49.635
878.710 49.746
878.921 49.643
879.133 49.447
879.344 49.659
879.555 49.919
879.766 50.190
879.978 50.228
880.189 50.443
880.400 50.633
880.611 50.639
880.823 50.721
881.034 50.756
881.245 50.722
881.456 50.535
881.668 50.327
881.879 50.334
882.090 50.516
882.301 50.546
882.513 50.368
882.724 50.531
882.935 50.605
883.146 50.486
883.358 50.617
883.569 50.639
883.780 50.526
883.991 50.491
884.203 50.354
884.414 50.462
884.625 50.385
884.836 50.077
885.048 50.128
885.259 50.278
885.470 50.292
885.682 50.283
885.893 50.363
886.104 50.617
886.315 50.657
886.527 50.498
886.738 50.567
886.949 50.780
887.160 50.869
887.372 50.879
887.583 51.057
887.794 50.962
888.005 51.075
888.217 51.072
888.428 50.920
888.639 51.003
888.850 50.983
889.062 50.981
889.273 51.149
889.484 50.960
889.695 50.620
889.907 50.637
890.118 50.563
890.329 50.568
890.540 50.587
890.752 50.667
890.963 50.688
891.174 50.801
891.385 51.181
891.597 51.217
891.808 51.427
892.019 51.506
892.231 51.635
892.442 51.716
892.653 51.855
892.864 51.789
893.076 52.157
893.287 52.955
893.498 52.973
893.709 53.075
893.921 53.107
894.132 53.252
894.343 53.150
894.554 53.104
894.766 53.392
894.977 53.626
895.188 53.611
895.399 53.542
895.611 53.246
895.822 52.998
896.033 53.052
896.244 52.903
896.456 52.994
896.667 53.108
896.878 53.259
897.089 53.326
897.301 53.266
897.512 52.800
897.723 52.097
897.934 52.175
898.146 52.234
898.357 52.259
898.568 52.245
898.779 52.384
898.991 52.623
899.202 52.519
899.413 52.330
899.625 52.349
899.836 52.623
900.047 53.099
900.258 52.981
900.470 52.937
900.681 53.165
900.892 53.268
901.103 53.293
901.315 53.231
901.526 53.188
901.737 53.433
901.948 53.635
902.160 53.467
902.371 53.401
902.582 53.220
902.793 53.205
903.005 53.197
903.216 53.283
903.427 53.345
903.638 53.164
903.850 53.240
904.061 53.458
904.272 53.435
904.483 52.893
904.695 52.890
904.906 53.041
905.117 52.942
905.328 52.501
905.540 52.287
905.751 51.839
905.962 51.768
906.174 52.028
906.385 51.800
906.596 51.852
906.807 52.169
907.019 52.501
907.230 52.785
907.441 53.110
907.652 53.272
907.864 53.267
908.075 53.126
908.286 52.640
908.497 52.263
908.709 51.993
908.920 52.400
909.131 52.629
909.342 52.711
909.554 53.052
909.765 53.623
909.976 53.722
910.187 54.067
910.399 54.091
910.610 53.965
910.821 54.316
911.032 54.517
911.244 54.179
911.455 53.789
911.666 53.830
911.877 53.977
912.089 53.862
912.300 53.884
912.515 54.243
912.730 54.697
912.944 54.891
913.159 55.415
913.374 55.697
913.589 55.765
913.803 55.757
914.018 55.399
914.233 54.748
914.448 54.909
914.663 55.110
914.877 55.512
915.092 55.623
915.307 55.598
915.522 55.610
915.736 55.995
915.951 56.247
916.166 56.132
916.381 55.673
916.596 55.676
916.810 56.201
917.025 56.336
917.240 56.341
917.455 56.381
917.669 55.731
917.884 54.980
918.099 54.769
918.314 54.899
918.529 55.602
918.743 56.580
918.958 56.783
919.173 56.689
919.388 56.441
919.602 56.396
919.817 56.629
920.032 57.034
920.247 57.453
920.462 58.109
920.676 58.530
920.891 58.647
921.106 58.497
921.321 57.905
921.535 57.868
921.750 58.200
921.965 58.649
922.180 59.263
922.395 59.754
922.609 60.075
922.824 60.080
923.039 59.810
923.254 59.089
923.469 58.880
923.683 58.966
923.898 58.567
924.113 58.316
924.328 58.408
924.542 58.469
924.757 57.948
924.972 57.556
925.187 57.173
925.402 57.344
925.616 57.741
925.831 58.238
926.046 58.179
926.261 58.322
926.475 58.192
926.690 58.297
926.905 58.945
927.120 59.236
927.335 59.161
927.549 59.397
927.764 59.980
927.979 59.917
928.194 59.963
928.408 60.483
928.623 60.766
928.838 60.913
929.053 61.241
929.268 61.364
929.482 60.659
929.697 60.504
929.912 60.654
930.127 60.349
930.341 60.714
930.556 61.664
930.771 61.583
930.986 61.557
931.201 61.110
931.415 60.553
931.630 60.757
931.845 61.429
932.060 61.457
932.274 61.979
932.489 62.402
932.704 62.776
932.919 62.946
933.134 62.818
933.348 62.709
933.563 62.078
933.778 62.132
933.993 63.448
934.207 63.958
934.422 63.894
934.637 64.398
934.852 63.787
935.067 63.016
935.281 63.036
935.496 63.778
935.711 64.794
935.926 65.017
936.140 65.111
936.355 65.413
936.570 65.520
936.785 64.835
937.000 64.470
937.214 64.739
937.429 65.473
937.644 66.292
937.859 66.390
938.073 66.444
938.288 66.532
938.503 66.416
938.718 66.821
938.933 68.204
939.147 69.490
939.362 70.364
939.577 70.970
939.792 70.988
940.007 70.390
940.221 69.764
940.436 69.746
940.651 69.808
940.866 70.031
941.080 69.915
941.295 70.241
941.510 70.555
941.725 70.217
941.940 70.146
942.154 70.020
942.369 70.447
942.584 71.261
942.799 72.045
943.013 72.506
943.228 72.552
943.443 72.018
943.658 70.559
943.873 70.129
944.087 70.328
944.302 70.516
944.517 70.469
944.732 70.507
944.946 69.775
945.161 69.847
945.376 69.130
945.591 69.717
945.806 70.114
946.020 70.949
946.235 72.564
946.450 72.536
946.665 72.239
946.879 72.009
947.094 71.821
947.309 71.152
947.524 71.369
947.739 71.501
947.953 70.639
948.168 70.853
948.383 70.708
948.598 70.213
948.812 70.937
949.027 70.263
949.242 69.551
949.457 71.193
949.672 71.754
949.886 71.468
950.101 71.009
950.316 71.328
950.531 71.294
950.745 70.444
950.960 71.237
951.175 72.330
951.390 73.122
951.605 73.366
951.819 74.740
952.034 76.007
952.249 76.957
952.464 76.918
952.678 77.195
952.893 77.426
953.108 76.374
953.323 74.930
953.538 75.809
953.752 76.323
953.967 74.986
954.182 73.923
954.397 75.066
954.611 75.536
954.826 74.697
955.041 74.531
955.256 74.579
955.471 73.339
955.685 72.482
955.900 71.766
956.115 74.740
956.330 79.841
956.544 78.052
956.759 76.347
956.974 77.114
957.189 77.471
957.404 77.298
957.618 78.360
957.833 79.010
958.048 78.607
958.263 79.046
958.478 80.217
958.692 80.814
958.907 80.591
959.122 80.209
959.337 80.244
959.551 79.851
959.766 79.109
959.981 80.008
960.196 80.271
960.411 80.156
960.625 76.551
960.840 69.758
961.055 68.774
961.270 68.959
961.484 68.294
961.699 68.220
961.914 68.825
962.129 69.757
962.344 71.690
962.558 73.698
962.773 74.180
962.988 75.350
963.203 76.986
963.417 77.096
963.632 77.642
963.847 78.278
964.062 79.016
964.277 79.350
964.491 77.859
964.706 78.031
964.921 78.340
965.136 78.472
965.350 79.322
965.565 80.221
965.780 80.520
965.987 81.105
966.194 82.018
966.402 81.959
966.609 80.914
966.816 79.295
967.023 77.216
967.231 77.201
967.438 76.252
967.645 74.568
967.852 73.934
968.059 73.675
968.267 74.064
968.474 74.933
968.681 74.977
968.888 76.445
969.096 76.174
969.303 75.634
969.510 76.431
969.717 77.032
969.925 78.013
970.132 77.692
970.339 76.543
970.546 74.786
970.753 74.560
970.961 75.845
971.168 76.204
971.375 76.948
971.582 75.825
971.790 74.827
971.997 75.219
972.204 75.114
972.411 75.032
972.618 75.947
972.826 75.470
973.033 75.463
973.240 74.587
973.447 74.578
973.655 75.298
973.862 74.602
974.069 74.375
974.276 75.246
974.483 75.878
974.691 77.310
974.898 78.439
975.105 78.796
975.312 78.241
975.520 77.827
975.727 77.585
975.934 78.225
976.141 78.773
976.349 78.220
976.556 79.034
976.763 78.675
976.970 77.621
977.177 76.206
977.385 75.931
977.592 76.346
977.799 76.547
978.006 77.933
978.214 79.902
978.421 80.767
978.628 78.825
978.835 78.298
979.042 76.631
979.250 75.697
979.457 75.933
979.664 75.808
979.871 76.332
980.079 78.234
980.286 77.612
980.493 77.142
980.700 78.471
980.907 80.264
981.115 80.295
981.322 79.366
981.529 80.577
981.736 80.549
981.944 80.532
982.151 81.638
982.358 80.512
982.565 78.843
982.773 77.381
982.980 78.319
983.187 80.622
983.394 83.945
983.601 83.318
983.809 82.034
984.016 80.724
984.223 79.580
984.430 77.799
984.638 78.105
984.845 79.818
985.052 81.290
985.259 79.501
985.466 79.966
985.674 80.250
985.881 81.027
986.088 82.912
986.295 84.784
986.503 85.246
986.710 85.518
986.917 85.362
987.124 85.923
987.331 85.807
987.539 85.071
987.746 83.764
987.953 84.937
988.160 87.112
988.368 89.540
988.575 91.355
988.782 92.558
988.989 92.476
989.197 91.797
989.404 90.508
989.611 90.403
989.818 88.185
990.025 88.390
990.233 87.828
990.440 86.266
990.647 83.225
990.854 81.565
991.062 82.487
991.269 83.367
991.476 82.812
991.683 82.831
991.890 82.899
992.098 82.758
992.305 84.152
992.512 83.013
992.719 82.210
992.927 82.898
993.134 82.676
993.341 83.698
993.548 82.860
993.755 80.914
993.963 80.401
994.170 81.546
994.377 80.503
994.584 79.583
994.792 83.538
994.999 88.374
995.206 89.101
995.413 87.802
995.621 88.549
995.828 89.279
996.035 88.522
996.242 87.372
996.449 88.155
996.657 88.366
996.864 87.481
997.071 86.742
997.278 85.158
997.486 86.886
997.693 86.845
997.900 87.768
998.107 88.824
998.314 88.124
998.522 89.865
998.729 92.080
998.936 92.416
999.143 90.703
999.351 90.356
999.558 90.414
999.765 91.630
999.972 91.206
1000.179 91.505
1000.387 92.526
1000.594 93.189
1000.801 92.809
1001.008 92.431
1001.216 92.979
1001.423 94.607
1001.630 95.425
1001.837 92.000
1002.045 92.149
1002.252 94.046
1002.459 95.593
1002.666 98.367
1002.873 98.974
1003.081 98.587
1003.288 97.468
1003.495 94.925
1003.702 92.560
1003.910 94.491
1004.117 96.615
1004.324 95.988
1004.531 96.068
1004.738 96.619
1004.946 96.393
1005.153 95.419
1005.360 95.453
1005.567 99.776
1005.775 99.814
1005.982 97.780
1006.189 98.079
1006.396 97.477
1006.603 94.481
1006.811 91.632
1007.018 87.664
1007.225 87.061
1007.432 88.718
1007.640 94.058
1007.847 95.575
1008.054 95.920
1008.261 92.590
1008.469 89.391
1008.676 92.129
1008.883 96.050
1009.090 98.890
1009.297 97.530
1009.505 99.165
1009.712 100.012
1009.919 94.876
1010.126 93.262
1010.334 95.410
1010.541 95.058
1010.748 95.958
1010.955 97.996
1011.162 99.822
1011.370 106.177
1011.577 106.875
1011.784 105.704
1011.991 102.491
1012.199 98.300
1012.406 96.773
1012.613 100.328
1012.820 98.866
1013.027 92.911
1013.235 88.511
1013.442 85.015
1013.649 88.697
1013.856 92.130
1014.064 94.066
1014.271 94.627
1014.478 93.788
1014.685 93.635
1014.893 95.749
1015.100 96.134
1015.307 95.544
1015.514 95.544
1015.721 90.859
1015.929 89.761
1016.136 88.906
1016.343 87.949
1016.550 94.980
