292.253 98.165
292.450 100.663
292.647 101.342
292.845 101.609
293.042 102.349
293.239 102.612
293.437 101.438
293.634 99.527
293.831 98.717
294.029 98.863
294.226 98.979
294.423 101.916
294.621 102.020
294.818 101.104
295.015 100.318
295.213 101.280
295.410 103.118
295.607 103.834
295.805 103.690
296.002 103.485
296.199 103.414
296.397 102.284
296.594 100.301
296.791 99.052
296.989 99.159
297.186 97.915
297.383 96.603
297.581 98.055
297.778 100.057
297.975 100.716
298.173 100.075
298.370 100.183
298.567 101.370
298.765 101.529
298.962 102.636
299.159 103.325
299.357 103.295
299.554 102.951
299.751 103.503
299.949 102.840
300.146 103.149
300.343 102.329
300.541 100.507
300.738 101.083
300.935 102.352
301.133 102.282
301.330 103.210
301.527 105.012
301.725 104.600
301.922 103.263
302.119 103.237
302.317 104.925
302.514 104.616
302.711 102.924
302.909 102.333
303.106 100.848
303.303 100.112
303.501 100.242
303.698 99.836
303.895 98.827
304.093 98.159
304.290 97.616
304.487 98.347
304.685 98.894
304.882 98.288
305.079 97.657
305.277 96.928
305.474 96.306
305.671 94.841
305.869 94.672
306.066 95.539
306.263 95.269
306.461 93.974
306.658 94.171
306.855 94.241
307.053 93.603
307.250 94.318
307.447 95.335
307.645 95.603
307.842 95.287
308.039 94.855
308.237 94.766
308.434 94.360
308.631 94.225
308.829 94.959
309.026 94.511
309.223 94.166
309.421 94.410
309.618 93.812
309.815 93.977
310.013 93.727
310.210 92.972
310.407 92.839
310.605 92.750
310.802 92.777
310.999 93.311
311.197 95.182
311.394 95.616
311.591 94.974
311.789 94.021
311.986 93.415
312.183 92.865
312.381 92.658
312.578 92.789
312.775 91.643
312.973 90.679
313.170 90.854
313.347 90.628
313.523 90.145
313.700 90.231
313.877 90.739
314.054 90.873
314.230 91.500
314.407 91.891
314.584 91.798
314.761 90.681
314.937 90.154
315.114 89.248
315.291 87.524
315.467 86.868
315.644 87.298
315.821 87.679
315.998 87.879
316.174 87.490
316.351 87.544
316.528 87.887
316.704 87.421
316.881 86.901
317.058 86.001
317.235 85.856
317.411 85.718
317.588 85.405
317.765 85.240
317.942 84.439
318.118 83.395
318.295 83.755
318.472 84.742
318.648 85.183
318.825 85.425
319.002 85.427
319.179 84.361
319.355 83.103
319.532 82.912
319.709 83.494
319.885 84.048
320.062 83.265
320.239 83.156
320.416 82.503
320.592 82.799
320.769 83.144
320.946 82.560
321.123 83.249
321.299 82.751
321.476 82.457
321.653 82.500
321.829 82.262
322.006 81.569
322.183 81.463
322.360 80.602
322.536 79.113
322.713 78.917
322.890 79.830
323.066 80.824
323.243 80.843
323.420 80.235
323.597 79.763
323.773 79.222
323.950 79.312
324.127 80.350
324.304 79.931
324.480 80.192
324.657 81.149
324.834 80.475
325.010 79.912
325.187 79.445
325.364 80.498
325.541 81.993
325.717 80.681
325.894 79.058
326.071 78.887
326.248 79.412
326.424 79.093
326.601 78.342
326.778 77.363
326.954 76.435
327.131 75.939
327.308 75.272
327.485 75.825
327.661 75.690
327.838 75.834
328.015 76.767
328.191 76.643
328.368 76.039
328.545 75.981
328.722 76.640
328.898 76.097
329.075 74.380
329.252 73.163
329.429 73.784
329.605 74.237
329.782 73.236
329.959 72.339
330.135 73.170
330.312 73.827
330.489 74.468
330.666 75.215
330.842 75.667
331.019 75.744
331.196 75.288
331.372 75.011
331.549 74.335
331.726 74.105
331.903 73.930
332.079 74.610
332.256 74.528
332.433 73.351
332.610 73.583
332.786 73.422
332.963 73.229
333.140 72.916
333.316 72.604
333.493 72.738
333.670 72.815
333.847 72.714
334.023 72.197
334.200 71.403
334.377 71.194
334.553 70.854
334.730 70.443
334.907 69.379
335.084 68.324
335.260 67.793
335.437 66.899
335.614 66.626
335.791 65.248
335.967 65.261
336.144 66.810
336.321 67.101
336.497 66.970
336.674 66.049
336.851 66.007
337.028 66.174
337.204 66.613
337.381 66.544
337.558 65.870
337.734 65.700
337.911 65.663
338.088 65.629
338.265 65.597
338.441 65.261
338.618 66.052
338.795 67.725
338.972 68.344
339.148 67.847
339.325 67.208
339.502 67.051
339.678 66.505
339.855 64.987
340.032 64.352
340.209 64.389
340.385 64.642
340.562 64.461
340.739 64.356
340.916 64.580
341.092 64.361
341.269 64.222
341.446 64.189
341.622 63.077
341.799 61.794
341.976 61.098
342.153 60.816
342.329 60.256
342.506 59.325
342.683 59.642
342.859 60.531
343.036 60.730
343.213 60.930
343.390 60.759
343.566 60.496
343.743 59.935
343.920 59.424
344.097 59.018
344.273 58.755
344.450 58.357
344.627 57.497
344.803 57.046
344.980 57.335
345.157 57.166
345.334 57.905
345.510 58.330
345.687 58.263
345.864 58.565
346.040 58.905
346.217 58.105
346.394 56.716
346.571 55.938
346.747 56.165
346.924 56.292
347.101 56.719
347.278 57.085
347.454 56.826
347.631 56.882
347.808 57.166
347.984 56.946
348.161 56.434
348.338 56.153
348.515 56.344
348.691 55.743
348.868 55.385
349.045 54.958
349.221 54.352
349.398 54.420
349.575 54.239
349.752 53.177
349.928 53.184
350.105 53.598
350.282 53.443
350.459 53.068
350.635 52.490
350.812 51.672
350.989 51.149
351.165 51.216
351.342 51.104
351.519 50.841
351.696 50.920
351.872 50.885
352.049 50.669
352.226 50.466
352.402 50.497
352.579 50.893
352.756 51.310
352.933 51.616
353.109 51.184
353.286 51.361
353.463 52.047
353.640 51.864
353.816 51.411
353.993 50.991
354.170 51.073
354.346 51.178
354.523 50.878
354.700 50.844
354.877 50.694
355.053 50.563
355.230 50.748
355.407 51.069
355.584 51.455
355.760 51.042
355.937 50.268
356.114 49.587
356.290 48.868
356.467 48.502
356.644 48.315
356.821 48.305
356.997 48.077
357.174 47.789
357.351 47.500
357.527 47.367
357.704 47.333
357.881 46.710
358.058 46.366
358.234 46.477
358.411 46.342
358.588 46.816
358.765 46.580
358.941 45.993
359.118 45.553
359.295 45.009
359.471 45.481
359.648 45.535
359.825 45.872
360.002 45.887
360.178 46.005
360.355 46.513
360.532 46.422
360.708 45.700
360.885 45.658
361.062 45.989
361.239 46.071
361.415 46.579
361.592 46.958
361.769 46.472
361.946 46.143
362.122 46.139
362.299 45.425
362.476 45.434
362.652 45.365
362.829 44.647
363.006 43.830
363.183 43.429
363.359 43.474
363.536 43.135
363.713 42.732
363.889 41.922
364.066 40.911
364.243 40.634
364.420 40.891
364.596 40.630
364.773 40.145
364.950 40.164
365.127 39.508
365.303 39.092
365.480 39.204
365.660 39.094
365.839 38.906
366.019 38.951
366.199 39.123
366.379 38.987
366.558 39.164
366.738 39.817
366.918 39.930
367.098 40.113
367.277 40.083
367.457 40.182
367.637 39.860
367.816 39.906
367.996 40.085
368.176 39.680
368.356 39.413
368.535 39.126
368.715 38.517
368.895 38.298
369.075 37.826
369.254 37.823
369.434 37.781
369.614 37.164
369.793 36.874
369.973 36.428
370.153 36.322
370.333 36.475
370.512 36.303
370.692 36.259
370.872 36.197
371.051 36.019
371.231 35.666
371.411 35.732
371.591 35.237
371.770 34.619
371.950 34.495
372.130 34.471
372.310 34.927
372.489 35.233
372.669 35.125
372.849 35.409
373.028 35.381
373.208 35.139
373.388 35.144
373.568 34.868
373.747 34.606
373.927 34.332
374.107 33.519
374.287 33.348
374.466 33.487
374.646 33.354
374.826 33.225
375.005 33.178
375.185 33.106
375.365 33.123
375.545 33.442
375.724 33.702
375.904 33.289
376.084 32.751
376.263 32.335
376.443 32.286
376.623 31.927
376.803 31.601
376.982 31.510
377.162 31.316
377.342 31.264
377.522 31.353
377.701 31.514
377.881 31.818
378.061 31.719
378.240 31.114
378.420 30.900
378.600 30.833
378.780 30.804
378.959 30.622
379.139 30.619
379.319 30.511
379.499 30.200
379.678 30.419
379.858 30.624
380.038 30.578
380.217 30.419
380.397 30.200
380.577 29.983
380.757 29.676
380.936 29.837
381.116 30.028
381.296 29.890
381.476 29.848
381.655 29.804
381.835 29.457
382.015 29.622
382.194 29.731
382.374 29.714
382.554 29.832
382.734 29.883
382.913 29.721
383.093 29.321
383.273 29.155
383.452 29.146
383.632 29.031
383.812 29.021
383.992 29.007
384.171 29.180
384.351 29.133
384.531 28.994
384.711 28.586
384.890 28.242
385.070 28.087
385.250 27.792
385.429 27.810
385.609 28.024
385.789 27.587
385.969 27.013
386.148 26.786
386.328 26.566
386.508 26.458
386.688 26.596
386.867 26.638
387.047 26.495
387.227 26.108
387.406 25.706
387.586 25.438
387.766 25.230
387.946 25.072
388.125 24.938
388.305 25.118
388.485 25.075
388.664 24.976
388.844 25.031
389.024 25.044
389.204 24.792
389.383 24.561
389.563 24.598
389.743 24.833
389.923 24.861
390.102 24.679
390.282 24.365
390.462 24.085
390.641 23.895
390.821 23.826
391.001 23.894
391.181 24.056
391.360 24.165
391.540 24.411
391.720 24.449
391.900 24.381
392.079 24.110
392.259 24.110
392.439 24.014
392.618 23.776
392.798 23.588
392.978 23.430
393.158 23.369
393.337 23.228
393.517 22.883
393.697 22.647
393.877 22.537
394.056 22.463
394.236 22.520
394.416 22.597
394.595 22.617
394.775 22.440
394.955 22.160
395.135 21.980
395.314 21.782
395.494 21.483
395.674 21.264
395.853 21.134
396.033 20.997
396.213 20.975
396.393 20.844
396.572 20.741
396.752 20.766
396.932 20.684
397.112 20.843
397.291 21.062
397.471 21.035
397.651 20.967
397.830 20.897
398.010 20.883
398.190 20.895
398.370 20.689
398.549 20.656
398.729 20.602
398.909 20.562
399.089 20.363
399.268 20.398
399.448 20.611
399.628 20.647
399.807 20.681
399.987 20.510
400.167 20.435
400.347 20.326
400.526 20.258
400.706 20.286
400.886 19.991
401.065 19.607
401.245 19.497
401.425 19.340
401.605 19.212
401.784 18.985
401.964 18.814
402.144 19.001
402.324 19.168
402.503 19.324
402.683 19.161
402.863 19.070
403.042 18.831
403.222 18.574
403.402 18.546
403.582 18.405
403.761 18.305
403.941 18.355
404.121 18.270
404.301 18.028
404.480 17.822
404.660 17.812
404.844 17.929
405.029 18.068
405.213 18.207
405.398 18.491
405.582 18.564
405.767 18.498
405.951 18.281
406.136 17.995
406.320 17.697
406.505 17.706
406.689 17.760
406.874 17.778
407.058 17.622
407.243 17.490
407.427 17.523
407.612 17.522
407.796 17.416
407.981 17.453
408.165 17.527
408.350 17.526
408.534 17.446
408.719 17.444
408.903 17.205
409.088 17.084
409.272 16.987
409.457 16.923
409.641 16.894
409.826 16.877
410.010 16.896
410.195 16.981
410.379 16.897
410.564 16.710
410.748 16.575
410.933 16.522
411.117 16.585
411.302 16.548
411.486 16.536
411.671 16.425
411.855 16.379
412.040 16.406
412.224 16.452
412.409 16.412
412.593 16.202
412.778 16.256
412.962 16.149
413.147 15.972
413.331 15.874
413.516 15.737
413.700 15.722
413.885 16.255
414.069 17.176
414.254 17.144
414.438 17.267
414.623 17.507
414.807 17.590
414.992 17.447
415.176 17.384
415.361 17.328
415.545 17.282
415.730 17.344
415.914 17.301
416.099 17.173
416.283 17.140
416.468 17.280
416.652 17.253
416.837 17.354
417.021 17.451
417.206 17.436
417.390 17.475
417.575 17.486
417.759 16.886
417.944 15.766
418.128 15.740
418.313 15.531
418.497 15.196
418.682 15.043
418.866 15.073
419.051 15.076
419.235 15.007
419.420 15.067
419.604 14.930
419.789 14.884
419.973 14.904
420.158 14.900
420.342 14.719
420.527 14.649
420.711 14.467
420.896 14.354
421.080 14.328
421.265 14.229
421.449 14.109
421.634 14.027
421.818 14.070
422.003 13.943
422.187 13.895
422.372 14.091
422.556 14.149
422.741 14.121
422.925 14.142
423.110 14.306
423.294 14.254
423.479 14.193
423.663 14.023
423.848 13.856
424.032 13.763
424.217 13.703
424.401 13.618
424.586 13.641
424.770 13.577
424.955 13.548
425.139 13.547
425.324 13.422
425.508 13.206
425.693 13.054
425.877 13.116
426.062 13.192
426.246 13.027
426.431 12.884
426.615 12.794
426.800 12.682
426.984 12.487
427.169 12.437
427.353 12.477
427.538 12.491
427.722 12.507
427.907 12.602
428.091 12.691
428.276 12.640
428.460 12.575
428.645 12.660
428.829 12.728
429.014 12.604
429.198 12.685
429.383 12.903
429.567 12.969
429.752 12.893
429.936 12.814
430.121 12.824
430.305 12.981
430.490 13.021
430.674 13.010
430.859 12.962
431.043 12.938
431.228 12.872
431.412 12.922
431.597 12.983
431.781 12.915
431.966 12.831
432.150 12.906
432.335 12.982
432.519 12.839
432.704 12.586
432.888 12.527
433.073 12.437
433.257 12.309
433.442 12.160
433.626 12.117
433.811 12.083
433.995 12.024
434.180 11.870
434.364 11.706
434.549 11.598
434.733 11.578
434.918 11.463
435.102 11.405
435.287 11.283
435.471 11.139
435.656 11.074
435.840 11.055
436.030 10.974
436.220 10.836
436.410 10.869
436.600 11.058
436.790 11.225
436.980 11.279
437.170 11.273
437.360 11.326
437.550 11.316
437.741 11.314
437.931 11.298
438.121 11.338
438.311 11.424
438.501 11.462
438.691 11.519
438.881 11.546
439.071 11.506
439.261 11.468
439.451 11.492
439.641 11.406
439.831 11.372
440.021 11.450
440.211 11.531
440.401 11.457
440.591 11.246
440.781 11.135
440.971 11.082
441.161 11.110
441.351 11.147
441.542 11.173
441.732 11.226
441.922 11.145
442.112 11.019
442.302 10.965
442.492 10.898
442.682 10.798
442.872 10.893
443.062 10.883
443.252 10.895
443.442 10.846
443.632 10.871
443.822 10.918
444.012 10.807
444.202 10.646
444.392 10.558
444.582 10.737
444.772 11.015
444.962 11.017
445.153 10.973
445.343 10.880
445.533 10.762
445.723 10.648
445.913 10.716
446.103 10.787
446.293 10.834
446.483 10.892
446.673 10.912
446.863 10.805
447.053 10.741
447.243 10.713
447.433 10.702
447.623 10.691
447.813 10.597
448.003 10.560
448.193 10.602
448.383 10.594
448.573 10.441
448.764 10.132
448.954 10.120
449.144 10.081
449.334 10.051
449.524 10.126
449.714 10.201
449.904 10.142
450.094 10.125
450.284 10.121
450.474 10.097
450.664 10.016
450.854 9.960
451.044 9.997
451.234 9.964
451.424 9.914
451.614 9.871
451.804 9.812
451.994 9.782
452.184 9.759
452.375 9.807
452.565 10.566
452.755 11.887
452.945 11.835
453.135 11.827
453.325 11.831
453.515 11.875
453.705 11.858
453.895 11.808
454.085 11.697
454.275 11.542
454.465 11.434
454.655 11.428
454.845 11.455
455.035 11.422
455.225 11.445
455.415 11.474
455.605 11.503
455.795 11.555
455.985 11.612
456.176 11.627
456.366 11.643
456.556 10.937
456.746 9.668
456.936 9.683
457.126 9.678
457.316 9.733
457.506 9.669
457.696 9.589
457.886 9.568
458.076 9.497
458.266 9.487
458.456 9.510
458.646 9.547
458.836 9.573
459.026 9.661
459.216 9.689
459.406 9.730
459.596 9.657
459.787 9.565
459.977 9.476
460.167 9.444
460.357 9.347
460.547 9.220
460.737 9.125
460.927 9.106
461.117 9.090
461.307 8.985
461.497 8.874
461.687 8.847
461.877 8.866
462.067 8.917
462.257 8.961
462.447 8.951
462.637 8.972
462.827 8.976
463.017 8.896
463.207 8.870
463.397 8.803
463.588 8.804
463.778 8.881
463.968 8.928
464.158 8.894
464.348 8.890
464.538 8.946
464.728 8.972
464.918 8.994
465.108 9.046
465.298 9.077
465.488 9.122
465.678 9.055
465.868 8.969
466.058 8.962
466.248 8.922
466.438 8.927
466.628 8.886
466.818 8.790
467.008 8.761
467.199 8.721
467.389 8.737
467.579 8.777
467.769 8.700
467.959 8.699
468.149 8.728
468.339 8.736
468.529 8.717
468.719 8.691
468.909 8.642
469.099 8.590
469.289 8.499
469.479 8.429
469.669 8.473
469.859 8.515
470.049 8.521
470.239 8.503
470.429 8.507
470.619 8.485
470.810 8.471
471.000 8.434
471.190 8.405
471.380 8.342
471.570 8.265
471.760 8.234
471.950 8.172
472.140 8.136
472.330 8.152
472.520 8.128
472.710 8.100
472.900 8.083
473.090 8.053
473.280 8.126
473.470 8.142
473.660 8.125
473.850 8.161
474.040 8.224
474.230 8.233
474.421 8.199
474.611 8.161
474.801 8.184
474.991 8.216
475.181 8.233
475.371 8.263
475.561 8.302
475.751 8.360
475.941 8.358
476.131 8.318
476.321 8.258
476.511 8.269
476.701 8.295
476.891 8.248
477.081 8.215
477.271 8.203
477.461 8.242
477.651 8.219
477.841 8.175
478.031 8.167
478.222 8.199
478.412 8.219
478.602 8.217
478.792 8.165
478.982 8.135
479.172 8.125
479.362 8.083
479.552 8.080
479.742 8.034
479.932 8.022
480.122 8.001
480.312 7.989
480.502 7.995
480.692 7.950
480.882 7.937
481.072 7.915
481.262 7.906
481.452 7.851
481.642 7.819
481.833 7.828
482.023 7.814
482.213 7.790
482.403 7.728
482.593 7.712
482.783 7.726
482.973 7.749
483.163 7.742
483.353 7.733
483.543 7.676
483.733 7.698
483.923 7.701
484.113 7.717
484.303 7.728
484.493 7.668
484.683 7.659
484.873 7.669
485.063 7.686
485.253 7.635
485.443 7.595
485.634 7.588
485.824 7.568
486.014 7.514
486.204 7.517
486.394 7.556
486.584 7.590
486.774 7.562
486.964 7.538
487.154 7.554
487.344 7.569
487.534 7.534
487.724 7.502
487.914 7.492
488.104 7.512
488.294 7.512
488.484 7.529
488.674 7.543
488.864 7.517
489.054 7.481
489.245 7.482
489.435 7.528
489.625 7.581
489.815 7.599
490.005 7.619
490.195 7.634
490.385 7.627
490.575 7.593
490.765 7.619
490.955 7.681
491.145 7.709
491.335 7.698
491.525 7.666
491.715 7.630
491.905 7.633
492.095 7.620
492.285 7.657
492.475 7.689
492.665 7.672
492.856 7.666
493.046 7.719
493.236 7.732
493.426 7.718
493.616 7.722
493.806 7.719
493.996 7.749
494.186 7.706
494.376 7.668
494.566 7.694
494.756 7.729
494.946 7.713
495.136 7.682
495.326 7.671
495.516 7.751
495.706 7.805
495.896 7.821
496.086 7.844
496.276 7.821
496.467 7.751
496.657 7.760
496.847 7.775
497.037 7.696
497.227 7.660
497.417 7.650
497.607 7.613
497.797 7.606
497.987 7.531
498.177 7.500
498.367 7.469
498.557 7.435
498.747 7.403
498.937 7.325
499.127 7.255
499.317 7.243
499.507 7.215
499.697 7.183
499.887 7.128
500.077 7.084
500.268 7.106
500.458 7.141
500.648 7.137
500.838 7.158
501.028 7.234
501.218 7.221
501.408 7.211
501.598 7.198
501.788 7.175
501.978 7.205
502.168 7.237
502.358 7.311
502.548 7.365
502.738 7.362
502.928 7.416
503.118 7.488
503.308 7.506
503.498 7.505
503.688 7.536
503.879 7.594
504.069 7.609
504.259 7.573
504.449 7.559
504.639 7.536
504.829 7.524
505.019 7.497
505.209 7.539
505.399 7.567
505.589 7.581
505.779 7.608
505.969 7.626
506.159 7.618
506.349 7.528
506.539 7.475
506.729 7.474
506.919 7.468
507.109 7.467
507.299 7.486
507.490 7.500
507.680 7.447
507.870 7.414
508.060 7.405
508.250 7.369
508.440 7.315
508.630 7.286
508.820 7.285
509.010 7.248
509.200 7.200
509.390 7.190
509.580 7.189
509.770 7.155
509.960 7.110
510.150 7.102
510.340 7.140
510.530 7.137
510.720 7.146
510.910 7.149
511.100 7.094
511.291 7.033
511.481 7.015
511.671 7.018
511.861 7.000
512.051 7.035
512.241 7.102
512.431 7.126
512.621 7.164
512.811 7.189
513.001 7.239
513.191 7.242
513.381 7.241
513.571 7.262
513.761 7.285
513.951 7.281
514.141 7.260
514.331 7.249
514.521 7.250
514.711 7.215
514.902 7.185
515.092 7.246
515.282 7.298
515.472 7.269
515.662 7.285
515.852 7.297
516.042 7.252
516.232 7.242
516.422 7.295
516.612 7.307
516.802 7.289
516.992 7.240
517.182 7.265
517.372 7.273
517.562 7.260
517.752 7.258
517.942 7.287
518.132 7.286
518.322 7.284
518.513 7.275
518.703 7.294
518.893 7.322
519.083 7.309
519.273 7.259
519.463 7.290
519.653 7.290
519.843 7.282
520.033 7.283
520.223 7.232
520.413 7.172
520.603 7.174
520.793 7.200
520.983 7.247
521.173 7.274
521.363 7.280
521.553 7.285
521.743 7.281
521.933 7.285
522.123 7.329
522.314 7.378
522.504 7.404
522.694 7.417
522.884 7.405
523.074 7.384
523.264 7.393
523.454 7.400
523.644 7.404
523.834 7.408
524.024 7.414
524.214 7.406
524.404 7.391
524.594 7.337
524.784 7.302
524.974 7.250
525.164 7.235
525.354 7.248
525.544 7.240
525.734 7.236
525.925 7.227
526.115 7.221
526.305 7.170
526.495 7.134
526.685 7.093
526.875 7.060
527.065 7.045
527.255 7.037
527.445 6.985
527.635 6.940
527.825 6.922
528.015 6.928
528.205 6.984
528.395 7.064
528.585 7.116
528.775 7.122
528.965 7.169
529.155 7.182
529.345 7.121
529.535 7.096
529.726 7.060
529.916 7.043
530.106 7.036
530.296 7.057
530.486 7.073
530.676 7.112
530.866 7.140
531.056 7.159
531.246 7.198
531.436 7.228
531.626 7.260
531.816 7.271
532.006 7.292
532.196 7.306
532.386 7.282
532.576 7.258
532.766 7.228
532.956 7.213
533.146 7.194
533.337 7.226
533.527 7.247
533.717 7.292
533.907 7.269
534.097 7.245
534.287 7.270
534.477 7.267
534.667 7.246
534.857 7.239
535.047 7.223
535.237 7.221
535.427 7.240
535.617 7.243
535.807 7.247
535.997 7.214
536.187 7.181
536.377 7.166
536.567 7.167
536.757 7.181
536.948 7.164
537.138 7.135
537.328 7.114
537.518 7.095
537.708 7.087
537.898 7.113
538.088 7.137
538.278 7.123
538.468 7.111
538.658 7.080
538.848 7.084
539.038 7.118
539.228 7.097
539.418 7.061
539.608 7.068
539.798 7.054
539.988 7.066
540.178 7.068
540.368 7.045
540.558 7.067
540.749 7.083
540.939 7.095
541.129 7.149
541.319 7.203
541.509 7.226
541.699 7.253
541.889 7.267
542.079 7.261
542.269 7.252
542.459 7.245
542.649 7.216
542.839 7.172
543.029 7.149
543.219 7.167
543.409 7.185
543.599 7.199
543.789 7.229
543.979 7.221
544.169 7.197
544.360 7.208
544.550 7.207
544.740 7.225
544.930 7.210
545.120 7.152
545.310 7.107
545.500 7.093
545.690 7.048
545.880 7.024
546.070 7.028
546.267 7.018
546.463 7.026
546.660 7.072
546.857 7.100
547.054 7.084
547.251 7.043
547.447 7.005
547.644 6.953
547.841 6.936
548.038 6.944
548.234 6.976
548.431 7.000
548.628 7.018
548.825 6.989
549.021 6.967
549.218 6.956
549.415 6.941
549.612 6.964
549.808 6.983
550.005 7.011
550.202 6.992
550.399 6.988
550.595 7.036
550.792 7.071
550.989 7.096
551.186 7.110
551.382 7.135
551.579 7.190
551.776 7.219
551.973 7.209
552.169 7.175
552.366 7.114
552.563 7.086
552.760 7.038
552.956 7.040
553.153 7.063
553.350 7.078
553.547 7.086
553.743 7.057
553.940 7.052
554.137 7.030
554.334 7.024
554.530 7.033
554.727 6.971
554.924 6.928
555.121 6.908
555.317 6.918
555.514 6.915
555.711 6.894
555.908 6.897
556.104 6.927
556.301 6.970
556.498 7.030
556.695 7.030
556.891 7.023
557.088 7.008
557.285 7.036
557.482 7.100
557.678 7.132
557.875 7.153
558.072 7.146
558.269 7.149
558.465 7.200
558.662 7.218
558.859 7.240
559.056 7.268
559.252 7.266
559.449 7.247
559.646 7.267
559.843 7.286
560.039 7.302
560.236 7.281
560.433 7.262
560.630 7.255
560.826 7.276
561.023 7.292
561.220 7.308
561.417 7.288
561.613 7.221
561.810 7.187
562.007 7.164
562.204 7.174
562.400 7.195
562.597 7.148
562.794 7.155
562.991 7.191
563.187 7.200
563.384 7.220
563.581 7.250
563.778 7.292
563.974 7.332
564.171 7.326
564.368 7.349
564.565 7.391
564.761 7.414
564.958 7.418
565.155 7.452
565.352 7.476
565.548 7.480
565.745 7.524
565.942 7.549
566.139 7.584
566.335 7.599
566.532 7.594
566.729 7.608
566.926 7.636
567.122 7.660
567.319 7.636
567.516 7.631
567.713 7.656
567.909 7.646
568.106 7.611
568.303 7.610
568.500 7.597
568.696 7.578
568.893 7.539
569.090 7.523
569.287 7.487
569.483 7.500
569.680 7.563
569.877 7.619
570.074 7.665
570.270 7.684
570.467 7.699
570.664 7.733
570.861 7.777
571.057 7.743
571.254 7.725
571.451 7.776
571.648 7.804
571.844 7.796
572.041 7.792
572.238 7.813
572.435 7.830
572.631 7.856
572.828 7.865
573.025 7.911
573.222 7.945
573.418 7.968
573.615 7.949
573.812 7.929
574.009 7.927
574.205 7.915
574.402 7.913
574.599 7.930
574.796 7.912
574.992 7.888
575.189 7.890
575.386 7.886
575.583 7.905
575.779 7.936
575.976 7.939
576.173 7.927
576.370 7.947
576.567 7.982
576.763 7.983
576.960 8.000
577.160 8.015
577.359 8.023
577.559 8.046
577.759 8.081
577.958 8.085
578.158 8.038
578.357 8.057
578.557 8.102
578.757 8.119
578.956 8.143
579.156 8.179
579.356 8.218
579.555 8.229
579.755 8.219
579.954 8.211
580.154 8.239
580.354 8.258
580.553 8.243
580.753 8.228
580.953 8.259
581.152 8.281
581.352 8.314
581.552 8.354
581.751 8.390
581.951 8.412
582.150 8.429
582.350 8.470
582.550 8.513
582.749 8.531
582.949 8.575
583.149 8.624
583.348 8.631
583.548 8.658
583.748 8.744
583.947 8.754
584.147 8.754
584.346 8.754
584.546 8.805
584.746 8.840
584.945 8.858
585.145 8.871
585.345 8.889
585.544 8.887
585.744 8.890
585.943 8.889
586.143 8.897
586.343 8.917
586.542 8.975
586.742 8.991
586.942 8.999
587.141 8.995
587.341 8.999
587.541 9.049
587.740 9.040
587.940 9.006
588.139 9.062
588.339 9.120
588.539 9.181
588.738 9.226
588.938 9.275
589.138 9.334
589.337 9.366
589.537 9.397
589.736 9.436
589.936 9.473
590.136 9.498
590.335 9.532
590.535 9.561
590.735 9.549
590.934 9.558
591.134 9.579
591.334 9.609
591.533 9.619
591.733 9.603
591.932 9.639
592.132 9.680
592.332 9.693
592.531 9.713
592.731 9.706
592.931 9.698
593.130 9.703
593.330 9.709
593.530 9.742
593.729 9.755
593.929 9.776
594.128 9.794
594.328 9.836
594.528 9.880
594.727 9.941
594.927 10.038
595.127 10.136
595.326 10.155
595.526 10.163
595.725 10.184
595.925 10.242
596.125 10.262
596.324 10.282
596.524 10.325
596.724 10.363
596.923 10.416
597.123 10.446
597.323 10.496
597.522 10.515
597.722 10.537
597.921 10.584
598.121 10.612
598.321 10.636
598.520 10.656
598.720 10.677
598.920 10.657
599.119 10.621
599.319 10.596
599.519 10.644
599.718 10.680
599.918 10.713
600.117 10.717
600.317 10.762
600.517 10.789
600.716 10.788
600.916 10.785
601.116 10.780
601.315 10.798
601.515 10.814
601.714 10.852
601.914 10.862
602.114 10.859
602.313 10.865
602.513 10.899
602.713 10.921
602.912 10.925
603.112 10.948
603.312 10.951
603.511 10.951
603.711 10.971
603.910 10.986
604.110 11.000
604.310 11.034
604.509 11.083
604.709 11.124
604.909 11.154
605.108 11.213
605.308 11.238
605.507 11.272
605.707 11.297
605.907 11.309
606.106 11.332
606.306 11.357
606.506 11.365
606.705 11.398
606.905 11.441
607.105 11.471
607.304 11.500
607.504 11.554
607.703 11.570
607.903 11.569
608.103 11.565
608.302 11.605
608.502 11.645
608.702 11.638
608.901 11.627
609.101 11.636
609.301 11.611
609.500 11.651
609.700 11.670
609.899 11.685
610.099 11.717
610.299 11.748
610.498 11.775
610.698 11.802
610.898 11.799
611.097 11.796
611.297 11.822
611.496 11.857
611.696 11.883
611.896 11.899
612.095 11.905
612.295 11.929
612.495 11.941
612.694 11.959
612.894 11.998
613.094 12.025
613.293 12.053
613.493 12.089
613.692 12.090
613.892 12.079
614.092 12.091
614.291 12.105
614.491 12.111
614.691 12.129
614.890 12.171
615.090 12.212
615.289 12.237
615.489 12.237
615.689 12.242
615.888 12.239
616.088 12.271
616.288 12.327
616.487 12.359
616.687 12.349
616.887 12.332
617.086 12.306
617.286 12.318
617.485 12.334
617.685 12.331
617.885 12.348
618.084 12.372
618.284 12.368
618.484 12.386
618.683 12.446
618.883 12.472
619.082 12.483
619.282 12.509
619.482 12.522
619.681 12.540
619.881 12.547
620.081 12.538
620.280 12.495
620.480 12.466
620.680 12.484
620.879 12.528
621.079 12.571
621.278 12.610
621.478 12.622
621.678 12.609
621.877 12.615
622.077 12.626
622.277 12.673
622.476 12.717
622.676 12.705
622.876 12.667
623.075 12.682
623.275 12.709
623.474 12.712
623.674 12.729
623.874 12.779
624.073 12.805
624.273 12.837
624.473 12.866
624.672 12.881
624.872 12.905
625.071 12.903
625.271 12.894
625.471 12.899
625.670 12.926
625.870 12.998
626.070 13.025
626.269 13.003
626.469 12.983
626.669 12.950
626.868 12.948
627.068 12.949
627.267 12.933
627.467 12.908
627.667 12.886
627.866 12.875
628.066 12.847
628.266 12.836
628.465 12.852
628.665 12.899
628.865 12.919
629.064 12.917
629.264 12.925
629.463 12.949
629.663 12.968
629.863 12.977
630.062 12.954
630.262 12.935
630.462 12.962
630.661 12.965
630.861 13.158
631.060 13.480
631.260 13.526
631.460 13.563
631.659 13.590
631.859 13.604
632.059 13.630
632.258 13.661
632.458 13.688
632.658 13.684
632.857 13.678
633.057 13.691
633.256 13.684
633.456 13.698
633.656 13.693
633.855 13.676
634.055 13.650
634.255 13.660
634.454 13.693
634.654 13.718
634.853 13.755
635.053 13.618
635.253 13.345
635.452 13.356
635.652 13.345
635.852 13.317
636.051 13.319
636.251 13.326
636.451 13.345
636.650 13.348
636.850 13.393
637.049 13.407
637.249 13.407
637.449 13.412
637.648 13.399
637.848 13.390
638.048 13.420
638.247 13.458
638.447 13.450
638.647 13.466
638.846 13.490
639.046 13.462
639.245 13.452
639.445 13.470
639.645 13.451
639.844 13.432
640.044 13.442
640.244 13.478
640.443 13.523
640.643 13.523
640.842 13.510
641.042 13.492
641.242 13.548
641.441 13.584
641.641 13.611
641.841 13.602
642.040 13.597
642.240 13.590
642.440 13.587
642.639 13.622
642.839 13.642
643.038 13.635
643.238 13.670
643.438 13.706
643.637 13.733
643.837 13.746
644.037 13.791
644.236 13.857
644.436 13.868
644.635 13.820
644.835 13.789
645.035 13.816
645.234 13.823
645.434 13.786
645.634 13.751
645.833 13.765
646.033 13.835
646.233 13.880
646.432 13.925
646.632 13.970
646.831 13.972
647.031 13.977
647.231 14.002
647.430 13.994
647.630 13.983
647.830 13.960
648.029 13.969
648.229 13.930
648.429 13.865
648.628 13.845
648.828 13.877
649.027 13.883
649.227 13.864
649.427 13.865
649.626 13.891
649.826 13.931
650.026 13.911
650.225 13.880
650.425 13.887
650.624 13.885
650.824 13.867
651.024 13.859
651.223 13.843
651.423 13.822
651.623 13.870
651.822 13.909
652.022 13.930
652.222 13.949
652.421 13.985
652.621 14.024
652.820 14.045
653.020 14.045
653.220 14.040
653.419 14.072
653.619 14.075
653.819 14.059
654.018 14.070
654.218 14.104
654.418 14.150
654.617 14.155
654.817 14.136
655.016 14.123
655.216 14.155
655.416 14.191
655.615 14.198
655.815 14.155
656.015 14.137
656.214 14.186
656.414 14.225
656.613 14.211
656.813 14.223
657.013 14.265
657.212 14.261
657.412 14.304
657.612 14.337
657.811 14.356
658.011 14.355
658.211 14.362
658.410 14.391
658.610 14.384
658.809 14.407
659.009 14.408
659.209 14.417
659.408 14.409
659.608 14.420
659.808 14.440
660.007 14.460
660.207 14.485
660.406 14.456
660.606 14.398
660.806 14.436
661.005 14.469
661.205 14.426
661.405 14.437
661.604 14.458
661.804 14.456
662.004 14.447
662.203 14.455
662.403 14.440
662.602 14.422
662.802 14.444
663.002 14.439
663.201 14.460
663.401 14.467
663.601 14.477
663.800 14.474
664.000 14.485
664.199 14.522
664.399 14.525
664.599 14.501
664.798 14.508
664.998 14.527
665.198 14.506
665.397 14.519
665.597 14.560
665.797 14.566
665.996 14.562
666.196 14.548
666.395 14.523
666.595 14.521
666.795 14.541
666.994 14.546
667.194 14.531
667.394 14.517
667.593 14.530
667.793 14.552
667.993 14.582
668.192 14.587
668.392 14.564
668.591 14.521
668.791 14.535
668.991 14.624
669.190 14.610
669.390 14.604
669.590 14.622
669.789 14.590
669.989 14.578
670.188 14.555
670.388 14.562
670.588 14.602
670.787 14.623
670.987 14.608
671.187 14.597
671.386 14.665
671.586 14.697
671.786 14.704
671.985 14.669
672.185 14.613
672.384 14.612
672.584 14.606
672.784 14.623
672.983 14.638
673.183 14.572
673.383 14.572
673.582 14.571
673.782 14.585
673.981 14.598
674.181 14.562
674.381 14.565
674.580 14.586
674.780 14.562
674.980 14.543
675.179 14.550
675.379 14.568
675.579 14.518
675.778 14.498
675.978 14.489
676.177 14.496
676.377 14.510
676.577 14.531
676.776 14.541
676.976 14.523
677.176 14.516
677.375 14.537
677.575 14.551
677.775 14.581
677.974 14.563
678.174 14.576
678.373 14.617
678.573 14.645
678.773 14.663
678.972 14.702
679.172 14.722
679.372 14.735
679.571 14.737
679.771 14.762
679.970 14.769
680.170 14.754
680.370 14.743
680.569 14.757
680.769 14.748
680.969 14.752
681.168 14.812
681.368 14.858
681.568 14.874
681.767 14.877
681.967 14.871
682.166 14.900
682.366 14.917
682.566 14.931
682.765 14.937
682.965 14.944
683.165 14.954
683.364 14.984
683.564 14.990
683.764 14.968
683.963 14.936
684.163 14.934
684.362 14.978
684.562 15.041
684.762 15.063
684.961 15.078
685.161 15.108
685.361 15.086
685.560 15.032
685.760 15.002
685.959 14.991
686.159 14.996
686.359 14.967
686.558 14.926
686.758 14.907
686.958 14.914
687.157 14.926
687.357 14.944
687.557 14.977
687.756 14.969
687.956 14.986
688.155 15.008
688.355 15.046
688.555 15.039
688.754 15.016
688.954 15.045
689.154 15.043
689.353 15.058
689.553 15.100
689.752 15.126
689.952 15.150
690.152 15.159
690.351 15.156
690.551 15.150
690.751 15.139
690.950 15.126
691.150 15.137
691.350 15.139
691.549 15.147
691.749 15.103
691.948 15.121
692.148 15.154
692.348 15.142
692.547 15.105
692.747 15.133
692.947 15.164
693.146 15.149
693.346 15.134
693.546 15.113
693.745 15.096
693.945 15.120
694.144 15.128
694.344 15.159
694.544 15.200
694.743 15.229
694.943 15.267
695.143 15.313
695.342 15.330
695.542 15.334
695.741 15.291
695.941 15.295
696.141 15.316
696.340 15.338
696.540 15.357
696.745 15.405
696.951 15.406
697.156 15.397
697.362 15.373
697.567 15.387
697.772 15.415
697.978 15.402
698.183 15.377
698.389 15.380
698.594 15.373
698.799 15.347
699.005 15.382
699.210 15.418
699.416 15.404
699.621 15.348
699.826 15.311
700.032 15.354
700.237 15.376
700.443 15.326
700.648 15.294
700.853 15.340
701.059 15.373
701.264 15.341
701.470 15.314
701.675 15.370
701.880 15.433
702.086 15.453
702.291 15.455
702.497 15.456
702.702 15.456
702.907 15.460
703.113 15.481
703.318 15.450
703.524 15.415
703.729 15.415
703.934 15.448
704.140 15.467
704.345 15.458
704.551 15.435
704.756 15.440
704.961 15.438
705.167 15.416
705.372 15.359
705.578 15.393
705.783 15.415
705.988 15.386
706.194 15.327
706.399 15.299
706.605 15.322
706.810 15.366
707.015 15.398
707.221 15.378
707.426 15.354
707.632 15.339
707.837 15.339
708.042 15.347
708.248 15.356
708.453 15.381
708.659 15.367
708.864 15.393
709.069 15.430
709.275 15.443
709.480 15.414
709.686 15.404
709.891 15.399
710.096 15.427
710.302 15.451
710.507 15.467
710.713 15.442
710.918 15.419
711.123 15.411
711.329 15.356
711.534 15.381
711.740 15.441
711.945 15.507
712.150 15.539
712.356 15.566
712.561 15.586
712.766 15.579
712.972 15.581
713.177 15.575
713.383 15.548
713.588 15.512
713.793 15.525
713.999 15.550
714.204 15.542
714.410 15.496
714.615 15.489
714.820 15.510
715.026 15.528
715.231 15.560
715.437 15.570
715.642 15.629
715.847 15.670
716.053 15.644
716.258 15.628
716.464 15.631
716.669 15.650
716.874 15.672
717.080 15.743
717.285 15.881
717.491 15.906
717.696 15.933
717.901 15.934
718.107 15.937
718.312 15.954
718.518 15.983
718.723 16.012
718.928 16.050
719.134 16.049
719.339 16.039
719.545 16.014
719.750 15.995
719.955 15.983
720.161 15.944
720.366 15.911
720.572 15.899
720.777 15.906
720.982 15.834
721.188 15.783
721.393 15.732
721.599 15.634
721.804 15.651
722.009 15.674
722.215 15.721
722.420 15.734
722.626 15.747
722.831 15.757
723.036 15.743
723.242 15.709
723.447 15.722
723.653 15.757
723.858 15.763
724.063 15.790
724.269 15.830
724.474 15.876
724.680 15.954
724.885 16.006
725.090 15.966
725.296 15.966
725.501 15.976
725.707 15.982
725.912 15.975
726.117 15.953
726.323 15.963
726.528 15.976
726.734 15.996
726.939 16.029
727.144 16.060
727.350 16.113
727.555 16.111
727.761 16.126
727.966 16.113
728.171 16.168
728.377 16.211
728.582 16.135
728.788 16.067
728.993 16.012
729.198 15.966
729.404 16.013
729.609 16.101
729.815 16.136
730.020 16.119
730.225 16.117
730.431 16.101
730.636 16.075
730.842 16.053
731.047 16.000
731.252 15.943
731.458 15.926
731.663 15.965
731.869 15.988
732.074 15.965
732.279 15.967
732.485 15.946
732.690 15.905
732.896 15.957
733.101 16.010
733.306 16.058
733.512 16.056
733.717 16.040
733.923 15.969
734.128 15.970
734.333 15.997
734.539 16.006
734.744 16.006
734.950 15.990
735.155 15.991
735.360 16.090
735.566 16.143
735.771 16.152
735.977 16.098
736.182 16.098
736.387 16.146
736.593 16.218
736.798 16.298
737.004 16.302
737.209 16.311
737.414 16.314
737.620 16.312
737.825 16.318
738.031 16.342
738.236 16.392
738.441 16.378
738.647 16.367
738.852 16.367
739.058 16.410
739.263 16.450
739.468 16.481
739.674 16.459
739.879 16.451
740.085 16.470
740.290 16.468
740.495 16.438
740.701 16.418
740.906 16.390
741.112 16.359
741.317 16.358
741.522 16.343
741.728 16.321
741.933 16.355
742.139 16.427
742.344 16.457
742.549 16.438
742.755 16.426
742.960 16.430
743.166 16.413
743.371 16.394
743.576 16.422
743.782 16.419
743.987 16.451
744.193 16.469
744.398 16.423
744.603 16.428
744.809 16.475
745.014 16.459
745.220 16.431
745.425 16.342
745.630 16.323
745.836 16.328
746.041 16.314
746.246 16.285
746.452 16.259
746.657 16.251
746.863 16.288
747.068 16.376
747.274 16.450
747.479 16.523
747.684 16.547
747.890 16.537
748.095 16.519
748.300 16.504
748.506 16.496
748.711 16.527
748.917 16.534
749.122 16.516
749.327 16.499
749.533 16.484
749.738 16.507
749.944 16.522
750.149 16.505
750.354 16.527
750.560 16.541
750.765 16.529
750.971 16.543
751.176 16.549
751.381 16.553
751.587 16.504
751.792 16.474
751.998 16.454
752.203 16.426
752.408 16.478
752.614 16.470
752.819 16.492
753.025 16.513
753.230 16.532
753.435 16.570
753.641 16.628
753.846 16.724
754.052 16.802
754.257 16.787
754.462 16.797
754.668 16.808
754.873 16.788
755.079 16.778
755.284 16.783
755.489 16.816
755.695 16.746
755.900 16.783
756.106 16.812
756.311 16.837
756.516 16.807
756.722 16.767
756.927 16.756
757.133 16.725
757.338 16.706
757.543 16.712
757.749 16.668
757.954 16.612
758.160 16.509
758.365 16.456
758.570 16.517
758.776 16.534
758.981 16.529
759.187 16.544
759.392 16.612
759.597 16.610
759.803 16.531
760.008 16.541
760.214 16.536
760.419 16.484
760.624 16.457
760.830 16.576
761.035 16.609
761.241 16.574
761.446 16.556
761.651 16.547
761.857 16.560
762.062 16.590
762.268 16.594
762.473 16.610
762.678 16.638
762.884 16.648
763.089 16.657
763.295 16.720
763.500 16.830
763.709 16.828
763.918 16.813
764.126 16.844
764.335 16.878
764.544 16.901
764.753 16.912
764.962 16.970
765.171 16.957
765.379 16.920
765.588 16.981
765.797 17.051
766.006 17.097
766.215 17.117
766.424 17.127
766.632 17.146
766.841 17.188
767.050 17.185
767.259 17.161
767.468 17.211
767.677 17.182
767.885 17.075
768.094 17.050
768.303 17.074
768.512 17.100
768.721 17.133
768.929 17.105
769.138 17.180
769.347 17.213
769.556 17.207
769.765 17.249
769.974 17.263
770.182 17.220
770.391 17.189
770.600 17.174
770.809 17.186
771.018 17.212
771.227 17.179
771.435 17.179
771.644 17.173
771.853 17.185
772.062 17.215
772.271 17.227
772.480 17.197
772.688 17.193
772.897 17.193
773.106 17.158
773.315 17.218
773.524 17.251
773.732 17.285
773.941 17.266
774.150 17.226
774.359 17.197
774.568 17.195
774.777 17.165
774.985 17.142
775.194 17.126
775.403 17.153
775.612 17.203
775.821 17.275
776.030 17.358
776.238 17.307
776.447 17.286
776.656 17.375
776.865 17.460
777.074 17.485
777.283 17.527
777.491 17.573
777.700 17.465
777.909 17.348
778.118 17.208
778.327 17.218
778.535 17.335
778.744 17.391
778.953 17.412
779.162 17.429
779.371 17.448
779.580 17.519
779.788 17.600
779.997 17.618
780.206 17.512
780.415 17.427
780.624 17.444
780.833 17.468
781.041 17.391
781.250 17.329
781.459 17.327
781.668 17.357
781.877 17.354
782.086 17.448
782.294 17.483
782.503 17.583
782.712 17.606
782.921 17.567
783.130 17.545
783.338 17.607
783.547 17.673
783.756 17.675
783.965 17.632
784.174 17.596
784.383 17.685
784.591 17.782
784.800 17.856
785.009 17.874
785.218 17.883
785.427 17.947
785.636 17.975
785.844 17.971
786.053 17.950
786.262 17.978
786.471 17.963
786.680 18.025
786.889 18.021
787.097 17.991
787.306 17.982
787.515 17.958
787.724 17.895
787.933 17.874
788.141 17.916
788.350 17.898
788.559 17.843
788.768 17.795
788.977 17.766
789.186 17.737
789.394 17.763
789.603 17.737
789.812 17.660
790.021 17.681
790.230 17.739
790.439 17.846
790.647 17.801
790.856 17.782
791.065 17.764
791.274 17.780
791.483 17.797
791.692 17.827
791.900 17.895
792.109 17.912
792.318 17.929
792.527 17.956
792.736 18.056
792.944 18.112
793.153 18.123
793.362 18.141
793.571 18.109
793.780 18.138
793.989 18.214
794.197 18.276
794.406 18.269
794.615 18.219
794.824 18.075
795.033 18.060
795.242 18.122
795.450 18.135
795.659 18.106
795.868 18.076
796.077 18.055
796.286 18.087
796.495 18.126
796.703 18.160
796.912 18.177
797.121 18.175
797.330 18.144
797.539 18.144
797.747 18.275
797.956 18.364
798.165 18.309
798.374 18.317
798.583 18.371
798.792 18.370
799.000 18.419
799.209 18.529
799.418 18.672
799.627 18.764
799.836 18.803
800.045 18.921
800.253 19.076
800.462 19.173
800.671 19.108
800.880 19.101
801.089 19.116
801.298 19.100
801.506 19.046
801.715 19.158
801.924 19.292
802.133 19.276
802.342 19.278
802.550 19.290
802.759 19.341
802.968 19.370
803.177 19.413
803.386 19.392
803.595 19.348
803.803 19.294
804.012 19.210
804.221 19.235
804.430 19.247
804.639 19.306
804.848 19.255
805.056 19.292
805.265 19.333
805.474 19.406
805.683 19.408
805.892 19.449
806.101 19.485
806.309 19.389
806.518 19.256
806.727 19.256
806.936 19.345
807.145 19.278
807.353 19.198
807.562 19.150
807.771 19.161
807.980 19.140
808.189 19.078
808.398 19.066
808.606 19.118
808.815 19.171
809.024 19.110
809.233 19.178
809.442 19.217
809.651 19.120
809.859 19.008
810.068 19.034
810.277 19.098
810.486 18.989
810.695 18.949
810.904 19.057
811.112 19.057
811.321 19.071
811.530 19.142
811.741 19.255
811.953 19.386
812.164 19.444
812.375 19.462
812.586 19.499
812.798 19.508
813.009 19.498
813.220 19.512
813.431 19.496
813.643 19.507
813.854 19.610
814.065 19.722
814.276 19.798
814.488 19.839
814.699 19.782
814.910 19.858
815.121 19.841
815.333 19.734
815.544 19.742
815.755 19.675
815.966 19.647
816.178 19.673
816.389 19.638
816.600 19.607
816.811 19.669
817.023 19.751
817.234 19.842
817.445 19.833
817.656 19.847
817.868 20.035
818.079 20.079
818.290 20.032
818.502 20.033
818.713 20.053
818.924 20.013
819.135 20.023
819.347 19.989
819.558 20.021
819.769 20.240
819.980 20.332
820.192 20.408
820.403 20.404
820.614 20.374
820.825 20.442
821.037 20.504
821.248 20.629
821.459 20.660
821.670 20.666
821.882 20.634
822.093 20.527
822.304 20.403
822.515 20.388
822.727 20.402
822.938 20.462
823.149 20.504
823.360 20.589
823.572 20.789
823.783 20.913
823.994 20.985
824.205 20.808
824.417 20.745
824.628 20.775
824.839 20.768
825.051 20.733
825.262 20.705
825.473 20.754
825.684 20.718
825.896 20.665
826.107 20.570
826.318 20.619
826.529 20.727
826.741 20.701
826.952 20.645
827.163 20.687
827.374 20.742
827.586 20.726
827.797 20.780
828.008 20.743
828.219 20.741
828.431 20.845
828.642 21.107
828.853 21.287
829.064 21.328
829.276 21.421
829.487 21.421
829.698 21.368
829.909 21.380
830.121 21.401
830.332 21.493
830.543 21.563
830.754 21.649
830.966 21.658
831.177 21.656
831.388 21.726
831.600 21.700
831.811 21.704
832.022 21.908
832.233 22.027
832.445 21.845
832.656 21.779
832.867 21.731
833.078 21.609
833.290 21.478
833.501 21.583
833.712 21.709
833.923 21.770
834.135 21.796
834.346 21.746
834.557 21.648
834.768 21.711
834.980 21.920
835.191 21.910
835.402 21.944
835.613 22.048
835.825 22.235
836.036 22.285
836.247 22.345
836.458 22.389
836.670 22.318
836.881 22.495
837.092 22.527
837.303 22.548
837.515 22.686
837.726 22.742
837.937 22.653
838.148 22.691
838.360 22.803
838.571 22.902
838.782 22.931
838.994 22.973
839.205 22.857
839.416 22.667
839.627 22.705
839.839 22.737
840.050 22.689
840.261 22.540
840.472 22.602
840.684 22.548
840.895 22.424
841.106 22.328
841.317 22.273
841.529 22.391
841.740 22.403
841.951 22.276
842.162 22.329
842.374 22.451
842.585 22.392
842.796 22.310
843.007 22.382
843.219 22.524
843.430 22.586
843.641 22.554
843.852 22.542
844.064 22.522
844.275 22.495
844.486 22.615
844.697 22.669
844.909 22.603
845.120 22.657
845.331 22.622
845.543 22.744
845.754 22.850
845.965 22.801
846.176 22.844
846.388 22.979
846.599 23.050
846.810 23.104
847.021 23.076
847.233 23.240
847.444 23.324
847.655 23.423
847.866 23.413
848.078 23.607
848.289 23.845
848.500 23.881
848.711 23.998
848.923 24.095
849.134 24.069
849.345 24.050
849.556 24.020
849.768 24.089
849.979 24.096
850.190 24.095
850.401 24.181
850.613 24.373
850.824 24.423
851.035 24.401
851.246 24.309
851.458 24.433
851.669 24.411
851.880 24.146
852.092 24.036
852.303 24.258
852.514 24.518
852.725 24.697
852.937 24.747
853.148 24.725
853.359 24.650
853.570 24.770
853.782 24.943
853.993 25.014
854.204 24.987
854.415 24.954
854.627 25.008
854.838 25.055
855.049 25.094
855.260 25.137
855.472 25.035
855.683 25.043
855.894 25.156
856.105 25.314
856.317 25.465
856.528 25.464
856.739 25.298
856.950 25.114
857.162 24.848
857.373 24.844
857.584 24.808
857.795 24.820
858.007 24.839
858.218 24.723
858.429 25.017
858.640 25.509
858.852 25.377
859.063 25.303
859.274 25.360
859.486 25.090
859.697 24.848
859.908 25.160
860.119 25.447
860.331 25.417
860.542 25.425
860.753 25.703
860.964 25.906
861.176 26.056
861.387 26.080
861.598 26.233
861.809 26.371
862.021 26.371
862.232 26.394
862.443 26.387
862.654 26.557
862.866 26.429
863.077 26.142
863.288 26.517
863.499 26.858
863.711 26.957
863.922 27.144
864.133 27.460
864.344 27.238
864.556 26.890
864.767 26.685
864.978 26.398
865.189 26.364
865.401 26.403
865.612 26.357
865.823 26.255
866.035 26.158
866.246 26.088
866.457 26.315
866.668 26.461
866.880 26.558
867.091 26.585
867.302 26.464
867.513 26.493
867.725 26.604
867.936 26.686
868.147 26.655
868.358 26.748
868.570 26.683
868.781 26.891
868.992 27.258
869.203 27.510
869.415 27.798
869.626 27.989
869.837 27.907
870.048 28.040
870.260 28.236
870.471 28.403
870.682 28.316
870.893 28.080
871.105 28.145
871.316 28.259
871.527 28.228
871.738 28.554
871.950 28.765
872.161 28.618
872.372 28.353
872.584 28.151
872.795 28.028
873.006 27.951
873.217 27.954
873.429 27.880
873.640 27.801
873.851 27.626
874.062 27.310
874.274 27.184
874.485 27.184
874.696 27.243
874.907 27.155
875.119 27.278
875.330 27.307
875.541 27.062
875.752 26.776
875.964 26.831
876.175 26.708
876.386 26.490
876.597 26.593
876.809 26.782
877.020 27.049
877.231 27.122
877.442 27.279
877.654 27.313
877.865 27.284
878.076 27.279
878.287 27.194
878.499 27.119
878.710 27.272
878.921 27.191
879.133 27.010
879.344 27.190
879.555 27.437
879.766 27.734
879.978 27.831
880.189 28.057
880.400 28.204
880.611 28.198
880.823 28.296
881.034 28.329
881.245 28.320
881.456 28.178
881.668 28.047
881.879 28.053
882.090 28.262
882.301 28.269
882.513 28.116
882.724 28.308
882.935 28.384
883.146 28.286
883.358 28.498
883.569 28.479
883.780 28.321
883.991 28.261
884.203 28.141
884.414 28.264
884.625 28.244
884.836 27.987
885.048 27.962
885.259 28.054
885.470 28.019
885.682 28.016
885.893 28.122
886.104 28.420
886.315 28.397
886.527 28.132
886.738 28.137
886.949 28.315
887.160 28.397
887.372 28.425
887.583 28.570
887.794 28.409
888.005 28.583
888.217 28.660
888.428 28.577
888.639 28.650
888.850 28.668
889.062 28.607
889.273 28.724
889.484 28.627
889.695 28.367
889.907 28.409
890.118 28.388
890.329 28.454
890.540 28.457
890.752 28.585
890.963 28.660
891.174 28.790
891.385 29.081
891.597 29.090
891.808 29.230
892.019 29.269
892.231 29.446
892.442 29.580
892.653 29.741
892.864 29.699
893.076 30.156
893.287 30.914
893.498 30.984
893.709 31.111
893.921 31.145
894.132 31.362
894.343 31.424
894.554 31.402
894.766 31.589
894.977 31.752
895.188 31.734
895.399 31.701
895.611 31.484
895.822 31.345
896.033 31.379
896.244 31.267
896.456 31.385
896.667 31.463
896.878 31.538
897.089 31.561
897.301 31.588
897.512 31.131
897.723 30.490
897.934 30.589
898.146 30.716
898.357 30.787
898.568 30.750
898.779 30.812
898.991 31.041
899.202 31.009
899.413 30.830
899.625 30.816
899.836 31.151
900.047 31.755
900.258 31.723
900.470 31.791
900.681 32.046
900.892 32.185
901.103 32.239
901.315 32.226
901.526 32.229
901.737 32.426
901.948 32.523
902.160 32.377
902.371 32.322
902.582 32.104
902.793 32.133
903.005 32.232
903.216 32.324
903.427 32.328
903.638 32.082
903.850 32.222
904.061 32.524
904.272 32.489
904.483 31.877
904.695 31.829
904.906 31.946
905.117 31.887
905.328 31.503
905.540 31.320
905.751 30.963
905.962 30.888
906.174 31.054
906.385 30.825
906.596 30.787
906.807 31.107
907.019 31.542
907.230 31.871
907.441 32.120
907.652 32.260
907.864 32.341
908.075 32.346
908.286 31.976
908.497 31.585
908.709 31.298
908.920 31.661
909.131 31.888
909.342 31.936
909.554 32.159
909.765 32.634
909.976 32.681
910.187 32.994
910.399 33.166
910.610 33.229
910.821 33.676
911.032 33.982
911.244 33.748
911.455 33.343
911.666 33.353
911.877 33.547
912.089 33.514
912.300 33.541
912.515 33.799
912.730 34.201
912.944 34.479
913.159 35.117
913.374 35.557
913.589 35.716
913.803 35.813
914.018 35.704
914.233 35.173
914.448 35.382
914.663 35.590
914.877 35.867
915.092 35.899
915.307 35.875
915.522 35.933
915.736 36.233
915.951 36.484
916.166 36.502
916.381 36.034
916.596 36.042
916.810 36.633
917.025 36.844
917.240 36.808
917.455 36.828
917.669 36.182
917.884 35.382
918.099 35.165
918.314 35.295
918.529 35.859
918.743 36.850
918.958 37.174
919.173 37.119
919.388 36.911
919.602 36.892
919.817 37.115
920.032 37.494
920.247 37.918
920.462 38.595
920.676 39.026
920.891 39.265
921.106 39.119
921.321 38.549
921.535 38.526
921.750 38.860
921.965 39.352
922.180 39.855
922.395 40.217
922.609 40.596
922.824 40.653
923.039 40.430
923.254 39.703
923.469 39.479
923.683 39.599
923.898 39.161
924.113 38.824
924.328 38.947
924.542 39.127
924.757 38.651
924.972 38.250
925.187 37.723
925.402 37.861
925.616 38.169
925.831 38.532
926.046 38.446
926.261 38.541
926.475 38.318
926.690 38.450
926.905 39.224
927.120 39.634
927.335 39.657
927.549 39.949
927.764 40.583
927.979 40.505
928.194 40.511
928.408 40.958
928.623 41.227
928.838 41.470
929.053 41.819
929.268 42.025
929.482 41.436
929.697 41.534
929.912 41.828
930.127 41.762
930.341 42.225
930.556 43.091
930.771 43.289
930.986 43.564
931.201 43.288
931.415 42.750
931.630 42.769
931.845 43.284
932.060 43.384
932.274 43.860
932.489 44.287
932.704 44.716
932.919 45.176
933.134 45.295
933.348 45.221
933.563 44.560
933.778 44.685
933.993 46.112
934.207 46.659
934.422 46.475
934.637 46.793
934.852 46.272
935.067 45.904
935.281 45.907
935.496 46.427
935.711 47.540
935.926 47.937
936.140 48.219
936.355 48.558
936.570 48.652
936.785 48.251
937.000 48.144
937.214 48.597
937.429 49.245
937.644 49.991
937.859 50.380
938.073 50.667
938.288 50.876
938.503 50.864
938.718 51.344
938.933 52.793
939.147 54.306
939.362 55.270
939.577 55.678
939.792 55.583
940.007 55.370
940.221 54.953
940.436 54.965
940.651 54.588
940.866 54.635
941.080 54.805
941.295 55.276
941.510 55.536
941.725 55.309
941.940 55.799
942.154 55.956
942.369 56.203
942.584 56.914
942.799 57.661
943.013 57.844
943.228 57.816
943.443 57.363
943.658 55.897
943.873 55.485
944.087 55.731
944.302 55.980
944.517 55.587
944.732 55.467
944.946 54.831
945.161 55.349
945.376 54.990
945.591 55.401
945.806 55.802
946.020 56.838
946.235 58.264
946.450 57.906
946.665 57.594
946.879 57.355
947.094 57.234
947.309 56.639
947.524 57.011
947.739 56.991
947.953 56.027
948.168 56.290
948.383 56.160
948.598 55.702
948.812 56.404
949.027 55.837
949.242 55.191
949.457 56.737
949.672 57.303
949.886 57.172
950.101 56.825
950.316 57.047
950.531 56.765
950.745 55.901
950.960 56.580
951.175 57.627
951.390 58.477
951.605 58.825
951.819 60.081
952.034 61.283
952.249 62.499
952.464 62.616
952.678 62.904
952.893 63.136
953.108 62.257
953.323 61.176
953.538 62.165
953.752 62.540
953.967 61.383
954.182 60.491
954.397 61.593
954.611 62.112
954.826 61.008
955.041 60.849
955.256 60.846
955.471 59.501
955.685 58.576
955.900 57.829
956.115 58.316
956.330 59.026
956.544 57.290
956.759 55.379
956.974 56.054
957.189 56.363
957.404 56.239
957.618 57.129
957.833 57.563
958.048 57.484
958.263 58.146
958.478 58.964
958.692 59.243
958.907 58.823
959.122 58.149
959.337 58.046
959.551 57.593
959.766 56.790
959.981 57.582
960.196 57.927
960.411 57.686
960.625 56.347
960.840 54.085
961.055 53.101
961.270 53.429
961.484 52.987
961.699 52.846
961.914 53.174
962.129 54.160
962.344 56.332
962.558 57.995
962.773 58.349
962.988 59.634
963.203 61.493
963.417 62.004
963.632 62.854
963.847 63.820
964.062 64.530
964.277 65.005
964.491 63.986
964.706 64.175
964.921 64.725
965.136 64.953
965.350 65.722
965.565 66.817
965.780 67.308
965.987 67.855
966.194 68.796
966.402 68.916
966.609 67.946
966.816 66.061
967.023 64.074
967.231 63.970
967.438 62.843
967.645 60.924
967.852 59.923
968.059 59.471
968.267 59.770
968.474 61.161
968.681 61.646
968.888 62.902
969.096 62.558
969.303 62.248
969.510 63.263
969.717 63.506
969.925 64.530
970.132 64.122
970.339 63.131
970.546 61.488
970.753 61.192
970.961 62.462
971.168 62.968
971.375 63.545
971.582 62.418
971.790 61.857
971.997 62.584
972.204 62.570
972.411 62.630
972.618 64.045
972.826 63.124
973.033 62.364
973.240 61.826
973.447 62.157
973.655 62.609
973.862 61.669
974.069 61.806
974.276 62.354
974.483 62.709
974.691 64.031
974.898 65.266
975.105 66.145
975.312 65.990
975.520 65.543
975.727 65.640
975.934 66.527
976.141 67.180
976.349 66.624
976.556 67.694
976.763 67.596
976.970 66.168
977.177 64.833
977.385 64.853
977.592 64.906
977.799 64.789
978.006 65.777
978.214 68.010
978.421 69.241
978.628 67.841
978.835 67.669
979.042 66.035
979.250 65.361
979.457 65.582
979.664 64.904
979.871 65.186
980.079 66.857
980.286 66.083
980.493 65.201
980.700 66.519
980.907 68.566
981.115 68.743
981.322 67.924
981.529 69.183
981.736 69.563
981.944 69.763
982.151 70.688
982.358 70.094
982.565 68.564
982.773 67.031
982.980 67.502
983.187 69.639
983.394 72.994
983.601 72.049
983.809 70.312
984.016 69.258
984.223 68.656
984.430 66.922
984.638 67.282
984.845 69.385
985.052 70.791
985.259 68.624
985.466 68.680
985.674 68.898
985.881 69.674
986.088 71.399
986.295 73.304
986.503 73.804
986.710 74.117
986.917 73.862
987.124 74.221
987.331 74.164
987.539 73.576
987.746 72.422
987.953 73.527
988.160 75.946
988.368 78.436
988.575 80.055
988.782 81.335
988.989 81.115
989.197 79.990
989.404 78.619
989.611 78.397
989.818 76.381
990.025 76.547
990.233 76.233
990.440 74.899
990.647 71.621
990.854 70.611
991.062 71.333
991.269 71.620
991.476 71.007
991.683 71.238
991.890 71.253
992.098 70.873
992.305 72.580
992.512 71.331
992.719 70.714
992.927 71.735
993.134 72.076
993.341 73.556
993.548 73.475
993.755 72.246
993.963 71.958
994.170 72.836
994.377 71.946
994.584 71.009
994.792 74.888
994.999 80.104
995.206 80.605
995.413 79.263
995.621 80.581
995.828 81.776
996.035 81.312
996.242 80.723
996.449 81.705
996.657 81.730
996.864 81.053
997.071 80.354
997.278 78.567
997.486 80.115
997.693 79.989
997.900 80.489
998.107 81.150
998.314 80.860
998.522 82.997
998.729 85.333
998.936 85.789
999.143 83.484
999.351 82.538
999.558 82.424
999.765 84.189
999.972 83.742
1000.179 83.372
1000.387 84.256
1000.594 84.663
1000.801 84.306
1001.008 84.066
1001.216 84.412
1001.423 85.801
1001.630 86.443
1001.837 82.622
1002.045 82.381
1002.252 84.003
1002.459 85.260
1002.666 87.998
1002.873 89.354
1003.081 89.309
1003.288 88.534
1003.495 86.859
1003.702 84.973
1003.910 87.183
1004.117 88.973
1004.324 87.897
1004.531 88.080
1004.738 88.596
1004.946 88.102
1005.153 87.006
1005.360 87.316
1005.567 91.947
1005.775 91.797
1005.982 89.999
1006.189 90.308
1006.396 89.372
1006.603 86.270
1006.811 84.264
1007.018 80.839
1007.225 79.955
1007.432 81.074
1007.640 85.387
1007.847 86.869
1008.054 87.622
1008.261 84.105
1008.469 80.841
1008.676 84.245
1008.883 88.533
1009.090 91.015
1009.297 89.793
1009.505 90.960
1009.712 91.472
1009.919 86.745
1010.126 85.210
1010.334 87.023
1010.541 86.759
1010.748 88.252
1010.955 91.129
1011.162 92.710
1011.370 98.173
1011.577 98.470
1011.784 97.930
1011.991 95.149
1012.199 90.813
1012.406 89.676
1012.613 93.620
1012.820 92.218
1013.027 85.955
1013.235 81.512
1013.442 78.947
1013.649 82.969
1013.856 86.744
1014.064 88.629
1014.271 88.496
1014.478 86.829
1014.685 87.009
1014.893 89.252
1015.100 89.850
1015.307 88.948
1015.514 88.680
1015.721 84.145
1015.929 82.874
1016.136 81.350
1016.343 80.628
1016.550 87.484
