292.253 98.171
292.450 100.842
292.647 101.556
292.845 101.761
293.042 102.634
293.239 103.003
293.437 102.021
293.634 100.144
293.831 99.453
294.029 99.736
294.226 99.968
294.423 102.967
294.621 102.520
294.818 101.351
295.015 100.643
295.213 101.219
295.410 102.486
295.607 103.250
295.805 103.313
296.002 102.630
296.199 102.120
296.397 101.102
296.594 98.939
296.791 97.661
296.989 97.700
297.186 96.209
297.383 94.763
297.581 96.202
297.778 98.295
297.975 98.931
298.173 97.993
298.370 97.757
298.567 98.708
298.765 99.259
298.962 101.035
299.159 101.624
299.357 101.580
299.554 101.789
299.751 102.141
299.949 101.281
300.146 101.838
300.343 101.210
300.541 99.742
300.738 100.458
300.935 101.677
301.133 101.674
301.330 102.724
301.527 104.428
301.725 103.609
301.922 102.056
302.119 101.907
302.317 103.554
302.514 103.291
302.711 101.737
302.909 100.968
303.106 99.196
303.303 98.644
303.501 99.032
303.698 98.718
303.895 97.798
304.093 97.411
304.290 97.071
304.487 97.951
304.685 98.239
304.882 97.181
305.079 96.393
305.277 95.573
305.474 94.937
305.671 93.458
305.869 93.196
306.066 93.869
306.263 93.093
306.461 91.671
306.658 91.938
306.855 92.221
307.053 91.867
307.250 92.375
307.447 93.165
307.645 93.399
307.842 92.886
308.039 92.456
308.237 92.382
308.434 91.952
308.631 91.716
308.829 92.175
309.026 91.964
309.223 91.701
309.421 91.942
309.618 91.363
309.815 91.835
310.013 92.177
310.210 91.582
310.407 91.843
310.605 91.972
310.802 91.832
310.999 92.142
311.197 93.825
311.394 94.396
311.591 93.646
311.789 92.626
311.986 91.928
312.183 91.233
312.381 90.876
312.578 90.955
312.775 89.847
312.973 89.228
313.170 89.801
313.347 90.030
313.523 89.692
313.700 89.530
313.877 89.728
314.054 89.682
314.230 90.411
314.407 90.876
314.584 90.683
314.761 89.711
314.937 89.075
315.114 88.089
315.291 86.290
315.467 86.031
315.644 86.696
315.821 87.272
315.998 87.811
316.174 87.633
316.351 87.826
316.528 88.224
316.704 87.582
316.881 86.603
317.058 85.412
317.235 85.401
317.411 85.635
317.588 85.538
317.765 85.260
317.942 84.374
318.118 83.359
318.295 83.852
318.472 84.744
318.648 85.278
318.825 85.560
319.002 85.633
319.179 84.484
319.355 83.051
319.532 82.743
319.709 83.014
319.885 83.437
320.062 82.674
320.239 82.514
320.416 81.852
320.592 82.191
320.769 82.535
320.946 81.970
321.123 82.648
321.299 82.127
321.476 82.143
321.653 82.323
321.829 81.973
322.006 81.202
322.183 81.174
322.360 80.280
322.536 78.837
322.713 78.657
322.890 79.425
323.066 80.606
323.243 80.716
323.420 80.099
323.597 79.673
323.773 79.044
323.950 79.069
324.127 80.430
324.304 80.348
324.480 80.524
324.657 81.132
324.834 80.249
325.010 79.567
325.187 78.741
325.364 79.644
325.541 81.182
325.717 79.994
325.894 78.470
326.071 78.444
326.248 79.041
326.424 78.582
326.601 77.814
326.778 76.581
326.954 75.430
327.131 75.041
327.308 74.349
327.485 74.746
327.661 74.783
327.838 74.956
328.015 75.650
328.191 75.464
328.368 75.010
328.545 75.071
328.722 75.819
328.898 75.380
329.075 73.630
329.252 72.390
329.429 72.989
329.605 73.446
329.782 72.388
329.959 71.272
330.135 72.206
330.312 72.951
330.489 73.785
330.666 74.811
330.842 75.512
331.019 75.758
331.196 75.576
331.372 74.916
331.549 73.988
331.726 73.779
331.903 73.779
332.079 74.601
332.256 74.519
332.433 73.247
332.610 73.300
332.786 73.264
332.963 73.083
333.140 72.777
333.316 72.527
333.493 72.770
333.670 72.910
333.847 72.676
334.023 72.169
334.200 71.462
334.377 71.178
334.553 70.587
334.730 70.128
334.907 68.853
335.084 68.017
335.260 67.455
335.437 66.501
335.614 65.905
335.791 64.263
335.967 64.313
336.144 65.973
336.321 66.556
336.497 66.444
336.674 65.664
336.851 65.738
337.028 65.815
337.204 66.048
337.381 65.905
337.558 65.431
337.734 65.316
337.911 65.151
338.088 65.228
338.265 65.385
338.441 64.869
338.618 65.628
338.795 67.326
338.972 68.038
339.148 67.807
339.325 67.600
339.502 67.754
339.678 67.255
339.855 65.606
340.032 64.724
340.209 64.645
340.385 64.813
340.562 64.444
340.739 64.226
340.916 64.439
341.092 64.358
341.269 64.262
341.446 64.212
341.622 63.354
341.799 62.155
341.976 61.513
342.153 61.480
342.329 61.114
342.506 60.180
342.683 60.548
342.859 61.386
343.036 61.509
343.213 61.546
343.390 61.299
343.566 61.280
343.743 60.989
343.920 60.682
344.097 60.422
344.273 60.339
344.450 60.133
344.627 59.522
344.803 59.343
344.980 59.626
345.157 59.386
345.334 59.907
345.510 60.155
345.687 60.159
345.864 60.549
346.040 60.852
346.217 60.109
346.394 58.648
346.571 57.776
346.747 58.016
346.924 58.255
347.101 58.697
347.278 58.939
347.454 58.730
347.631 58.913
347.808 59.252
347.984 59.072
348.161 58.650
348.338 58.396
348.515 58.448
348.691 57.721
348.868 57.357
349.045 56.901
349.221 56.387
349.398 56.346
349.575 55.955
349.752 54.935
349.928 54.910
350.105 55.328
350.282 55.148
350.459 54.729
350.635 54.154
350.812 53.386
350.989 52.908
351.165 52.882
351.342 52.720
351.519 52.543
351.696 52.602
351.872 52.434
352.049 51.986
352.226 51.659
352.402 51.777
352.579 52.111
352.756 52.589
352.933 52.861
353.109 52.476
353.286 52.693
353.463 53.404
353.640 53.350
353.816 53.011
353.993 52.716
354.170 52.637
354.346 52.550
354.523 52.154
354.700 51.991
354.877 51.764
355.053 51.509
355.230 51.445
355.407 51.698
355.584 52.112
355.760 51.918
355.937 51.284
356.114 50.722
356.290 50.220
356.467 49.907
356.644 49.722
356.821 49.510
356.997 49.255
357.174 48.972
357.351 48.775
357.527 48.669
357.704 48.700
357.881 48.390
358.058 48.371
358.234 48.600
358.411 48.639
358.588 49.207
358.765 49.024
358.941 48.451
359.118 48.044
359.295 47.589
359.471 47.983
359.648 47.955
359.825 48.214
360.002 48.226
360.178 48.275
360.355 48.748
360.532 48.766
360.708 48.034
360.885 47.905
361.062 48.051
361.239 48.104
361.415 48.616
361.592 48.950
361.769 48.390
361.946 47.990
362.122 48.055
362.299 47.453
362.476 47.559
362.652 47.747
362.829 47.189
363.006 46.505
363.183 46.250
363.359 46.486
363.536 46.227
363.713 45.811
363.889 45.056
364.066 44.082
364.243 43.834
364.420 44.283
364.596 44.146
364.773 43.704
364.950 43.702
365.127 42.963
365.303 42.508
365.480 42.714
365.660 42.810
365.839 42.675
366.019 42.565
366.199 42.710
366.379 42.537
366.558 42.555
366.738 43.020
366.918 42.953
367.098 42.919
367.277 42.929
367.457 43.099
367.637 42.889
367.816 43.012
367.996 43.274
368.176 42.921
368.356 42.740
368.535 42.500
368.715 41.973
368.895 41.827
369.075 41.345
369.254 41.231
369.434 41.130
369.614 40.500
369.793 40.405
369.973 40.070
370.153 40.023
370.333 40.301
370.512 40.246
370.692 40.271
370.872 40.327
371.051 40.140
371.231 39.904
371.411 40.043
371.591 39.647
371.770 39.051
371.950 38.820
372.130 38.772
372.310 39.315
372.489 39.655
372.669 39.585
372.849 39.999
373.028 40.034
373.208 39.851
373.388 39.877
373.568 39.581
373.747 39.252
373.927 38.928
374.107 38.151
374.287 37.952
374.466 38.124
374.646 38.032
374.826 37.974
375.005 37.853
375.185 37.690
375.365 37.606
375.545 37.927
375.724 38.243
375.904 37.873
376.084 37.349
376.263 36.905
376.443 36.829
376.623 36.437
376.803 36.182
376.982 36.219
377.162 36.031
377.342 35.977
377.522 36.068
377.701 36.216
377.881 36.467
378.061 36.450
378.240 35.962
378.420 35.822
378.600 35.725
378.780 35.661
378.959 35.420
379.139 35.446
379.319 35.328
379.499 34.990
379.678 35.126
379.858 35.359
380.038 35.441
380.217 35.428
380.397 35.312
380.577 35.058
380.757 34.622
380.936 34.693
381.116 34.866
381.296 34.759
381.476 34.686
381.655 34.711
381.835 34.409
382.015 34.514
382.194 34.593
382.374 34.622
382.554 34.753
382.734 34.905
382.913 34.852
383.093 34.502
383.273 34.360
383.452 34.442
383.632 34.314
383.812 34.209
383.992 34.136
384.171 34.233
384.351 34.207
384.531 34.161
384.711 33.916
384.890 33.542
385.070 33.344
385.250 33.118
385.429 33.223
385.609 33.493
385.789 33.108
385.969 32.575
386.148 32.395
386.328 32.163
386.508 32.062
386.688 32.210
386.867 32.338
387.047 32.291
387.227 31.895
387.406 31.549
387.586 31.356
387.766 31.186
387.946 31.063
388.125 30.954
388.305 31.131
388.485 31.059
388.664 31.059
388.844 31.264
389.024 31.411
389.204 31.129
389.383 30.839
389.563 30.900
389.743 31.168
389.923 31.234
390.102 31.105
390.282 30.836
390.462 30.631
390.641 30.472
390.821 30.459
391.001 30.644
391.181 30.822
391.360 30.923
391.540 31.118
391.720 31.113
391.900 31.058
392.079 30.803
392.259 30.879
392.439 30.913
392.618 30.726
392.798 30.494
392.978 30.360
393.158 30.371
393.337 30.264
393.517 29.941
393.697 29.707
393.877 29.685
394.056 29.673
394.236 29.722
394.416 29.815
394.595 29.810
394.775 29.608
394.955 29.348
395.135 29.195
395.314 29.110
395.494 28.961
395.674 28.817
395.853 28.745
396.033 28.636
396.213 28.585
396.393 28.436
396.572 28.406
396.752 28.515
396.932 28.448
397.112 28.690
397.291 28.963
397.471 28.946
397.651 28.873
397.830 28.769
398.010 28.750
398.190 28.778
398.370 28.641
398.549 28.684
398.729 28.692
398.909 28.684
399.089 28.505
399.268 28.530
399.448 28.768
399.628 28.859
399.807 28.919
399.987 28.720
400.167 28.624
400.347 28.499
400.526 28.459
400.706 28.530
400.886 28.257
401.065 27.950
401.245 27.924
401.425 27.805
401.605 27.733
401.784 27.512
401.964 27.369
402.144 27.591
402.324 27.747
402.503 27.935
402.683 27.881
402.863 27.872
403.042 27.644
403.222 27.363
403.402 27.343
403.582 27.225
403.761 27.222
403.941 27.344
404.121 27.280
404.301 27.076
404.480 26.978
404.660 27.020
404.844 27.069
405.029 27.174
405.213 27.360
405.398 27.713
405.582 27.842
405.767 27.825
405.951 27.642
406.136 27.389
406.320 27.116
406.505 27.114
406.689 27.146
406.874 27.196
407.058 27.131
407.243 27.058
407.427 27.164
407.612 27.182
407.796 27.063
407.981 27.078
408.165 27.128
408.350 27.075
408.534 26.988
408.719 27.066
408.903 26.873
409.088 26.762
409.272 26.696
409.457 26.683
409.641 26.681
409.826 26.691
410.010 26.702
410.195 26.753
410.379 26.672
410.564 26.502
410.748 26.411
410.933 26.396
411.117 26.447
411.302 26.369
411.486 26.341
411.671 26.296
411.855 26.336
412.040 26.413
412.224 26.490
412.409 26.443
412.593 26.241
412.778 26.344
412.962 26.289
413.147 26.135
413.331 26.060
413.516 25.924
413.700 25.886
413.885 26.441
414.069 27.368
414.254 27.381
414.438 27.530
414.623 27.762
414.807 27.816
414.992 27.655
415.176 27.600
415.361 27.563
415.545 27.515
415.730 27.612
415.914 27.587
416.099 27.495
416.283 27.582
416.468 27.779
416.652 27.760
416.837 27.842
417.021 27.933
417.206 27.935
417.390 27.974
417.575 28.028
417.759 27.492
417.944 26.458
418.128 26.460
418.313 26.301
418.497 26.056
418.682 25.941
418.866 26.001
419.051 26.059
419.235 26.000
419.420 26.060
419.604 25.962
419.789 25.947
419.973 25.998
420.158 26.004
420.342 25.854
420.527 25.792
420.711 25.643
420.896 25.563
421.080 25.558
421.265 25.490
421.449 25.399
421.634 25.355
421.818 25.444
422.003 25.345
422.187 25.321
422.372 25.530
422.556 25.635
422.741 25.667
422.925 25.726
423.110 25.934
423.294 25.920
423.479 25.833
423.663 25.679
423.848 25.551
424.032 25.496
424.217 25.472
424.401 25.407
424.586 25.423
424.770 25.408
424.955 25.448
425.139 25.473
425.324 25.359
425.508 25.172
425.693 25.042
425.877 25.111
426.062 25.195
426.246 25.027
426.431 24.890
426.615 24.797
426.800 24.701
426.984 24.543
427.169 24.547
427.353 24.607
427.538 24.634
427.722 24.633
427.907 24.677
428.091 24.737
428.276 24.700
428.460 24.700
428.645 24.819
428.829 24.916
429.014 24.858
429.198 24.982
429.383 25.182
429.567 25.228
429.752 25.172
429.936 25.111
430.121 25.139
430.305 25.299
430.490 25.355
430.674 25.340
430.859 25.285
431.043 25.266
431.228 25.234
431.412 25.324
431.597 25.440
431.781 25.410
431.966 25.352
432.150 25.446
432.335 25.507
432.519 25.317
432.704 25.051
432.888 25.018
433.073 24.943
433.257 24.834
433.442 24.735
433.626 24.724
433.811 24.699
433.995 24.677
434.180 24.586
434.364 24.483
434.549 24.405
434.733 24.425
434.918 24.327
435.102 24.287
435.287 24.165
435.471 23.999
435.656 23.935
435.840 23.959
436.030 23.918
436.220 23.861
436.410 23.980
436.600 24.181
436.790 24.357
436.980 24.447
437.170 24.481
437.360 24.537
437.550 24.520
437.741 24.540
437.931 24.540
438.121 24.556
438.311 24.612
438.501 24.688
438.691 24.754
438.881 24.782
439.071 24.770
439.261 24.769
439.451 24.841
439.641 24.827
439.831 24.791
440.021 24.871
440.211 24.950
440.401 24.860
440.591 24.661
440.781 24.558
440.971 24.525
441.161 24.571
441.351 24.631
441.542 24.708
441.732 24.810
441.922 24.747
442.112 24.692
442.302 24.657
442.492 24.563
442.682 24.482
442.872 24.623
443.062 24.641
443.252 24.680
443.442 24.640
443.632 24.633
443.822 24.708
444.012 24.634
444.202 24.458
444.392 24.352
444.582 24.560
444.772 24.870
444.962 24.858
445.153 24.826
445.343 24.774
445.533 24.667
445.723 24.544
445.913 24.639
446.103 24.715
446.293 24.789
446.483 24.885
446.673 24.940
446.863 24.859
447.053 24.796
447.243 24.768
447.433 24.775
447.623 24.789
447.813 24.703
448.003 24.675
448.193 24.760
448.383 24.816
448.573 24.678
448.764 24.338
448.954 24.343
449.144 24.331
449.334 24.302
449.524 24.386
449.714 24.494
449.904 24.436
450.094 24.411
450.284 24.413
450.474 24.426
450.664 24.374
450.854 24.344
451.044 24.394
451.234 24.368
451.424 24.311
451.614 24.286
451.804 24.220
451.994 24.192
452.184 24.165
452.375 24.209
452.565 24.946
452.755 26.267
452.945 26.222
453.135 26.204
453.325 26.181
453.515 26.227
453.705 26.215
453.895 26.165
454.085 26.039
454.275 25.900
454.465 25.785
454.655 25.766
454.845 25.783
455.035 25.767
455.225 25.778
455.415 25.792
455.605 25.810
455.795 25.888
455.985 25.961
456.176 25.991
456.366 26.026
456.556 25.345
456.746 24.116
456.936 24.161
457.126 24.190
457.316 24.295
457.506 24.242
457.696 24.161
457.886 24.175
458.076 24.152
458.266 24.154
458.456 24.207
458.646 24.264
458.836 24.297
459.026 24.400
459.216 24.456
459.406 24.532
459.596 24.503
459.787 24.435
459.977 24.354
460.167 24.326
460.357 24.236
460.547 24.140
460.737 24.083
460.927 24.081
461.117 24.096
461.307 24.015
461.497 23.930
461.687 23.935
461.877 23.966
462.067 24.007
462.257 24.055
462.447 24.029
462.637 24.038
462.827 24.047
463.017 23.961
463.207 23.919
463.397 23.852
463.588 23.829
463.778 23.871
463.968 23.905
464.158 23.879
464.348 23.897
464.538 23.965
464.728 23.971
464.918 23.986
465.108 24.018
465.298 24.035
465.488 24.084
465.678 24.022
465.868 23.957
466.058 23.977
466.248 23.942
466.438 23.945
466.628 23.904
466.818 23.811
467.008 23.795
467.199 23.792
467.389 23.824
467.579 23.874
467.769 23.838
467.959 23.861
468.149 23.912
468.339 23.923
468.529 23.885
468.719 23.867
468.909 23.816
469.099 23.754
469.289 23.654
469.479 23.568
469.669 23.585
469.859 23.595
470.049 23.580
470.239 23.553
470.429 23.555
470.619 23.544
470.810 23.523
471.000 23.487
471.190 23.451
471.380 23.390
471.570 23.337
471.760 23.296
471.950 23.230
472.140 23.182
472.330 23.185
472.520 23.165
472.710 23.124
472.900 23.100
473.090 23.062
473.280 23.135
473.470 23.138
473.660 23.113
473.850 23.140
474.040 23.195
474.230 23.209
474.421 23.208
474.611 23.175
474.801 23.191
474.991 23.201
475.181 23.194
475.371 23.182
475.561 23.179
475.751 23.232
475.941 23.231
476.131 23.184
476.321 23.116
476.511 23.102
476.701 23.119
476.891 23.079
477.081 23.041
477.271 23.006
477.461 23.056
477.651 23.043
477.841 22.983
478.031 22.970
478.222 22.985
478.412 22.975
478.602 22.953
478.792 22.900
478.982 22.882
479.172 22.887
479.362 22.873
479.552 22.877
479.742 22.794
479.932 22.767
480.122 22.741
480.312 22.706
480.502 22.695
480.692 22.636
480.882 22.602
481.072 22.574
481.262 22.556
481.452 22.472
481.642 22.429
481.833 22.438
482.023 22.422
482.213 22.395
482.403 22.315
482.593 22.299
482.783 22.294
482.973 22.287
483.163 22.242
483.353 22.213
483.543 22.154
483.733 22.181
483.923 22.162
484.113 22.157
484.303 22.161
484.493 22.112
484.683 22.107
484.873 22.108
485.063 22.114
485.253 22.071
485.443 22.036
485.634 22.007
485.824 21.956
486.014 21.867
486.204 21.845
486.394 21.864
486.584 21.857
486.774 21.803
486.964 21.759
487.154 21.765
487.344 21.767
487.534 21.693
487.724 21.622
487.914 21.575
488.104 21.580
488.294 21.571
488.484 21.564
488.674 21.554
488.864 21.518
489.054 21.467
489.245 21.449
489.435 21.472
489.625 21.500
489.815 21.501
490.005 21.487
490.195 21.465
490.385 21.435
490.575 21.394
490.765 21.394
490.955 21.434
491.145 21.433
491.335 21.384
491.525 21.331
491.715 21.283
491.905 21.284
492.095 21.241
492.285 21.259
492.475 21.271
492.665 21.229
492.856 21.197
493.046 21.215
493.236 21.188
493.426 21.147
493.616 21.138
493.806 21.140
493.996 21.194
494.186 21.168
494.376 21.116
494.566 21.118
494.756 21.147
494.946 21.113
495.136 21.076
495.326 21.073
495.516 21.160
495.706 21.222
495.896 21.232
496.086 21.253
496.276 21.206
496.467 21.114
496.657 21.112
496.847 21.120
497.037 21.057
497.227 21.036
497.417 21.016
497.607 20.972
497.797 20.937
497.987 20.823
498.177 20.773
498.367 20.736
498.557 20.701
498.747 20.680
498.937 20.602
499.127 20.508
499.317 20.458
499.507 20.418
499.697 20.368
499.887 20.291
500.077 20.214
500.268 20.219
500.458 20.250
500.648 20.232
500.838 20.234
501.028 20.267
501.218 20.211
501.408 20.176
501.598 20.134
501.788 20.082
501.978 20.090
502.168 20.096
502.358 20.147
502.548 20.174
502.738 20.142
502.928 20.188
503.118 20.255
503.308 20.267
503.498 20.240
503.688 20.238
503.879 20.280
504.069 20.285
504.259 20.226
504.449 20.180
504.639 20.136
504.829 20.090
505.019 20.072
505.209 20.119
505.399 20.145
505.589 20.143
505.779 20.150
505.969 20.162
506.159 20.140
506.349 20.035
506.539 19.965
506.729 19.933
506.919 19.900
507.109 19.875
507.299 19.866
507.490 19.841
507.680 19.770
507.870 19.726
508.060 19.697
508.250 19.646
508.440 19.585
508.630 19.541
508.820 19.531
509.010 19.437
509.200 19.334
509.390 19.284
509.580 19.263
509.770 19.222
509.960 19.148
510.150 19.114
510.340 19.124
510.530 19.102
510.720 19.110
510.910 19.088
511.100 19.005
511.291 18.932
511.481 18.917
511.671 18.901
511.861 18.853
512.051 18.870
512.241 18.909
512.431 18.903
512.621 18.918
512.811 18.911
513.001 18.961
513.191 18.971
513.381 18.973
513.571 18.987
513.761 18.988
513.951 18.986
514.141 18.959
514.331 18.939
514.521 18.916
514.711 18.866
514.902 18.819
515.092 18.864
515.282 18.908
515.472 18.858
515.662 18.860
515.852 18.858
516.042 18.790
516.232 18.765
516.422 18.807
516.612 18.793
516.802 18.751
516.992 18.673
517.182 18.669
517.372 18.657
517.562 18.627
517.752 18.607
517.942 18.592
518.132 18.557
518.322 18.534
518.513 18.526
518.703 18.518
518.893 18.513
519.083 18.488
519.273 18.417
519.463 18.438
519.653 18.428
519.843 18.412
520.033 18.401
520.223 18.345
520.413 18.274
520.603 18.257
520.793 18.272
520.983 18.315
521.173 18.337
521.363 18.346
521.553 18.332
521.743 18.315
521.933 18.320
522.123 18.348
522.314 18.366
522.504 18.364
522.694 18.358
522.884 18.327
523.074 18.288
523.264 18.274
523.454 18.238
523.644 18.203
523.834 18.169
524.024 18.148
524.214 18.105
524.404 18.079
524.594 18.032
524.784 18.002
524.974 17.933
525.164 17.888
525.354 17.864
525.544 17.848
525.734 17.836
525.925 17.810
526.115 17.801
526.305 17.750
526.495 17.706
526.685 17.665
526.875 17.643
527.065 17.611
527.255 17.595
527.445 17.551
527.635 17.506
527.825 17.484
528.015 17.487
528.205 17.544
528.395 17.616
528.585 17.639
528.775 17.609
528.965 17.634
529.155 17.648
529.345 17.593
529.535 17.551
529.726 17.496
529.916 17.475
530.106 17.463
530.296 17.481
530.486 17.468
530.676 17.471
530.866 17.469
531.056 17.490
531.246 17.527
531.436 17.544
531.626 17.569
531.816 17.585
532.006 17.614
532.196 17.623
532.386 17.589
532.576 17.568
532.766 17.536
532.956 17.520
533.146 17.485
533.337 17.501
533.527 17.518
533.717 17.566
533.907 17.550
534.097 17.516
534.287 17.519
534.477 17.524
534.667 17.506
534.857 17.505
535.047 17.487
535.237 17.481
535.427 17.516
535.617 17.528
535.807 17.534
535.997 17.501
536.187 17.462
536.377 17.449
536.567 17.454
536.757 17.473
536.948 17.455
537.138 17.430
537.328 17.423
537.518 17.424
537.708 17.413
537.898 17.420
538.088 17.442
538.278 17.448
538.468 17.450
538.658 17.440
538.848 17.458
539.038 17.497
539.228 17.472
539.418 17.416
539.608 17.416
539.798 17.402
539.988 17.413
540.178 17.433
540.368 17.406
540.558 17.417
540.749 17.432
540.939 17.457
541.129 17.524
541.319 17.575
541.509 17.590
541.699 17.629
541.889 17.664
542.079 17.683
542.269 17.697
542.459 17.711
542.649 17.698
542.839 17.665
543.029 17.661
543.219 17.688
543.409 17.715
543.599 17.741
543.789 17.772
543.979 17.761
544.169 17.727
544.360 17.756
544.550 17.784
544.740 17.845
544.930 17.857
545.120 17.821
545.310 17.799
545.500 17.804
545.690 17.780
545.880 17.778
546.070 17.807
546.267 17.801
546.463 17.812
546.660 17.869
546.857 17.920
547.054 17.917
547.251 17.914
547.447 17.930
547.644 17.918
547.841 17.936
548.038 17.977
548.234 18.046
548.431 18.091
548.628 18.137
548.825 18.127
549.021 18.115
549.218 18.119
549.415 18.121
549.612 18.159
549.808 18.191
550.005 18.245
550.202 18.251
550.399 18.278
550.595 18.360
550.792 18.410
550.989 18.445
551.186 18.470
551.382 18.505
551.579 18.568
551.776 18.611
551.973 18.617
552.169 18.607
552.366 18.569
552.563 18.573
552.760 18.552
552.956 18.560
553.153 18.602
553.350 18.648
553.547 18.670
553.743 18.666
553.940 18.705
554.137 18.695
554.334 18.683
554.530 18.701
554.727 18.650
554.924 18.615
555.121 18.606
555.317 18.630
555.514 18.638
555.711 18.632
555.908 18.658
556.104 18.708
556.301 18.772
556.498 18.841
556.695 18.854
556.891 18.852
557.088 18.865
557.285 18.925
557.482 18.990
557.678 19.048
557.875 19.085
558.072 19.069
558.269 19.070
558.465 19.135
558.662 19.156
558.859 19.175
559.056 19.206
559.252 19.213
559.449 19.217
559.646 19.254
559.843 19.274
560.039 19.284
560.236 19.254
560.433 19.221
560.630 19.203
560.826 19.193
561.023 19.184
561.220 19.189
561.417 19.158
561.613 19.082
561.810 19.027
562.007 18.990
562.204 18.978
562.400 18.981
562.597 18.915
562.794 18.910
562.991 18.944
563.187 18.954
563.384 18.960
563.581 18.948
563.778 18.966
563.974 18.987
564.171 18.965
564.368 18.979
564.565 19.013
564.761 19.030
564.958 19.055
565.155 19.090
565.352 19.097
565.548 19.082
565.745 19.097
565.942 19.087
566.139 19.096
566.335 19.102
566.532 19.076
566.729 19.067
566.926 19.066
567.122 19.051
567.319 19.000
567.516 18.964
567.713 18.957
567.909 18.903
568.106 18.829
568.303 18.791
568.500 18.744
568.696 18.681
568.893 18.598
569.090 18.535
569.287 18.467
569.483 18.438
569.680 18.442
569.877 18.464
570.074 18.480
570.270 18.458
570.467 18.439
570.664 18.442
570.861 18.434
571.057 18.372
571.254 18.319
571.451 18.325
571.648 18.329
571.844 18.302
572.041 18.281
572.238 18.258
572.435 18.236
572.631 18.210
572.828 18.179
573.025 18.186
573.222 18.156
573.418 18.117
573.615 18.056
573.812 17.998
574.009 17.941
574.205 17.876
574.402 17.836
574.599 17.805
574.796 17.741
574.992 17.689
575.189 17.633
575.386 17.573
575.583 17.537
575.779 17.507
575.976 17.459
576.173 17.386
576.370 17.356
576.567 17.342
576.763 17.303
576.960 17.263
577.160 17.230
577.359 17.197
577.559 17.173
577.759 17.151
577.958 17.116
578.158 17.034
578.357 17.003
578.557 16.970
578.757 16.922
578.956 16.884
579.156 16.848
579.356 16.831
579.555 16.796
579.755 16.736
579.954 16.674
580.154 16.649
580.354 16.630
580.553 16.573
580.753 16.502
580.953 16.474
581.152 16.446
581.352 16.414
581.552 16.400
581.751 16.382
581.951 16.341
582.150 16.298
582.350 16.279
582.550 16.280
582.749 16.265
582.949 16.259
583.149 16.254
583.348 16.221
583.548 16.204
583.748 16.231
583.947 16.208
584.147 16.168
584.346 16.124
584.546 16.109
584.746 16.074
584.945 16.026
585.145 15.987
585.345 15.968
585.544 15.943
585.744 15.898
585.943 15.849
586.143 15.812
586.343 15.771
586.542 15.780
586.742 15.747
586.942 15.697
587.141 15.636
587.341 15.582
587.541 15.582
587.740 15.523
587.940 15.455
588.139 15.458
588.339 15.454
588.539 15.453
588.738 15.461
588.938 15.473
589.138 15.497
589.337 15.487
589.537 15.464
589.736 15.445
589.936 15.434
590.136 15.403
590.335 15.387
590.535 15.377
590.735 15.314
590.934 15.274
591.134 15.271
591.334 15.278
591.533 15.268
591.733 15.224
591.932 15.230
592.132 15.223
592.332 15.194
592.531 15.182
592.731 15.133
592.931 15.081
593.130 15.058
593.330 15.028
593.530 15.027
593.729 15.003
593.929 14.996
594.128 14.997
594.328 15.031
594.528 15.050
594.727 15.086
594.927 15.149
595.127 15.189
595.326 15.173
595.526 15.142
595.725 15.130
595.925 15.150
596.125 15.133
596.324 15.116
596.524 15.111
596.724 15.119
596.923 15.145
597.123 15.140
597.323 15.161
597.522 15.164
597.722 15.161
597.921 15.201
598.121 15.209
598.321 15.193
598.520 15.177
598.720 15.179
598.920 15.138
599.119 15.094
599.319 15.090
599.519 15.113
599.718 15.138
599.918 15.148
600.117 15.128
600.317 15.151
600.517 15.176
600.716 15.178
600.916 15.167
601.116 15.160
601.315 15.180
601.515 15.172
601.714 15.182
601.914 15.170
602.114 15.133
602.313 15.111
602.513 15.138
602.713 15.154
602.912 15.148
603.112 15.163
603.312 15.147
603.511 15.130
603.711 15.143
603.910 15.138
604.110 15.145
604.310 15.169
604.509 15.206
604.709 15.234
604.909 15.248
605.108 15.296
605.308 15.312
605.507 15.330
605.707 15.343
605.907 15.347
606.106 15.354
606.306 15.355
606.506 15.356
606.705 15.369
606.905 15.396
607.105 15.413
607.304 15.428
607.504 15.484
607.703 15.501
607.903 15.482
608.103 15.484
608.302 15.505
608.502 15.531
608.702 15.523
608.901 15.511
609.101 15.509
609.301 15.472
609.500 15.481
609.700 15.463
609.899 15.453
610.099 15.474
610.299 15.500
610.498 15.539
610.698 15.552
610.898 15.537
611.097 15.519
611.297 15.521
611.496 15.533
611.696 15.538
611.896 15.530
612.095 15.526
612.295 15.539
612.495 15.547
612.694 15.550
612.894 15.555
613.094 15.553
613.293 15.561
613.493 15.581
613.692 15.573
613.892 15.560
614.092 15.571
614.291 15.557
614.491 15.557
614.691 15.567
614.890 15.591
615.090 15.618
615.289 15.632
615.489 15.621
615.689 15.606
615.888 15.583
616.088 15.603
616.288 15.648
616.487 15.654
616.687 15.631
616.887 15.613
617.086 15.583
617.286 15.579
617.485 15.583
617.685 15.546
617.885 15.548
618.084 15.576
618.284 15.568
618.484 15.584
618.683 15.617
618.883 15.623
619.082 15.620
619.282 15.629
619.482 15.635
619.681 15.660
619.881 15.684
620.081 15.677
620.280 15.615
620.480 15.575
620.680 15.587
620.879 15.622
621.079 15.650
621.278 15.682
621.478 15.690
621.678 15.664
621.877 15.684
622.077 15.686
622.277 15.708
622.476 15.732
622.676 15.722
622.876 15.677
623.075 15.672
623.275 15.692
623.474 15.675
623.674 15.662
623.874 15.677
624.073 15.681
624.273 15.710
624.473 15.741
624.672 15.747
624.872 15.743
625.071 15.731
625.271 15.713
625.471 15.718
625.670 15.731
625.870 15.784
626.070 15.793
626.269 15.760
626.469 15.738
626.669 15.710
626.868 15.696
627.068 15.696
627.267 15.684
627.467 15.671
627.667 15.653
627.866 15.637
628.066 15.605
628.266 15.580
628.465 15.565
628.665 15.589
628.865 15.592
629.064 15.580
629.264 15.558
629.463 15.563
629.663 15.559
629.863 15.545
630.062 15.500
630.262 15.459
630.462 15.480
630.661 15.472
630.861 15.632
631.060 15.923
631.260 15.947
631.460 15.959
631.659 15.937
631.859 15.925
632.059 15.931
632.258 15.937
632.458 15.935
632.658 15.906
632.857 15.863
633.057 15.833
633.256 15.814
633.456 15.821
633.656 15.802
633.855 15.765
634.055 15.747
634.255 15.765
634.454 15.799
634.654 15.798
634.853 15.801
635.053 15.658
635.253 15.390
635.452 15.390
635.652 15.372
635.852 15.358
636.051 15.367
636.251 15.372
636.451 15.385
636.650 15.384
636.850 15.418
637.049 15.431
637.249 15.454
637.449 15.454
637.648 15.429
637.848 15.404
638.048 15.416
638.247 15.438
638.447 15.420
638.647 15.409
638.846 15.419
639.046 15.385
639.245 15.352
639.445 15.332
639.645 15.300
639.844 15.268
640.044 15.265
640.244 15.284
640.443 15.315
640.643 15.297
640.842 15.267
641.042 15.248
641.242 15.289
641.441 15.304
641.641 15.314
641.841 15.279
642.040 15.265
642.240 15.262
642.440 15.248
642.639 15.277
642.839 15.295
643.038 15.287
643.238 15.323
643.438 15.367
643.637 15.399
643.837 15.395
644.037 15.408
644.236 15.452
644.436 15.452
644.635 15.396
644.835 15.375
645.035 15.397
645.234 15.392
645.434 15.360
645.634 15.309
645.833 15.307
646.033 15.384
646.233 15.425
646.432 15.443
646.632 15.472
646.831 15.458
647.031 15.463
647.231 15.489
647.430 15.481
647.630 15.451
647.830 15.402
648.029 15.410
648.229 15.385
648.429 15.321
648.628 15.287
648.828 15.319
649.027 15.327
649.227 15.316
649.427 15.315
649.626 15.328
649.826 15.386
650.026 15.387
650.225 15.357
650.425 15.352
650.624 15.351
650.824 15.337
651.024 15.336
651.223 15.311
651.423 15.284
651.623 15.315
651.822 15.351
652.022 15.391
652.222 15.416
652.421 15.447
652.621 15.494
652.820 15.533
653.020 15.530
653.220 15.519
653.419 15.537
653.619 15.536
653.819 15.513
654.018 15.511
654.218 15.541
654.418 15.572
654.617 15.592
654.817 15.601
655.016 15.605
655.216 15.632
655.416 15.669
655.615 15.686
655.815 15.665
656.015 15.673
656.214 15.727
656.414 15.761
656.613 15.767
656.813 15.799
657.013 15.838
657.212 15.838
657.412 15.887
657.612 15.934
657.811 15.976
658.011 16.016
658.211 16.035
658.410 16.064
658.610 16.071
658.809 16.108
659.009 16.116
659.209 16.133
659.408 16.130
659.608 16.147
659.808 16.160
660.007 16.192
660.207 16.222
660.406 16.213
660.606 16.184
660.806 16.234
661.005 16.266
661.205 16.233
661.405 16.264
661.604 16.302
661.804 16.322
662.004 16.329
662.203 16.344
662.403 16.361
662.602 16.374
662.802 16.429
663.002 16.450
663.201 16.496
663.401 16.525
663.601 16.567
663.800 16.596
664.000 16.636
664.199 16.692
664.399 16.708
664.599 16.695
664.798 16.719
664.998 16.754
665.198 16.743
665.397 16.791
665.597 16.850
665.797 16.881
665.996 16.899
666.196 16.925
666.395 16.934
666.595 16.957
666.795 16.980
666.994 17.013
667.194 17.034
667.394 17.042
667.593 17.067
667.793 17.113
667.993 17.167
668.192 17.207
668.392 17.214
668.591 17.221
668.791 17.270
668.991 17.377
669.190 17.395
669.390 17.446
669.590 17.505
669.789 17.522
669.989 17.544
670.188 17.562
670.388 17.589
670.588 17.656
670.787 17.700
670.987 17.734
671.187 17.758
671.386 17.837
671.586 17.892
671.786 17.941
671.985 17.947
672.185 17.942
672.384 17.969
672.584 18.008
672.784 18.073
672.983 18.124
673.183 18.108
673.383 18.152
673.582 18.183
673.782 18.238
673.981 18.292
674.181 18.304
674.381 18.347
674.580 18.408
674.780 18.427
674.980 18.468
675.179 18.529
675.379 18.594
675.579 18.593
675.778 18.623
675.978 18.664
676.177 18.731
676.377 18.797
676.577 18.870
676.776 18.926
676.976 18.962
677.176 19.026
677.375 19.121
677.575 19.195
677.775 19.286
677.974 19.309
678.174 19.382
678.373 19.486
678.573 19.557
678.773 19.631
678.972 19.734
679.172 19.811
679.372 19.894
679.571 19.966
679.771 20.066
679.970 20.161
680.170 20.223
680.370 20.263
680.569 20.328
680.769 20.391
680.969 20.452
681.168 20.547
681.368 20.649
681.568 20.725
681.767 20.780
681.967 20.822
682.166 20.916
682.366 20.985
682.566 21.038
682.765 21.104
682.965 21.171
683.165 21.240
683.364 21.334
683.564 21.390
683.764 21.424
683.963 21.450
684.163 21.482
684.362 21.581
684.562 21.716
684.762 21.818
684.961 21.916
685.161 22.044
685.361 22.115
685.560 22.125
685.760 22.134
685.959 22.190
686.159 22.274
686.359 22.328
686.558 22.364
686.758 22.439
686.958 22.532
687.157 22.629
687.357 22.731
687.557 22.839
687.756 22.910
687.956 23.004
688.155 23.112
688.355 23.227
688.555 23.299
688.754 23.372
688.954 23.484
689.154 23.545
689.353 23.596
689.553 23.695
689.752 23.802
689.952 23.916
690.152 24.022
690.351 24.103
690.551 24.175
690.751 24.239
690.950 24.303
691.150 24.412
691.350 24.503
691.549 24.581
691.749 24.602
691.948 24.688
692.148 24.814
692.348 24.899
692.547 24.988
692.747 25.095
692.947 25.181
693.146 25.238
693.346 25.317
693.546 25.407
693.745 25.476
693.945 25.576
694.144 25.679
694.344 25.783
694.544 25.906
694.743 26.023
694.943 26.137
695.143 26.286
695.342 26.374
695.542 26.468
695.741 26.527
695.941 26.627
696.141 26.750
696.340 26.846
696.540 26.942
696.745 27.061
696.951 27.153
697.156 27.240
697.362 27.293
697.567 27.403
697.772 27.531
697.978 27.602
698.183 27.672
698.389 27.761
698.594 27.851
698.799 27.917
699.005 28.026
699.210 28.150
699.416 28.198
699.621 28.216
699.826 28.251
700.032 28.361
700.237 28.454
700.443 28.476
700.648 28.516
700.853 28.612
701.059 28.691
701.264 28.717
701.470 28.755
701.675 28.885
701.880 28.997
702.086 29.055
702.291 29.116
702.497 29.173
702.702 29.226
702.907 29.286
703.113 29.356
703.318 29.375
703.524 29.383
703.729 29.442
703.934 29.533
704.140 29.604
704.345 29.660
704.551 29.711
704.756 29.795
704.961 29.879
705.167 29.937
705.372 29.944
705.578 30.038
705.783 30.112
705.988 30.136
706.194 30.134
706.399 30.178
706.605 30.274
706.810 30.392
707.015 30.491
707.221 30.524
707.426 30.568
707.632 30.639
707.837 30.707
708.042 30.771
708.248 30.838
708.453 30.916
708.659 30.946
708.864 31.001
709.069 31.063
709.275 31.087
709.480 31.111
709.686 31.173
709.891 31.241
710.096 31.332
710.302 31.401
710.507 31.442
710.713 31.441
710.918 31.444
711.123 31.457
711.329 31.450
711.534 31.526
711.740 31.610
711.945 31.679
712.150 31.755
712.356 31.831
712.561 31.907
712.766 31.939
712.972 31.972
713.177 32.014
713.383 32.024
713.588 32.042
713.793 32.092
713.999 32.133
714.204 32.141
714.410 32.127
714.615 32.176
714.820 32.257
715.026 32.311
715.231 32.382
715.437 32.440
715.642 32.512
715.847 32.564
716.053 32.549
716.258 32.567
716.464 32.620
716.669 32.686
716.874 32.709
717.080 32.780
717.285 32.950
717.491 33.025
717.696 33.085
717.901 33.115
718.107 33.142
718.312 33.175
718.518 33.224
718.723 33.278
718.928 33.320
719.134 33.305
719.339 33.313
719.545 33.330
719.750 33.357
719.955 33.381
720.161 33.369
720.366 33.402
720.572 33.439
720.777 33.449
720.982 33.387
721.188 33.362
721.393 33.336
721.599 33.266
721.804 33.289
722.009 33.332
722.215 33.395
722.420 33.427
722.626 33.485
722.831 33.523
723.036 33.519
723.242 33.508
723.447 33.566
723.653 33.624
723.858 33.628
724.063 33.640
724.269 33.689
724.474 33.745
724.680 33.829
724.885 33.882
725.090 33.852
725.296 33.854
725.501 33.890
725.707 33.927
725.912 33.908
726.117 33.876
726.323 33.878
726.528 33.876
726.734 33.877
726.939 33.908
727.144 33.951
727.350 33.991
727.555 34.027
727.761 34.098
727.966 34.112
728.171 34.186
728.377 34.255
728.582 34.208
728.788 34.161
728.993 34.090
729.198 34.054
729.404 34.121
729.609 34.234
729.815 34.283
730.020 34.280
730.225 34.331
730.431 34.360
730.636 34.354
730.842 34.344
731.047 34.314
731.252 34.252
731.458 34.227
731.663 34.286
731.869 34.290
732.074 34.227
732.279 34.235
732.485 34.225
732.690 34.161
732.896 34.187
733.101 34.240
733.306 34.295
733.512 34.294
733.717 34.282
733.923 34.210
734.128 34.203
734.333 34.252
734.539 34.244
734.744 34.215
734.950 34.198
735.155 34.206
735.360 34.302
735.566 34.366
735.771 34.396
735.977 34.368
736.182 34.368
736.387 34.421
736.593 34.499
736.798 34.592
737.004 34.630
737.209 34.654
737.414 34.667
737.620 34.689
737.825 34.719
738.031 34.746
738.236 34.772
738.441 34.749
738.647 34.724
738.852 34.718
739.058 34.767
739.263 34.809
739.468 34.841
739.674 34.827
739.879 34.818
740.085 34.831
740.290 34.814
740.495 34.778
740.701 34.740
740.906 34.662
741.112 34.601
741.317 34.591
741.522 34.564
741.728 34.535
741.933 34.537
742.139 34.564
742.344 34.592
742.549 34.579
742.755 34.587
742.960 34.599
743.166 34.580
743.371 34.546
743.576 34.572
743.782 34.571
743.987 34.590
744.193 34.614
744.398 34.553
744.603 34.547
744.809 34.581
745.014 34.570
745.220 34.558
745.425 34.470
745.630 34.425
745.836 34.440
746.041 34.424
746.246 34.400
746.452 34.386
746.657 34.359
746.863 34.414
747.068 34.496
747.274 34.539
747.479 34.629
747.684 34.678
747.890 34.676
748.095 34.636
748.300 34.620
748.506 34.614
748.711 34.636
748.917 34.613
749.122 34.592
749.327 34.573
749.533 34.553
749.738 34.584
749.944 34.610
750.149 34.582
750.354 34.583
750.560 34.609
750.765 34.609
750.971 34.627
751.176 34.609
751.381 34.590
751.587 34.518
751.792 34.467
751.998 34.448
752.203 34.431
752.408 34.497
752.614 34.475
752.819 34.470
753.025 34.511
753.230 34.557
753.435 34.591
753.641 34.644
753.846 34.754
754.052 34.830
754.257 34.783
754.462 34.787
754.668 34.814
754.873 34.790
755.079 34.780
755.284 34.762
755.489 34.784
755.695 34.720
755.900 34.769
756.106 34.792
756.311 34.772
756.516 34.697
756.722 34.648
756.927 34.652
757.133 34.649
757.338 34.614
757.543 34.605
757.749 34.571
757.954 34.522
758.160 34.419
758.365 34.342
758.570 34.416
758.776 34.430
758.981 34.411
759.187 34.427
759.392 34.478
759.597 34.485
759.803 34.426
760.008 34.451
760.214 34.435
760.419 34.367
760.624 34.353
760.830 34.468
761.035 34.491
761.241 34.447
761.446 34.393
761.651 34.369
761.857 34.410
762.062 34.436
762.268 34.419
762.473 34.416
762.678 34.425
762.884 34.450
763.089 34.474
763.295 34.540
763.500 34.625
763.709 34.613
763.918 34.567
764.126 34.561
764.335 34.580
764.544 34.616
764.753 34.613
764.962 34.671
765.171 34.684
765.379 34.664
765.588 34.722
765.797 34.769
766.006 34.832
766.215 34.848
766.424 34.868
766.632 34.888
766.841 34.912
767.050 34.909
767.259 34.863
767.468 34.903
767.677 34.871
767.885 34.752
768.094 34.694
768.303 34.728
768.512 34.770
768.721 34.793
768.929 34.764
769.138 34.839
769.347 34.881
769.556 34.857
769.765 34.892
769.974 34.870
770.182 34.821
770.391 34.777
770.600 34.728
770.809 34.701
771.018 34.756
771.227 34.758
771.435 34.773
771.644 34.772
771.853 34.756
772.062 34.759
772.271 34.802
772.480 34.805
772.688 34.797
772.897 34.782
773.106 34.728
773.315 34.750
773.524 34.762
773.732 34.780
773.941 34.764
774.150 34.692
774.359 34.648
774.568 34.674
774.777 34.653
774.985 34.621
775.194 34.598
775.403 34.572
775.612 34.580
775.821 34.634
776.030 34.717
776.238 34.659
776.447 34.652
776.656 34.707
776.865 34.769
777.074 34.809
777.283 34.876
777.491 34.922
777.700 34.822
777.909 34.725
778.118 34.558
778.327 34.530
778.535 34.642
778.744 34.748
778.953 34.773
779.162 34.806
779.371 34.834
779.580 34.884
779.788 34.954
779.997 34.968
780.206 34.861
780.415 34.749
780.624 34.767
780.833 34.789
781.041 34.701
781.250 34.626
781.459 34.602
781.668 34.623
781.877 34.608
782.086 34.693
782.294 34.733
782.503 34.851
782.712 34.910
782.921 34.889
783.130 34.836
783.338 34.863
783.547 34.869
783.756 34.835
783.965 34.806
784.174 34.793
784.383 34.870
784.591 34.940
784.800 35.006
785.009 35.010
785.218 34.997
785.427 35.073
785.636 35.111
785.844 35.087
786.053 35.022
786.262 35.024
786.471 35.002
786.680 35.049
786.889 35.010
787.097 34.955
787.306 34.946
787.515 34.911
787.724 34.855
787.933 34.859
788.141 34.913
788.350 34.878
788.559 34.802
788.768 34.758
788.977 34.756
789.186 34.737
789.394 34.774
789.603 34.746
789.812 34.640
790.021 34.633
790.230 34.710
790.439 34.843
790.647 34.791
790.856 34.767
791.065 34.752
791.274 34.809
791.483 34.832
791.692 34.851
791.900 34.902
792.109 34.907
792.318 34.888
792.527 34.890
792.736 34.982
792.944 35.044
793.153 35.039
793.362 35.041
793.571 35.033
793.780 35.071
793.989 35.127
794.197 35.149
794.406 35.139
794.615 35.077
794.824 34.895
795.033 34.888
795.242 34.946
795.450 34.928
795.659 34.865
795.868 34.834
796.077 34.817
796.286 34.875
796.495 34.909
796.703 34.939
796.912 34.928
797.121 34.920
797.330 34.887
797.539 34.866
797.747 34.969
797.956 35.004
798.165 34.925
798.374 34.938
798.583 35.040
798.792 35.032
799.000 35.071
799.209 35.173
799.418 35.292
799.627 35.370
799.836 35.408
800.045 35.499
800.253 35.612
800.462 35.663
800.671 35.572
800.880 35.581
801.089 35.628
801.298 35.612
801.506 35.555
801.715 35.636
801.924 35.745
802.133 35.720
802.342 35.741
802.550 35.756
802.759 35.786
802.968 35.781
803.177 35.812
803.386 35.778
803.595 35.716
803.803 35.701
804.012 35.625
804.221 35.649
804.430 35.659
804.639 35.732
804.848 35.731
805.056 35.770
805.265 35.756
805.474 35.780
805.683 35.791
805.892 35.806
806.101 35.817
806.309 35.746
806.518 35.634
806.727 35.589
806.936 35.661
807.145 35.605
807.353 35.570
807.562 35.552
807.771 35.563
807.980 35.551
808.189 35.452
808.398 35.442
808.606 35.504
808.815 35.570
809.024 35.469
809.233 35.493
809.442 35.510
809.651 35.430
809.859 35.317
810.068 35.323
810.277 35.405
810.486 35.337
810.695 35.317
810.904 35.416
811.112 35.455
811.321 35.468
811.530 35.499
811.741 35.503
811.953 35.576
812.164 35.631
812.375 35.622
812.586 35.642
812.798 35.639
813.009 35.621
813.220 35.611
813.431 35.629
813.643 35.659
813.854 35.743
814.065 35.836
814.276 35.907
814.488 35.975
814.699 35.923
814.910 35.968
815.121 35.926
815.333 35.797
815.544 35.739
815.755 35.635
815.966 35.621
816.178 35.678
816.389 35.649
816.600 35.591
816.811 35.659
817.023 35.769
817.234 35.856
817.445 35.815
817.656 35.831
817.868 35.991
818.079 35.997
818.290 35.956
818.502 35.967
818.713 36.003
818.924 35.986
819.135 35.999
819.347 35.980
819.558 35.993
819.769 36.197
819.980 36.280
820.192 36.329
820.403 36.344
820.614 36.348
820.825 36.418
821.037 36.492
821.248 36.592
821.459 36.573
821.670 36.536
821.882 36.490
822.093 36.385
822.304 36.267
822.515 36.240
822.727 36.223
822.938 36.220
823.149 36.218
823.360 36.237
823.572 36.378
823.783 36.483
823.994 36.583
824.205 36.434
824.417 36.379
824.628 36.422
824.839 36.394
825.051 36.373
825.262 36.350
825.473 36.378
825.684 36.352
825.896 36.285
826.107 36.219
826.318 36.294
826.529 36.382
826.741 36.339
826.952 36.321
827.163 36.390
827.374 36.479
827.586 36.489
827.797 36.550
828.008 36.568
828.219 36.583
828.431 36.676
828.642 36.899
828.853 37.070
829.064 37.123
829.276 37.217
829.487 37.183
829.698 37.134
829.909 37.122
830.121 37.124
830.332 37.197
830.543 37.189
830.754 37.180
830.966 37.135
831.177 37.108
831.388 37.126
831.600 37.072
831.811 37.081
832.022 37.251
832.233 37.349
832.445 37.154
832.656 37.095
832.867 37.058
833.078 36.954
833.290 36.834
833.501 36.912
833.712 36.964
833.923 36.980
834.135 36.952
834.346 36.906
834.557 36.809
834.768 36.894
834.980 37.116
835.191 37.146
835.402 37.196
835.613 37.273
835.825 37.400
836.036 37.432
836.247 37.514
836.458 37.584
836.670 37.532
836.881 37.696
837.092 37.718
837.303 37.707
837.515 37.830
837.726 37.825
837.937 37.684
838.148 37.690
838.360 37.819
838.571 37.950
838.782 37.999
838.994 38.065
839.205 37.943
839.416 37.799
839.627 37.840
839.839 37.841
840.050 37.815
840.261 37.746
840.472 37.862
840.684 37.765
840.895 37.565
841.106 37.433
841.317 37.356
841.529 37.412
841.740 37.383
841.951 37.215
842.162 37.309
842.374 37.464
842.585 37.497
842.796 37.398
843.007 37.441
843.219 37.529
843.430 37.562
843.641 37.545
843.852 37.481
844.064 37.455
844.275 37.457
844.486 37.554
844.697 37.591
844.909 37.482
845.120 37.529
845.331 37.545
845.543 37.685
845.754 37.797
845.965 37.716
846.176 37.715
846.388 37.841
846.599 37.895
846.810 38.026
847.021 37.999
847.233 38.192
847.444 38.312
847.655 38.482
847.866 38.524
848.078 38.677
848.289 38.918
848.500 38.945
848.711 39.055
848.923 39.117
849.134 39.073
849.345 39.070
849.556 38.985
849.768 39.016
849.979 38.965
850.190 38.956
850.401 39.056
850.613 39.292
850.824 39.364
851.035 39.353
851.246 39.186
851.458 39.233
851.669 39.176
851.880 38.913
852.092 38.749
852.303 38.869
852.514 39.126
852.725 39.328
852.937 39.350
853.148 39.301
853.359 39.231
853.570 39.296
853.782 39.469
853.993 39.660
854.204 39.683
854.415 39.633
854.627 39.670
854.838 39.725
855.049 39.757
855.260 39.788
855.472 39.655
855.683 39.661
855.894 39.822
856.105 39.985
856.317 40.062
856.528 39.983
856.739 39.818
856.950 39.640
857.162 39.356
857.373 39.347
857.584 39.322
857.795 39.369
858.007 39.402
858.218 39.224
858.429 39.452
858.640 39.948
858.852 39.880
859.063 39.817
859.274 39.895
859.486 39.649
859.697 39.418
859.908 39.748
860.119 39.945
860.331 39.822
860.542 39.809
860.753 40.101
860.964 40.374
861.176 40.531
861.387 40.532
861.598 40.697
861.809 40.836
862.021 40.791
862.232 40.762
862.443 40.767
862.654 40.942
862.866 40.796
863.077 40.468
863.288 40.799
863.499 41.140
863.711 41.224
863.922 41.418
864.133 41.724
864.344 41.475
864.556 41.199
864.767 41.042
864.978 40.736
865.189 40.650
865.401 40.605
865.612 40.531
865.823 40.405
866.035 40.234
866.246 40.134
866.457 40.361
866.668 40.517
866.880 40.575
867.091 40.588
867.302 40.458
867.513 40.439
867.725 40.491
867.936 40.561
868.147 40.535
868.358 40.550
868.570 40.449
868.781 40.639
868.992 40.940
869.203 41.177
869.415 41.436
869.626 41.670
869.837 41.662
870.048 41.824
870.260 41.977
870.471 42.152
870.682 42.117
870.893 41.889
871.105 41.945
871.316 42.062
871.527 42.018
871.738 42.265
871.950 42.459
872.161 42.387
872.372 42.107
872.584 41.853
872.795 41.729
873.006 41.669
873.217 41.639
873.429 41.587
873.640 41.519
873.851 41.387
874.062 41.073
874.274 40.895
874.485 40.875
874.696 41.075
874.907 41.066
875.119 41.245
875.330 41.365
875.541 41.191
875.752 40.930
875.964 40.940
876.175 40.816
876.386 40.624
876.597 40.682
876.809 40.846
877.020 41.169
877.231 41.260
877.442 41.310
877.654 41.375
877.865 41.395
878.076 41.362
878.287 41.257
878.499 41.218
878.710 41.421
878.921 41.338
879.133 41.155
879.344 41.325
879.555 41.495
879.766 41.646
879.978 41.638
880.189 41.785
880.400 41.923
880.611 41.986
880.823 42.095
881.034 42.124
881.245 42.102
881.456 41.887
881.668 41.725
881.879 41.804
882.090 41.979
882.301 41.972
882.513 41.834
882.724 42.002
882.935 42.039
883.146 41.949
883.358 42.218
883.569 42.123
883.780 41.963
883.991 41.928
884.203 41.882
884.414 42.047
884.625 42.109
884.836 41.869
885.048 41.872
885.259 42.090
885.470 42.086
885.682 42.037
885.893 42.134
886.104 42.437
886.315 42.455
886.527 42.337
886.738 42.426
886.949 42.624
887.160 42.695
887.372 42.669
887.583 42.732
887.794 42.478
888.005 42.623
888.217 42.579
888.428 42.370
888.639 42.367
888.850 42.320
889.062 42.249
889.273 42.429
889.484 42.303
889.695 41.931
889.907 42.000
890.118 41.940
890.329 41.962
890.540 41.963
890.752 42.056
890.963 42.083
891.174 42.126
891.385 42.417
891.597 42.473
891.808 42.646
892.019 42.747
892.231 42.938
892.442 43.067
892.653 43.223
892.864 43.215
893.076 43.703
893.287 44.563
893.498 44.574
893.709 44.629
893.921 44.603
894.132 44.704
894.343 44.597
894.554 44.582
894.766 44.778
894.977 44.924
895.188 44.871
895.399 44.770
895.611 44.523
895.822 44.318
896.033 44.304
896.244 44.172
896.456 44.263
896.667 44.365
896.878 44.430
897.089 44.531
897.301 44.625
897.512 44.200
897.723 43.556
897.934 43.717
898.146 43.882
898.357 44.009
898.568 44.047
898.779 44.148
898.991 44.417
899.202 44.374
899.413 44.220
899.625 44.235
899.836 44.533
900.047 45.047
900.258 45.007
900.470 45.053
900.681 45.266
900.892 45.293
901.103 45.231
901.315 45.209
901.526 45.208
901.737 45.383
901.948 45.436
902.160 45.114
902.371 44.954
902.582 44.686
902.793 44.653
903.005 44.765
903.216 44.956
903.427 44.972
903.638 44.792
903.850 44.974
904.061 45.347
904.272 45.405
904.483 44.881
904.695 44.840
904.906 45.007
905.117 45.021
905.328 44.715
905.540 44.623
905.751 44.306
905.962 44.234
906.174 44.332
906.385 44.027
906.596 44.061
906.807 44.382
907.019 44.786
907.230 45.016
907.441 45.187
907.652 45.204
907.864 45.250
908.075 45.191
908.286 44.625
908.497 44.025
908.709 43.619
908.920 43.961
909.131 44.179
909.342 44.271
909.554 44.533
909.765 45.000
909.976 45.077
910.187 45.336
910.399 45.375
910.610 45.389
910.821 45.840
911.032 46.103
911.244 45.855
911.455 45.499
911.666 45.569
911.877 45.813
912.089 45.841
912.300 45.775
912.515 46.049
912.730 46.598
912.944 46.950
913.159 47.625
913.374 48.009
913.589 48.165
913.803 48.218
914.018 48.059
914.233 47.534
914.448 47.600
914.663 47.812
914.877 48.156
915.092 48.159
915.307 48.154
915.522 48.277
915.736 48.665
915.951 48.911
916.166 48.890
916.381 48.460
916.596 48.301
916.810 48.775
917.025 48.951
917.240 48.898
917.455 48.884
917.669 48.183
917.884 47.275
918.099 46.966
918.314 47.033
918.529 47.524
918.743 48.399
918.958 48.724
919.173 48.625
919.388 48.410
919.602 48.493
919.817 48.773
920.032 49.106
920.247 49.419
920.462 49.994
920.676 50.416
920.891 50.591
921.106 50.576
921.321 50.159
921.535 50.096
921.750 50.290
921.965 50.746
922.180 51.350
922.395 51.845
922.609 52.282
922.824 52.343
923.039 52.073
923.254 51.397
923.469 51.246
923.683 51.309
923.898 50.817
924.113 50.455
924.328 50.461
924.542 50.478
924.757 49.926
924.972 49.590
925.187 49.114
925.402 49.128
925.616 49.427
925.831 49.909
926.046 49.939
926.261 50.177
926.475 50.090
926.690 50.160
926.905 50.833
927.120 51.087
927.335 50.937
927.549 51.187
927.764 51.766
927.979 51.647
928.194 51.750
928.408 52.379
928.623 52.650
928.838 52.887
929.053 53.427
929.268 53.667
929.482 53.076
929.697 53.073
929.912 53.363
930.127 53.250
930.341 53.619
930.556 54.359
930.771 54.283
930.986 54.222
931.201 53.779
931.415 53.250
931.630 53.471
931.845 54.117
932.060 54.271
932.274 54.811
932.489 55.201
932.704 55.564
932.919 55.814
933.134 55.865
933.348 55.849
933.563 55.115
933.778 55.121
933.993 56.358
934.207 56.948
934.422 56.707
934.637 56.908
934.852 56.370
935.067 55.903
935.281 55.901
935.496 56.553
935.711 57.554
935.926 57.841
936.140 57.988
936.355 58.394
936.570 58.455
936.785 57.839
937.000 57.668
937.214 58.113
937.429 58.736
937.644 59.371
937.859 59.521
938.073 59.768
938.288 59.930
938.503 59.798
938.718 60.124
938.933 61.610
939.147 63.051
939.362 63.786
939.577 64.266
939.792 64.335
940.007 64.018
940.221 63.705
940.436 63.973
940.651 63.887
940.866 63.903
941.080 63.933
941.295 64.348
941.510 64.543
941.725 64.212
941.940 64.550
942.154 64.625
942.369 64.921
942.584 65.413
942.799 66.130
943.013 66.487
943.228 66.426
943.443 65.951
943.658 64.639
943.873 64.454
944.087 64.619
944.302 64.779
944.517 64.633
944.732 64.528
944.946 63.690
945.161 63.848
945.376 63.151
945.591 63.356
945.806 63.587
946.020 64.302
946.235 65.592
946.450 65.356
946.665 65.091
946.879 64.771
947.094 64.707
947.309 64.265
947.524 64.445
947.739 64.293
947.953 63.552
948.168 63.817
948.383 63.350
948.598 62.774
948.812 63.623
949.027 63.030
949.242 62.371
949.457 63.823
949.672 64.373
949.886 64.296
950.101 64.190
950.316 64.702
950.531 64.871
950.745 64.228
950.960 64.843
951.175 65.833
951.390 66.764
951.605 67.148
951.819 68.352
952.034 69.761
952.249 71.181
952.464 71.125
952.678 71.376
952.893 71.875
953.108 71.211
953.323 69.906
953.538 70.612
953.752 70.879
953.967 69.723
954.182 68.721
954.397 69.799
954.611 70.153
954.826 69.234
955.041 69.029
955.256 68.906
955.471 67.732
955.685 66.988
955.900 66.321
956.115 69.700
956.330 75.890
956.544 74.278
956.759 72.250
956.974 72.696
957.189 72.869
957.404 72.884
957.618 73.814
957.833 74.192
958.048 73.983
958.263 74.504
958.478 75.246
958.692 75.664
958.907 75.532
959.122 74.992
959.337 75.026
959.551 74.640
959.766 74.035
959.981 74.653
960.196 74.614
960.411 74.074
960.625 69.654
960.840 62.059
961.055 61.141
961.270 61.767
961.484 61.479
961.699 61.277
961.914 61.443
962.129 62.261
962.344 64.425
962.558 66.191
962.773 66.616
962.988 67.973
963.203 69.719
963.417 70.030
963.632 70.764
963.847 71.307
964.062 71.921
964.277 72.370
964.491 71.484
964.706 72.203
964.921 73.045
965.136 73.621
965.350 74.420
965.565 75.146
965.780 75.079
965.987 75.320
966.194 76.309
966.402 76.371
966.609 75.545
966.816 74.034
967.023 72.268
967.231 72.123
967.438 71.221
967.645 69.630
967.852 68.556
968.059 68.106
968.267 68.563
968.474 69.769
968.681 70.071
968.888 71.111
969.096 70.187
969.303 69.624
969.510 70.436
969.717 70.697
969.925 71.678
970.132 71.501
970.339 70.975
970.546 69.435
970.753 69.227
970.961 70.417
971.168 70.510
971.375 70.690
971.582 69.421
971.790 68.332
971.997 68.768
972.204 68.866
972.411 69.260
972.618 70.478
972.826 69.765
973.033 69.415
973.240 68.858
973.447 69.174
973.655 69.671
973.862 68.872
974.069 68.649
974.276 69.284
974.483 70.008
974.691 71.010
974.898 72.353
975.105 72.897
975.312 72.582
975.520 72.349
975.727 72.722
975.934 73.778
976.141 74.336
976.349 73.753
976.556 74.652
976.763 74.149
976.970 73.055
977.177 71.744
977.385 71.283
977.592 71.574
977.799 71.716
978.006 72.854
978.214 74.440
978.421 75.434
978.628 73.936
978.835 73.422
979.042 72.042
979.250 70.987
979.457 71.176
979.664 70.974
979.871 71.400
980.079 73.196
980.286 72.685
980.493 72.234
980.700 73.403
980.907 75.095
981.115 75.253
981.322 74.002
981.529 74.997
981.736 75.091
981.944 75.029
982.151 76.074
982.358 75.335
982.565 74.282
982.773 72.855
982.980 73.455
983.187 75.884
983.394 79.386
983.601 78.907
983.809 77.437
984.016 75.641
984.223 74.225
984.430 72.099
984.638 72.186
984.845 74.090
985.052 75.654
985.259 74.120
985.466 74.733
985.674 75.002
985.881 75.745
986.088 77.653
986.295 79.390
986.503 79.742
986.710 79.936
986.917 79.523
987.124 80.349
987.331 80.373
987.539 79.166
987.746 77.420
987.953 78.517
988.160 81.315
988.368 84.477
988.575 86.482
988.782 87.585
988.989 87.327
989.197 86.024
989.404 84.739
989.611 84.720
989.818 82.333
990.025 82.494
990.233 82.048
990.440 80.769
990.647 77.824
990.854 76.635
991.062 77.595
991.269 78.030
991.476 77.193
991.683 77.232
991.890 77.446
992.098 77.681
992.305 79.194
992.512 77.489
992.719 76.080
992.927 76.943
993.134 77.273
993.341 78.504
993.548 78.572
993.755 76.518
993.963 75.307
994.170 75.877
994.377 75.108
994.584 73.997
994.792 77.424
994.999 82.397
995.206 83.080
995.413 81.602
995.621 82.808
995.828 83.757
996.035 83.154
996.242 82.103
996.449 82.541
996.657 83.054
996.864 82.496
997.071 81.704
997.278 79.826
997.486 81.013
997.693 80.553
997.900 81.301
998.107 82.673
998.314 82.532
998.522 84.416
998.729 86.471
998.936 86.755
999.143 85.056
999.351 84.332
999.558 83.845
999.765 85.227
999.972 85.006
1000.179 84.660
1000.387 85.425
1000.594 86.164
1000.801 85.736
1001.008 84.842
1001.216 84.917
1001.423 86.434
1001.630 87.052
1001.837 84.162
1002.045 84.891
1002.252 86.437
1002.459 87.422
1002.666 90.485
1002.873 91.936
1003.081 90.968
1003.288 90.425
1003.495 88.595
1003.702 86.580
1003.910 89.200
1004.117 91.539
1004.324 90.466
1004.531 91.119
1004.738 92.066
1004.946 91.361
1005.153 90.177
1005.360 89.981
1005.567 94.180
1005.775 94.737
1005.982 93.358
1006.189 93.227
1006.396 91.698
1006.603 88.797
1006.811 86.903
1007.018 82.781
1007.225 81.366
1007.432 83.430
1007.640 87.962
1007.847 89.334
1008.054 89.836
1008.261 85.815
1008.469 82.646
1008.676 86.001
1008.883 90.233
1009.090 92.852
1009.297 91.837
1009.505 92.776
1009.712 93.474
1009.919 89.513
1010.126 87.657
1010.334 89.916
1010.541 90.747
1010.748 92.830
1010.955 94.942
1011.162 96.101
1011.370 102.191
1011.577 102.864
1011.784 101.849
1011.991 99.786
1012.199 95.935
1012.406 94.087
1012.613 98.181
1012.820 96.605
1013.027 90.271
1013.235 85.102
1013.442 81.669
1013.649 85.228
1013.856 89.365
1014.064 91.566
1014.271 91.229
1014.478 89.702
1014.685 89.219
1014.893 90.345
1015.100 90.330
1015.307 89.767
1015.514 89.926
1015.721 85.203
1015.929 84.409
1016.136 83.644
1016.343 81.580
1016.550 87.326
