292.253 94.235
292.450 96.673
292.647 97.485
292.845 97.568
293.042 98.173
293.239 98.453
293.437 97.380
293.634 95.561
293.831 94.833
294.029 95.090
294.226 95.237
294.423 98.216
294.621 98.351
294.818 97.369
295.015 96.756
295.213 97.625
295.410 99.352
295.607 100.254
295.805 100.259
296.002 99.722
296.199 99.446
296.397 98.482
296.594 96.385
296.791 95.135
296.989 95.532
297.186 94.454
297.383 93.257
297.581 94.780
297.778 96.701
297.975 97.355
298.173 96.555
298.370 96.424
298.567 97.322
298.765 97.575
298.962 99.109
299.159 99.765
299.357 99.626
299.554 99.401
299.751 99.637
299.949 98.990
300.146 99.520
300.343 98.664
300.541 96.945
300.738 97.750
300.935 99.071
301.133 98.996
301.330 99.983
301.527 101.613
301.725 100.713
301.922 99.249
302.119 99.271
302.317 101.093
302.514 101.097
302.711 99.825
302.909 99.154
303.106 97.584
303.303 97.103
303.501 97.375
303.698 96.787
303.895 95.872
304.093 95.563
304.290 95.398
304.487 96.180
304.685 96.428
304.882 95.676
305.079 95.042
305.277 94.132
305.474 93.588
305.671 92.238
305.869 92.344
306.066 93.205
306.263 92.630
306.461 91.194
306.658 91.178
306.855 91.027
307.053 90.485
307.250 91.164
307.447 92.088
307.645 92.348
307.842 92.040
308.039 91.561
308.237 91.245
308.434 90.730
308.631 90.755
308.829 91.385
309.026 90.807
309.223 90.318
309.421 90.786
309.618 90.222
309.815 90.566
310.013 90.562
310.210 90.077
310.407 90.162
310.605 89.965
310.802 89.865
310.999 90.208
311.197 91.967
311.394 92.362
311.591 91.474
311.789 90.446
311.986 89.940
312.183 89.480
312.381 89.237
312.578 89.057
312.775 87.769
312.973 87.163
313.170 87.683
313.347 87.643
313.523 86.970
313.700 86.755
313.877 86.988
314.054 87.037
314.230 87.522
314.407 88.012
314.584 88.175
314.761 87.400
314.937 87.170
315.114 86.370
315.291 84.430
315.467 83.894
315.644 84.232
315.821 84.511
315.998 84.782
316.174 84.541
316.351 84.977
316.528 85.600
316.704 85.181
316.881 84.689
317.058 83.692
317.235 83.753
317.411 84.059
317.588 84.005
317.765 83.855
317.942 83.187
318.118 81.998
318.295 82.253
318.472 82.916
318.648 83.118
318.825 83.420
319.002 83.676
319.179 82.842
319.355 81.862
319.532 81.614
319.709 81.931
319.885 82.317
320.062 81.462
320.239 81.300
320.416 80.856
320.592 80.989
320.769 81.179
320.946 80.392
321.123 80.852
321.299 80.253
321.476 80.056
321.653 80.416
321.829 80.243
322.006 79.629
322.183 79.644
322.360 78.681
322.536 77.110
322.713 77.084
322.890 77.954
323.066 78.886
323.243 78.822
323.420 78.153
323.597 77.738
323.773 77.111
323.950 76.981
324.127 77.942
324.304 77.720
324.480 78.181
324.657 79.256
324.834 78.484
325.010 77.841
325.187 77.019
325.364 77.538
325.541 79.009
325.717 77.683
325.894 76.326
326.071 76.608
326.248 77.321
326.424 76.850
326.601 75.977
326.778 74.994
326.954 74.227
327.131 73.826
327.308 73.337
327.485 73.955
327.661 74.084
327.838 74.102
328.015 74.789
328.191 74.672
328.368 74.128
328.545 74.047
328.722 74.739
328.898 74.409
329.075 72.839
329.252 71.609
329.429 72.294
329.605 72.647
329.782 71.334
329.959 70.024
330.135 70.655
330.312 71.336
330.489 71.863
330.666 72.542
330.842 73.133
331.019 73.036
331.196 72.645
331.372 72.060
331.549 71.259
331.726 71.115
331.903 70.967
332.079 71.569
332.256 71.509
332.433 70.336
332.610 70.467
332.786 70.340
332.963 70.216
333.140 70.020
333.316 69.822
333.493 70.076
333.670 70.285
333.847 70.240
334.023 69.670
334.200 68.995
334.377 68.909
334.553 68.658
334.730 68.372
334.907 67.171
335.084 66.251
335.260 65.923
335.437 65.017
335.614 64.622
335.791 63.271
335.967 63.161
336.144 64.625
336.321 65.093
336.497 64.892
336.674 64.045
336.851 63.963
337.028 64.009
337.204 64.476
337.381 64.492
337.558 63.821
337.734 63.649
337.911 63.451
338.088 63.339
338.265 63.144
338.441 62.626
338.618 63.373
338.795 64.938
338.972 65.566
339.148 65.238
339.325 64.739
339.502 64.600
339.678 64.281
339.855 62.826
340.032 62.115
340.209 62.191
340.385 62.266
340.562 61.881
340.739 61.597
340.916 61.692
341.092 61.485
341.269 61.483
341.446 61.634
341.622 60.833
341.799 59.826
341.976 59.353
342.153 59.254
342.329 58.751
342.506 57.759
342.683 57.860
342.859 58.611
343.036 58.605
343.213 58.566
343.390 58.194
343.566 57.833
343.743 57.374
343.920 57.036
344.097 56.874
344.273 56.681
344.450 56.454
344.627 55.808
344.803 55.553
344.980 55.734
345.157 55.445
345.334 56.092
345.510 56.278
345.687 56.270
345.864 56.695
346.040 57.079
346.217 56.408
346.394 55.213
346.571 54.491
346.747 54.889
346.924 55.287
347.101 55.799
347.278 56.314
347.454 56.139
347.631 56.292
347.808 56.598
347.984 56.554
348.161 56.269
348.338 56.019
348.515 56.094
348.691 55.622
348.868 55.314
349.045 54.783
349.221 54.231
349.398 54.212
349.575 53.856
349.752 52.881
349.928 52.940
350.105 53.234
350.282 53.034
350.459 52.644
350.635 51.995
350.812 51.310
350.989 50.719
351.165 50.488
351.342 50.137
351.519 49.842
351.696 49.836
351.872 49.608
352.049 49.187
352.226 48.925
352.402 48.931
352.579 49.230
352.756 49.739
352.933 49.997
353.109 49.590
353.286 49.920
353.463 50.598
353.640 50.384
353.816 49.898
353.993 49.551
354.170 49.652
354.346 49.768
354.523 49.350
354.700 49.265
354.877 49.325
355.053 49.367
355.230 49.507
355.407 49.795
355.584 50.306
355.760 50.136
355.937 49.498
356.114 48.835
356.290 48.246
356.467 47.809
356.644 47.718
356.821 47.617
356.997 47.254
357.174 46.941
357.351 46.721
357.527 46.655
357.704 46.714
357.881 46.226
358.058 45.928
358.234 46.145
358.411 46.138
358.588 46.661
358.765 46.444
358.941 45.903
359.118 45.664
359.295 45.230
359.471 45.544
359.648 45.531
359.825 45.880
360.002 45.910
360.178 46.080
360.355 46.512
360.532 46.438
360.708 45.680
360.885 45.523
361.062 45.844
361.239 46.019
361.415 46.466
361.592 46.740
361.769 46.287
361.946 45.909
362.122 45.965
362.299 45.301
362.476 45.297
362.652 45.257
362.829 44.486
363.006 43.684
363.183 43.432
363.359 43.575
363.536 43.240
363.713 42.783
363.889 42.049
364.066 41.128
364.243 40.966
364.420 41.458
364.596 41.360
364.773 40.886
364.950 40.811
365.127 40.149
365.303 39.820
365.480 39.976
365.660 39.906
365.839 39.639
366.019 39.585
366.199 39.705
366.379 39.631
366.558 39.731
366.738 40.154
366.918 40.097
367.098 40.138
367.277 40.178
367.457 40.398
367.637 40.069
367.816 40.099
367.996 40.200
368.176 39.776
368.356 39.513
368.535 39.241
368.715 38.769
368.895 38.566
369.075 38.092
369.254 38.037
369.434 38.142
369.614 37.688
369.793 37.446
369.973 36.990
370.153 36.907
370.333 37.150
370.512 37.047
370.692 37.082
370.872 37.139
371.051 36.903
371.231 36.598
371.411 36.735
371.591 36.347
371.770 35.753
371.950 35.519
372.130 35.559
372.310 36.052
372.489 36.330
372.669 36.225
372.849 36.442
373.028 36.353
373.208 36.049
373.388 36.044
373.568 35.817
373.747 35.550
373.927 35.182
374.107 34.302
374.287 34.122
374.466 34.274
374.646 34.150
374.826 34.075
375.005 34.008
375.185 33.891
375.365 33.875
375.545 34.229
375.724 34.476
375.904 34.033
376.084 33.530
376.263 33.157
376.443 33.061
376.623 32.697
376.803 32.537
376.982 32.509
377.162 32.293
377.342 32.241
377.522 32.383
377.701 32.508
377.881 32.787
378.061 32.739
378.240 32.252
378.420 32.106
378.600 32.003
378.780 31.920
378.959 31.730
379.139 31.726
379.319 31.633
379.499 31.368
379.678 31.530
379.858 31.715
380.038 31.676
380.217 31.630
380.397 31.524
380.577 31.202
380.757 30.797
380.936 30.891
381.116 31.000
381.296 30.816
381.476 30.793
381.655 30.852
381.835 30.579
382.015 30.662
382.194 30.696
382.374 30.697
382.554 30.773
382.734 30.809
382.913 30.657
383.093 30.283
383.273 30.133
383.452 30.221
383.632 30.166
383.812 30.151
383.992 30.148
384.171 30.261
384.351 30.217
384.531 30.134
384.711 29.852
384.890 29.542
385.070 29.396
385.250 29.153
385.429 29.200
385.609 29.424
385.789 28.990
385.969 28.464
386.148 28.316
386.328 28.138
386.508 28.038
386.688 28.143
386.867 28.192
387.047 28.102
387.227 27.659
387.406 27.224
387.586 27.012
387.766 26.811
387.946 26.628
388.125 26.518
388.305 26.711
388.485 26.645
388.664 26.588
388.844 26.695
389.024 26.713
389.204 26.374
389.383 26.078
389.563 26.131
389.743 26.323
389.923 26.283
390.102 26.095
390.282 25.782
390.462 25.511
390.641 25.288
390.821 25.171
391.001 25.302
391.181 25.446
391.360 25.470
391.540 25.627
391.720 25.678
391.900 25.609
392.079 25.307
392.259 25.265
392.439 25.210
392.618 25.046
392.798 24.862
392.978 24.706
393.158 24.629
393.337 24.496
393.517 24.170
393.697 23.923
393.877 23.841
394.056 23.876
394.236 23.991
394.416 24.093
394.595 24.115
394.775 23.872
394.955 23.589
395.135 23.416
395.314 23.283
395.494 23.055
395.674 22.875
395.853 22.776
396.033 22.641
396.213 22.591
396.393 22.406
396.572 22.333
396.752 22.377
396.932 22.283
397.112 22.482
397.291 22.735
397.471 22.703
397.651 22.569
397.830 22.372
398.010 22.282
398.190 22.242
398.370 22.063
398.549 22.074
398.729 22.027
398.909 21.975
399.089 21.755
399.268 21.743
399.448 21.945
399.628 21.977
399.807 22.027
399.987 21.810
400.167 21.675
400.347 21.505
400.526 21.497
400.706 21.587
400.886 21.260
401.065 20.839
401.245 20.776
401.425 20.692
401.605 20.585
401.784 20.364
401.964 20.219
402.144 20.350
402.324 20.480
402.503 20.623
402.683 20.553
402.863 20.513
403.042 20.256
403.222 19.972
403.402 19.960
403.582 19.837
403.761 19.788
403.941 19.846
404.121 19.756
404.301 19.461
404.480 19.253
404.660 19.267
404.844 19.372
405.029 19.462
405.213 19.536
405.398 19.801
405.582 19.876
405.767 19.830
405.951 19.661
406.136 19.369
406.320 19.049
406.505 18.942
406.689 18.945
406.874 18.974
407.058 18.807
407.243 18.647
407.427 18.658
407.612 18.609
407.796 18.497
407.981 18.546
408.165 18.608
408.350 18.547
408.534 18.425
408.719 18.421
408.903 18.166
409.088 18.042
409.272 17.967
409.457 17.874
409.641 17.808
409.826 17.772
410.010 17.769
410.195 17.830
410.379 17.763
410.564 17.577
410.748 17.434
410.933 17.396
411.117 17.403
411.302 17.352
411.486 17.359
411.671 17.261
411.855 17.212
412.040 17.243
412.224 17.315
412.409 17.214
412.593 16.957
412.778 17.016
412.962 16.918
413.147 16.726
413.331 16.636
413.516 16.454
413.700 16.389
413.885 16.898
414.069 17.764
414.254 17.742
414.438 17.842
414.623 18.044
414.807 18.101
414.992 17.988
415.176 17.907
415.361 17.825
415.545 17.763
415.730 17.806
415.914 17.752
416.099 17.618
416.283 17.643
416.468 17.797
416.652 17.769
416.837 17.868
417.021 17.954
417.206 17.941
417.390 18.035
417.575 18.050
417.759 17.486
417.944 16.451
418.128 16.418
418.313 16.199
418.497 15.901
418.682 15.763
418.866 15.777
419.051 15.804
419.235 15.731
419.420 15.754
419.604 15.597
419.789 15.536
419.973 15.544
420.158 15.554
420.342 15.372
420.527 15.284
420.711 15.073
420.896 14.913
421.080 14.828
421.265 14.654
421.449 14.509
421.634 14.407
421.818 14.414
422.003 14.279
422.187 14.244
422.372 14.428
422.556 14.449
422.741 14.420
422.925 14.415
423.110 14.582
423.294 14.557
423.479 14.494
423.663 14.312
423.848 14.147
424.032 14.055
424.217 14.048
424.401 13.976
424.586 13.974
424.770 13.956
424.955 13.978
425.139 14.016
425.324 13.921
425.508 13.721
425.693 13.579
425.877 13.653
426.062 13.729
426.246 13.557
426.431 13.428
426.615 13.330
426.800 13.223
426.984 13.020
427.169 12.965
427.353 12.987
427.538 12.990
427.722 12.977
427.907 12.999
428.091 13.016
428.276 12.943
428.460 12.889
428.645 12.953
428.829 13.017
429.014 12.912
429.198 12.988
429.383 13.165
429.567 13.194
429.752 13.075
429.936 12.979
430.121 12.974
430.305 13.134
430.490 13.184
430.674 13.157
430.859 13.096
431.043 13.044
431.228 12.986
431.412 13.013
431.597 13.044
431.781 12.971
431.966 12.871
432.150 12.913
432.335 12.971
432.519 12.803
432.704 12.533
432.888 12.439
433.073 12.310
433.257 12.174
433.442 12.047
433.626 12.018
433.811 11.975
433.995 11.889
434.180 11.715
434.364 11.542
434.549 11.423
434.733 11.389
434.918 11.265
435.102 11.176
435.287 11.064
435.471 10.943
435.656 10.907
435.840 10.915
436.030 10.832
436.220 10.697
436.410 10.763
436.600 10.968
436.790 11.142
436.980 11.222
437.170 11.241
437.360 11.285
437.550 11.263
437.741 11.238
437.931 11.219
438.121 11.227
438.311 11.268
438.501 11.304
438.691 11.377
438.881 11.424
439.071 11.413
439.261 11.393
439.451 11.416
439.641 11.326
439.831 11.284
440.021 11.369
440.211 11.432
440.401 11.317
440.591 11.078
440.781 10.941
440.971 10.883
441.161 10.903
441.351 10.933
441.542 10.963
441.732 11.032
441.922 10.956
442.112 10.868
442.302 10.839
442.492 10.761
442.682 10.655
442.872 10.743
443.062 10.719
443.252 10.723
443.442 10.686
443.632 10.690
443.822 10.711
444.012 10.616
444.202 10.479
444.392 10.409
444.582 10.689
444.772 11.134
444.962 11.120
445.153 11.091
445.343 11.019
445.533 10.891
445.723 10.754
445.913 10.823
446.103 10.877
446.293 10.908
446.483 10.959
446.673 10.972
446.863 10.860
447.053 10.799
447.243 10.763
447.433 10.717
447.623 10.700
447.813 10.627
448.003 10.586
448.193 10.625
448.383 10.631
448.573 10.388
448.764 9.894
448.954 9.874
449.144 9.814
449.334 9.765
449.524 9.824
449.714 9.901
449.904 9.842
450.094 9.825
450.284 9.837
450.474 9.836
450.664 9.771
450.854 9.726
451.044 9.758
451.234 9.716
451.424 9.681
451.614 9.661
451.804 9.613
451.994 9.610
452.184 9.603
452.375 9.617
452.565 10.332
452.755 11.628
452.945 11.585
453.135 11.559
453.325 11.544
453.515 11.594
453.705 11.576
453.895 11.521
454.085 11.404
454.275 11.254
454.465 11.132
454.655 11.097
454.845 11.094
455.035 11.038
455.225 11.038
455.415 11.042
455.605 11.040
455.795 11.080
455.985 11.107
456.176 11.091
456.366 11.104
456.556 10.406
456.746 9.152
456.936 9.143
457.126 9.153
457.316 9.227
457.506 9.167
457.696 9.089
457.886 9.077
458.076 9.015
458.266 8.993
458.456 9.018
458.646 9.053
458.836 9.082
459.026 9.197
459.216 9.236
459.406 9.272
459.596 9.198
459.787 9.095
459.977 8.995
460.167 8.955
460.357 8.853
460.547 8.747
460.737 8.686
460.927 8.688
461.117 8.672
461.307 8.573
461.497 8.466
461.687 8.442
461.877 8.439
462.067 8.464
462.257 8.490
462.447 8.463
462.637 8.491
462.827 8.500
463.017 8.406
463.207 8.352
463.397 8.287
463.588 8.300
463.778 8.369
463.968 8.416
464.158 8.385
464.348 8.377
464.538 8.407
464.728 8.425
464.918 8.450
465.108 8.489
465.298 8.498
465.488 8.532
465.678 8.451
465.868 8.369
466.058 8.361
466.248 8.326
466.438 8.330
466.628 8.268
466.818 8.162
467.008 8.124
467.199 8.104
467.389 8.126
467.579 8.142
467.769 8.068
467.959 8.067
468.149 8.105
468.339 8.126
468.529 8.123
468.719 8.096
468.909 8.046
469.099 7.994
469.289 7.917
469.479 7.851
469.669 7.900
469.859 7.931
470.049 7.949
470.239 7.929
470.429 7.927
470.619 7.923
470.810 7.909
471.000 7.871
471.190 7.835
471.380 7.769
471.570 7.716
471.760 7.683
471.950 7.624
472.140 7.582
472.330 7.596
472.520 7.557
472.710 7.512
472.900 7.479
473.090 7.446
473.280 7.502
473.470 7.511
473.660 7.487
473.850 7.513
474.040 7.549
474.230 7.552
474.421 7.521
474.611 7.470
474.801 7.480
474.991 7.496
475.181 7.511
475.371 7.533
475.561 7.550
475.751 7.612
475.941 7.612
476.131 7.562
476.321 7.487
476.511 7.488
476.701 7.506
476.891 7.468
477.081 7.435
477.271 7.412
477.461 7.452
477.651 7.441
477.841 7.390
478.031 7.353
478.222 7.365
478.412 7.372
478.602 7.373
478.792 7.325
478.982 7.305
479.172 7.314
479.362 7.286
479.552 7.278
479.742 7.207
479.932 7.172
480.122 7.146
480.312 7.125
480.502 7.119
480.692 7.069
480.882 7.053
481.072 7.022
481.262 7.010
481.452 6.949
481.642 6.919
481.833 6.940
482.023 6.956
482.213 6.943
482.403 6.886
482.593 6.865
482.783 6.881
482.973 6.900
483.163 6.872
483.353 6.850
483.543 6.800
483.733 6.830
483.923 6.846
484.113 6.877
484.303 6.899
484.493 6.859
484.683 6.863
484.873 6.869
485.063 6.898
485.253 6.859
485.443 6.814
485.634 6.763
485.824 6.721
486.014 6.658
486.204 6.651
486.394 6.686
486.584 6.711
486.774 6.684
486.964 6.656
487.154 6.668
487.344 6.676
487.534 6.640
487.724 6.597
487.914 6.561
488.104 6.564
488.294 6.570
488.484 6.582
488.674 6.584
488.864 6.556
489.054 6.509
489.245 6.509
489.435 6.551
489.625 6.611
489.815 6.625
490.005 6.629
490.195 6.624
490.385 6.607
490.575 6.572
490.765 6.585
490.955 6.635
491.145 6.641
491.335 6.612
491.525 6.571
491.715 6.550
491.905 6.558
492.095 6.546
492.285 6.575
492.475 6.602
492.665 6.586
492.856 6.575
493.046 6.615
493.236 6.605
493.426 6.578
493.616 6.583
493.806 6.602
493.996 6.656
494.186 6.642
494.376 6.609
494.566 6.613
494.756 6.639
494.946 6.626
495.136 6.608
495.326 6.616
495.516 6.694
495.706 6.740
495.896 6.756
496.086 6.771
496.276 6.745
496.467 6.679
496.657 6.678
496.847 6.693
497.037 6.636
497.227 6.615
497.417 6.609
497.607 6.579
497.797 6.567
497.987 6.491
498.177 6.454
498.367 6.425
498.557 6.403
498.747 6.374
498.937 6.294
499.127 6.221
499.317 6.208
499.507 6.193
499.697 6.160
499.887 6.099
500.077 6.037
500.268 6.034
500.458 6.056
500.648 6.059
500.838 6.073
501.028 6.126
501.218 6.106
501.408 6.093
501.598 6.065
501.788 6.025
501.978 6.047
502.168 6.069
502.358 6.133
502.548 6.175
502.738 6.167
502.928 6.235
503.118 6.310
503.308 6.319
503.498 6.302
503.688 6.330
503.879 6.386
504.069 6.407
504.259 6.374
504.449 6.358
504.639 6.340
504.829 6.337
505.019 6.326
505.209 6.362
505.399 6.385
505.589 6.407
505.779 6.433
505.969 6.437
506.159 6.427
506.349 6.345
506.539 6.303
506.729 6.302
506.919 6.289
507.109 6.281
507.299 6.300
507.490 6.309
507.680 6.259
507.870 6.236
508.060 6.223
508.250 6.185
508.440 6.140
508.630 6.114
508.820 6.104
509.010 6.049
509.200 5.985
509.390 5.968
509.580 5.968
509.770 5.947
509.960 5.914
510.150 5.909
510.340 5.946
510.530 5.939
510.720 5.950
510.910 5.939
511.100 5.885
511.291 5.825
511.481 5.806
511.671 5.802
511.861 5.772
512.051 5.805
512.241 5.870
512.431 5.882
512.621 5.912
512.811 5.930
513.001 5.982
513.191 6.001
513.381 6.021
513.571 6.040
513.761 6.047
513.951 6.035
514.141 6.014
514.331 6.004
514.521 6.001
514.711 5.965
514.902 5.937
515.092 5.995
515.282 6.043
515.472 6.010
515.662 6.012
515.852 6.021
516.042 5.981
516.232 5.970
516.422 6.016
516.612 6.017
516.802 5.990
516.992 5.936
517.182 5.953
517.372 5.932
517.562 5.899
517.752 5.911
517.942 5.950
518.132 5.951
518.322 5.938
518.513 5.926
518.703 5.933
518.893 5.950
519.083 5.923
519.273 5.872
519.463 5.904
519.653 5.912
519.843 5.912
520.033 5.918
520.223 5.868
520.413 5.819
520.603 5.827
520.793 5.850
520.983 5.896
521.173 5.909
521.363 5.937
521.553 5.959
521.743 5.948
521.933 5.936
522.123 5.972
522.314 6.015
522.504 6.044
522.694 6.068
522.884 6.064
523.074 6.052
523.264 6.053
523.454 6.039
523.644 6.025
523.834 6.012
524.024 5.997
524.214 5.984
524.404 5.961
524.594 5.910
524.784 5.891
524.974 5.853
525.164 5.851
525.354 5.854
525.544 5.848
525.734 5.848
525.925 5.843
526.115 5.842
526.305 5.805
526.495 5.775
526.685 5.741
526.875 5.709
527.065 5.695
527.255 5.701
527.445 5.675
527.635 5.657
527.825 5.660
528.015 5.695
528.205 5.766
528.395 5.850
528.585 5.903
528.775 5.901
528.965 5.948
529.155 5.973
529.345 5.928
529.535 5.907
529.726 5.878
529.916 5.864
530.106 5.856
530.296 5.872
530.486 5.875
530.676 5.893
530.866 5.911
531.056 5.929
531.246 5.962
531.436 5.983
531.626 6.010
531.816 6.032
532.006 6.045
532.196 6.048
532.386 6.025
532.576 5.992
532.766 5.950
532.956 5.923
533.146 5.887
533.337 5.910
533.527 5.931
533.717 5.970
533.907 5.953
534.097 5.931
534.287 5.948
534.477 5.945
534.667 5.934
534.857 5.933
535.047 5.919
535.237 5.917
535.427 5.945
535.617 5.947
535.807 5.932
535.997 5.892
536.187 5.859
536.377 5.846
536.567 5.848
536.757 5.879
536.948 5.871
537.138 5.852
537.328 5.830
537.518 5.803
537.708 5.783
537.898 5.797
538.088 5.821
538.278 5.813
538.468 5.810
538.658 5.791
538.848 5.804
539.038 5.827
539.228 5.801
539.418 5.765
539.608 5.767
539.798 5.755
539.988 5.772
540.178 5.798
540.368 5.781
540.558 5.808
540.749 5.814
540.939 5.816
541.129 5.861
541.319 5.914
541.509 5.936
541.699 5.964
541.889 5.989
542.079 5.979
542.269 5.976
542.459 5.976
542.649 5.952
542.839 5.911
543.029 5.903
543.219 5.925
543.409 5.938
543.599 5.945
543.789 5.973
543.979 5.961
544.169 5.911
544.360 5.917
544.550 5.909
544.740 5.928
544.930 5.923
545.120 5.881
545.310 5.838
545.500 5.827
545.690 5.793
545.880 5.768
546.070 5.781
546.267 5.765
546.463 5.760
546.660 5.800
546.857 5.829
547.054 5.815
547.251 5.781
547.447 5.745
547.644 5.710
547.841 5.702
548.038 5.717
548.234 5.758
548.431 5.784
548.628 5.815
548.825 5.801
549.021 5.780
549.218 5.771
549.415 5.765
549.612 5.799
549.808 5.823
550.005 5.857
550.202 5.848
550.399 5.855
550.595 5.909
550.792 5.944
550.989 5.966
551.186 5.971
551.382 5.992
551.579 6.050
551.776 6.067
551.973 6.052
552.169 6.028
552.366 5.982
552.563 5.966
552.760 5.915
552.956 5.917
553.153 5.944
553.350 5.959
553.547 5.966
553.743 5.942
553.940 5.947
554.137 5.925
554.334 5.911
554.530 5.915
554.727 5.865
554.924 5.834
555.121 5.819
555.317 5.824
555.514 5.826
555.711 5.807
555.908 5.832
556.104 5.871
556.301 5.903
556.498 5.951
556.695 5.956
556.891 5.964
557.088 5.951
557.285 5.981
557.482 6.038
557.678 6.078
557.875 6.096
558.072 6.088
558.269 6.096
558.465 6.151
558.662 6.175
558.859 6.188
559.056 6.209
559.252 6.215
559.449 6.228
559.646 6.261
559.843 6.293
560.039 6.315
560.236 6.299
560.433 6.287
560.630 6.283
560.826 6.287
561.023 6.286
561.220 6.306
561.417 6.298
561.613 6.245
561.810 6.203
562.007 6.180
562.204 6.183
562.400 6.203
562.597 6.172
562.794 6.181
562.991 6.223
563.187 6.230
563.384 6.234
563.581 6.234
563.778 6.263
563.974 6.284
564.171 6.261
564.368 6.284
564.565 6.326
564.761 6.347
564.958 6.367
565.155 6.413
565.352 6.434
565.548 6.427
565.745 6.459
565.942 6.475
566.139 6.497
566.335 6.508
566.532 6.503
566.729 6.500
566.926 6.519
567.122 6.532
567.319 6.511
567.516 6.515
567.713 6.549
567.909 6.540
568.106 6.514
568.303 6.519
568.500 6.511
568.696 6.496
568.893 6.462
569.090 6.441
569.287 6.407
569.483 6.409
569.680 6.454
569.877 6.509
570.074 6.563
570.270 6.581
570.467 6.593
570.664 6.615
570.861 6.642
571.057 6.613
571.254 6.605
571.451 6.651
571.648 6.674
571.844 6.665
572.041 6.657
572.238 6.659
572.435 6.668
572.631 6.673
572.828 6.669
573.025 6.708
573.222 6.728
573.418 6.734
573.615 6.719
573.812 6.698
574.009 6.677
574.205 6.659
574.402 6.664
574.599 6.685
574.796 6.671
574.992 6.654
575.189 6.643
575.386 6.621
575.583 6.629
575.779 6.643
575.976 6.637
576.173 6.617
576.370 6.631
576.567 6.655
576.763 6.649
576.960 6.640
577.160 6.633
577.359 6.630
577.559 6.639
577.759 6.663
577.958 6.673
578.158 6.632
578.357 6.632
578.557 6.648
578.757 6.637
578.956 6.636
579.156 6.642
579.356 6.664
579.555 6.668
579.755 6.642
579.954 6.622
580.154 6.631
580.354 6.643
580.553 6.629
580.753 6.604
580.953 6.618
581.152 6.636
581.352 6.662
581.552 6.690
581.751 6.711
581.951 6.698
582.150 6.682
582.350 6.696
582.550 6.723
582.749 6.728
582.949 6.759
583.149 6.797
583.348 6.803
583.548 6.820
583.748 6.878
583.947 6.877
584.147 6.873
584.346 6.870
584.546 6.901
584.746 6.898
584.945 6.889
585.145 6.886
585.345 6.890
585.544 6.876
585.744 6.856
585.943 6.831
586.143 6.835
586.343 6.852
586.542 6.904
586.742 6.910
586.942 6.905
587.141 6.878
587.341 6.851
587.541 6.872
587.740 6.853
587.940 6.812
588.139 6.850
588.339 6.883
588.539 6.908
588.738 6.928
588.938 6.974
589.138 7.018
589.337 7.029
589.537 7.041
589.736 7.058
589.936 7.070
590.136 7.076
590.335 7.093
590.535 7.094
590.735 7.047
590.934 7.028
591.134 7.029
591.334 7.046
591.533 7.044
591.733 7.016
591.932 7.029
592.132 7.055
592.332 7.047
592.531 7.040
592.731 7.017
592.931 6.997
593.130 6.981
593.330 6.962
593.530 6.978
593.729 6.975
593.929 6.982
594.128 6.999
594.328 7.040
594.528 7.064
594.727 7.101
594.927 7.162
595.127 7.218
595.326 7.226
595.526 7.224
595.725 7.242
595.925 7.287
596.125 7.286
596.324 7.266
596.524 7.283
596.724 7.312
596.923 7.343
597.123 7.351
597.323 7.386
597.522 7.403
597.722 7.413
597.921 7.442
598.121 7.451
598.321 7.452
598.520 7.450
598.720 7.451
598.920 7.421
599.119 7.403
599.319 7.397
599.519 7.424
599.718 7.438
599.918 7.445
600.117 7.435
600.317 7.464
600.517 7.492
600.716 7.492
600.916 7.481
601.116 7.470
601.315 7.478
601.515 7.477
601.714 7.482
601.914 7.474
602.114 7.448
602.313 7.429
602.513 7.440
602.713 7.451
602.912 7.451
603.112 7.470
603.312 7.450
603.511 7.439
603.711 7.456
603.910 7.456
604.110 7.461
604.310 7.475
604.509 7.503
604.709 7.537
604.909 7.548
605.108 7.582
605.308 7.595
605.507 7.620
605.707 7.630
605.907 7.637
606.106 7.644
606.306 7.653
606.506 7.657
606.705 7.674
606.905 7.694
607.105 7.697
607.304 7.697
607.504 7.736
607.703 7.748
607.903 7.731
608.103 7.724
608.302 7.745
608.502 7.771
608.702 7.759
608.901 7.736
609.101 7.738
609.301 7.713
609.500 7.733
609.700 7.721
609.899 7.718
610.099 7.746
610.299 7.778
610.498 7.804
610.698 7.830
610.898 7.833
611.097 7.831
611.297 7.869
611.496 7.913
611.696 7.935
611.896 7.939
612.095 7.945
612.295 7.968
612.495 7.972
612.694 7.981
612.894 8.004
613.094 8.021
613.293 8.035
613.493 8.054
613.692 8.052
613.892 8.045
614.092 8.072
614.291 8.073
614.491 8.072
614.691 8.083
614.890 8.101
615.090 8.126
615.289 8.135
615.489 8.104
615.689 8.084
615.888 8.070
616.088 8.086
616.288 8.124
616.487 8.152
616.687 8.151
616.887 8.140
617.086 8.117
617.286 8.112
617.485 8.122
617.685 8.116
617.885 8.139
618.084 8.174
618.284 8.153
618.484 8.165
618.683 8.221
618.883 8.245
619.082 8.248
619.282 8.254
619.482 8.258
619.681 8.294
619.881 8.323
620.081 8.322
620.280 8.279
620.480 8.243
620.680 8.239
620.879 8.271
621.079 8.300
621.278 8.331
621.478 8.343
621.678 8.319
621.877 8.329
622.077 8.325
622.277 8.349
622.476 8.385
622.676 8.376
622.876 8.333
623.075 8.342
623.275 8.365
623.474 8.369
623.674 8.391
623.874 8.424
624.073 8.432
624.273 8.452
624.473 8.480
624.672 8.495
624.872 8.513
625.071 8.502
625.271 8.492
625.471 8.498
625.670 8.521
625.870 8.594
626.070 8.614
626.269 8.603
626.469 8.580
626.669 8.540
626.868 8.532
627.068 8.528
627.267 8.520
627.467 8.513
627.667 8.497
627.866 8.485
628.066 8.460
628.266 8.446
628.465 8.456
628.665 8.488
628.865 8.502
629.064 8.493
629.264 8.497
629.463 8.521
629.663 8.536
629.863 8.539
630.062 8.502
630.262 8.478
630.462 8.491
630.661 8.489
630.861 8.675
631.060 8.983
631.260 9.033
631.460 9.057
631.659 9.069
631.859 9.088
632.059 9.101
632.258 9.118
632.458 9.137
632.658 9.126
632.857 9.114
633.057 9.116
633.256 9.111
633.456 9.127
633.656 9.125
633.855 9.111
634.055 9.100
634.255 9.128
634.454 9.161
634.654 9.178
634.853 9.210
635.053 9.079
635.253 8.825
635.452 8.837
635.652 8.829
635.852 8.814
636.051 8.819
636.251 8.837
636.451 8.871
636.650 8.889
636.850 8.943
637.049 8.964
637.249 8.976
637.449 8.997
637.648 8.989
637.848 8.962
638.048 8.976
638.247 9.008
638.447 9.003
638.647 9.015
638.846 9.041
639.046 9.014
639.245 8.998
639.445 8.995
639.645 8.969
639.844 8.961
640.044 8.965
640.244 8.991
640.443 9.031
640.643 9.021
640.842 9.011
641.042 9.008
641.242 9.063
641.441 9.095
641.641 9.104
641.841 9.082
642.040 9.095
642.240 9.111
642.440 9.115
642.639 9.143
642.839 9.172
643.038 9.176
643.238 9.222
643.438 9.265
643.637 9.301
643.837 9.315
644.037 9.344
644.236 9.404
644.436 9.433
644.635 9.397
644.835 9.383
645.035 9.393
645.234 9.389
645.434 9.356
645.634 9.325
645.833 9.343
646.033 9.419
646.233 9.460
646.432 9.484
646.632 9.511
646.831 9.505
647.031 9.503
647.231 9.523
647.430 9.520
647.630 9.509
647.830 9.486
648.029 9.493
648.229 9.460
648.429 9.402
648.628 9.365
648.828 9.397
649.027 9.398
649.227 9.388
649.427 9.378
649.626 9.404
649.826 9.453
650.026 9.448
650.225 9.428
650.425 9.430
650.624 9.428
650.824 9.422
651.024 9.418
651.223 9.404
651.423 9.393
651.623 9.436
651.822 9.475
652.022 9.498
652.222 9.507
652.421 9.540
652.621 9.596
652.820 9.634
653.020 9.631
653.220 9.634
653.419 9.666
653.619 9.681
653.819 9.664
654.018 9.661
654.218 9.680
654.418 9.718
654.617 9.738
654.817 9.739
655.016 9.748
655.216 9.787
655.416 9.827
655.615 9.835
655.815 9.805
656.015 9.799
656.214 9.858
656.414 9.904
656.613 9.917
656.813 9.943
657.013 9.977
657.212 9.976
657.412 10.010
657.612 10.036
657.811 10.061
658.011 10.076
658.211 10.095
658.410 10.126
658.610 10.116
658.809 10.128
659.009 10.136
659.209 10.155
659.408 10.153
659.608 10.166
659.808 10.188
660.007 10.213
660.207 10.243
660.406 10.219
660.606 10.179
660.806 10.195
661.005 10.219
661.205 10.188
661.405 10.203
661.604 10.234
661.804 10.249
662.004 10.253
662.203 10.264
662.403 10.258
662.602 10.254
662.802 10.285
663.002 10.311
663.201 10.345
663.401 10.350
663.601 10.367
663.800 10.380
664.000 10.403
664.199 10.448
664.399 10.457
664.599 10.436
664.798 10.454
664.998 10.494
665.198 10.469
665.397 10.490
665.597 10.542
665.797 10.559
665.996 10.564
666.196 10.565
666.395 10.561
666.595 10.568
666.795 10.590
666.994 10.609
667.194 10.603
667.394 10.588
667.593 10.601
667.793 10.633
667.993 10.668
668.192 10.678
668.392 10.657
668.591 10.624
668.791 10.643
668.991 10.712
669.190 10.703
669.390 10.715
669.590 10.739
669.789 10.725
669.989 10.718
670.188 10.699
670.388 10.705
670.588 10.742
670.787 10.771
670.987 10.778
671.187 10.775
671.386 10.825
671.586 10.862
671.786 10.881
671.985 10.856
672.185 10.803
672.384 10.796
672.584 10.808
672.784 10.844
672.983 10.857
673.183 10.819
673.383 10.829
673.582 10.829
673.782 10.846
673.981 10.875
674.181 10.853
674.381 10.856
674.580 10.862
674.780 10.844
674.980 10.835
675.179 10.844
675.379 10.865
675.579 10.823
675.778 10.804
675.978 10.799
676.177 10.825
676.377 10.856
676.577 10.895
676.776 10.909
676.976 10.897
677.176 10.926
677.375 10.974
677.575 11.010
677.775 11.059
677.974 11.050
678.174 11.065
678.373 11.113
678.573 11.151
678.773 11.186
678.972 11.241
679.172 11.275
679.372 11.305
679.571 11.322
679.771 11.367
679.970 11.398
680.170 11.398
680.370 11.384
680.569 11.395
680.769 11.403
680.969 11.417
681.168 11.467
681.368 11.497
681.568 11.503
681.767 11.489
681.967 11.476
682.166 11.508
682.366 11.515
682.566 11.536
682.765 11.571
682.965 11.606
683.165 11.632
683.364 11.669
683.564 11.682
683.764 11.672
683.963 11.650
684.163 11.630
684.362 11.667
684.562 11.729
684.762 11.761
684.961 11.794
685.161 11.838
685.361 11.843
685.560 11.820
685.760 11.808
685.959 11.820
686.159 11.839
686.359 11.831
686.558 11.820
686.758 11.817
686.958 11.830
687.157 11.845
687.357 11.859
687.557 11.895
687.756 11.909
687.956 11.952
688.155 12.000
688.355 12.068
688.555 12.093
688.754 12.111
688.954 12.180
689.154 12.190
689.353 12.212
689.553 12.255
689.752 12.284
689.952 12.322
690.152 12.356
690.351 12.386
690.551 12.407
690.751 12.420
690.950 12.432
691.150 12.460
691.350 12.491
691.549 12.528
691.749 12.514
691.948 12.549
692.148 12.598
692.348 12.607
692.547 12.608
692.747 12.645
692.947 12.679
693.146 12.668
693.346 12.664
693.546 12.665
693.745 12.670
693.945 12.713
694.144 12.740
694.344 12.785
694.544 12.846
694.743 12.892
694.943 12.936
695.143 12.999
695.342 13.027
695.542 13.028
695.741 13.004
695.941 13.019
696.141 13.052
696.340 13.083
696.540 13.106
696.745 13.157
696.951 13.182
697.156 13.201
697.362 13.193
697.567 13.222
697.772 13.270
697.978 13.269
698.183 13.269
698.389 13.304
698.594 13.318
698.799 13.299
699.005 13.349
699.210 13.406
699.416 13.404
699.621 13.388
699.826 13.400
700.032 13.454
700.237 13.482
700.443 13.464
700.648 13.482
700.853 13.560
701.059 13.605
701.264 13.592
701.470 13.583
701.675 13.660
701.880 13.750
702.086 13.779
702.291 13.802
702.497 13.822
702.702 13.839
702.907 13.859
703.113 13.888
703.318 13.874
703.524 13.847
703.729 13.867
703.934 13.897
704.140 13.908
704.345 13.914
704.551 13.919
704.756 13.937
704.961 13.934
705.167 13.921
705.372 13.898
705.578 13.960
705.783 14.001
705.988 13.989
706.194 13.936
706.399 13.941
706.605 14.002
706.810 14.070
707.015 14.114
707.221 14.109
707.426 14.114
707.632 14.118
707.837 14.136
708.042 14.160
708.248 14.195
708.453 14.241
708.659 14.235
708.864 14.257
709.069 14.303
709.275 14.320
709.480 14.323
709.686 14.340
709.891 14.352
710.096 14.391
710.302 14.421
710.507 14.455
710.713 14.443
710.918 14.433
711.123 14.433
711.329 14.406
711.534 14.454
711.740 14.523
711.945 14.597
712.150 14.662
712.356 14.724
712.561 14.761
712.766 14.784
712.972 14.819
713.177 14.859
713.383 14.860
713.588 14.850
713.793 14.879
713.999 14.909
714.204 14.911
714.410 14.908
714.615 14.939
714.820 14.986
715.026 15.017
715.231 15.059
715.437 15.097
715.642 15.162
715.847 15.213
716.053 15.217
716.258 15.220
716.464 15.228
716.669 15.250
716.874 15.280
717.080 15.346
717.285 15.503
717.491 15.553
717.696 15.595
717.901 15.616
718.107 15.628
718.312 15.663
718.518 15.704
718.723 15.725
718.928 15.767
719.134 15.761
719.339 15.768
719.545 15.762
719.750 15.753
719.955 15.744
720.161 15.707
720.366 15.679
720.572 15.687
720.777 15.699
720.982 15.656
721.188 15.633
721.393 15.603
721.599 15.522
721.804 15.544
722.009 15.582
722.215 15.648
722.420 15.693
722.626 15.739
722.831 15.771
723.036 15.767
723.242 15.735
723.447 15.779
723.653 15.840
723.858 15.868
724.063 15.931
724.269 16.010
724.474 16.085
724.680 16.182
724.885 16.232
725.090 16.211
725.296 16.208
725.501 16.226
725.707 16.246
725.912 16.243
726.117 16.224
726.323 16.240
726.528 16.244
726.734 16.256
726.939 16.281
727.144 16.306
727.350 16.361
727.555 16.415
727.761 16.479
727.966 16.497
728.171 16.566
728.377 16.609
728.582 16.551
728.788 16.521
728.993 16.491
729.198 16.469
729.404 16.542
729.609 16.651
729.815 16.690
730.020 16.691
730.225 16.731
730.431 16.758
730.636 16.750
730.842 16.757
731.047 16.729
731.252 16.691
731.458 16.702
731.663 16.776
731.869 16.800
732.074 16.761
732.279 16.751
732.485 16.750
732.690 16.717
732.896 16.763
733.101 16.807
733.306 16.861
733.512 16.898
733.717 16.914
733.923 16.867
734.128 16.892
734.333 16.942
734.539 16.949
734.744 16.938
734.950 16.919
735.155 16.933
735.360 17.051
735.566 17.112
735.771 17.133
735.977 17.094
736.182 17.104
736.387 17.165
736.593 17.253
736.798 17.351
737.004 17.386
737.209 17.412
737.414 17.437
737.620 17.457
737.825 17.475
738.031 17.507
738.236 17.547
738.441 17.521
738.647 17.526
738.852 17.543
739.058 17.611
739.263 17.700
739.468 17.756
739.674 17.744
739.879 17.755
740.085 17.790
740.290 17.797
740.495 17.776
740.701 17.752
740.906 17.726
741.112 17.686
741.317 17.692
741.522 17.699
741.728 17.705
741.933 17.747
742.139 17.806
742.344 17.854
742.549 17.876
742.755 17.926
742.960 17.943
743.166 17.923
743.371 17.892
743.576 17.919
743.782 17.928
743.987 17.972
744.193 18.002
744.398 17.966
744.603 17.982
744.809 18.027
745.014 18.040
745.220 18.044
745.425 17.986
745.630 17.986
745.836 18.003
746.041 18.013
746.246 18.026
746.452 18.038
746.657 18.024
746.863 18.071
747.068 18.164
747.274 18.255
747.479 18.374
747.684 18.460
747.890 18.479
748.095 18.475
748.300 18.468
748.506 18.481
748.711 18.534
748.917 18.548
749.122 18.552
749.327 18.566
749.533 18.563
749.738 18.603
749.944 18.636
750.149 18.639
750.354 18.653
750.560 18.661
750.765 18.658
750.971 18.694
751.176 18.711
751.381 18.726
751.587 18.701
751.792 18.682
751.998 18.645
752.203 18.609
752.408 18.676
752.614 18.686
752.819 18.709
753.025 18.763
753.230 18.822
753.435 18.871
753.641 18.926
753.846 19.029
754.052 19.103
754.257 19.078
754.462 19.088
754.668 19.127
754.873 19.141
755.079 19.156
755.284 19.162
755.489 19.193
755.695 19.134
755.900 19.168
756.106 19.200
756.311 19.264
756.516 19.261
756.722 19.229
756.927 19.246
757.133 19.271
757.338 19.245
757.543 19.256
757.749 19.244
757.954 19.204
758.160 19.131
758.365 19.103
758.570 19.174
758.776 19.212
758.981 19.226
759.187 19.239
759.392 19.302
759.597 19.334
759.803 19.287
760.008 19.315
760.214 19.326
760.419 19.296
760.624 19.280
760.830 19.407
761.035 19.444
761.241 19.410
761.446 19.382
761.651 19.383
761.857 19.420
762.062 19.451
762.268 19.484
762.473 19.509
762.678 19.537
762.884 19.586
763.089 19.622
763.295 19.683
763.500 19.810
763.709 19.841
763.918 19.847
764.126 19.894
764.335 19.954
764.544 20.015
764.753 20.038
764.962 20.107
765.171 20.125
765.379 20.109
765.588 20.180
765.797 20.245
766.006 20.307
766.215 20.326
766.424 20.370
766.632 20.421
766.841 20.483
767.050 20.504
767.259 20.506
767.468 20.593
767.677 20.592
767.885 20.478
768.094 20.450
768.303 20.495
768.512 20.533
768.721 20.571
768.929 20.539
769.138 20.617
769.347 20.662
769.556 20.659
769.765 20.731
769.974 20.754
770.182 20.740
770.391 20.729
770.600 20.731
770.809 20.751
771.018 20.817
771.227 20.834
771.435 20.856
771.644 20.852
771.853 20.853
772.062 20.922
772.271 20.991
772.480 20.994
772.688 20.978
772.897 20.991
773.106 20.981
773.315 21.056
773.524 21.094
773.732 21.165
773.941 21.194
774.150 21.170
774.359 21.157
774.568 21.175
774.777 21.188
774.985 21.206
775.194 21.207
775.403 21.209
775.612 21.248
775.821 21.342
776.030 21.457
776.238 21.439
776.447 21.426
776.656 21.512
776.865 21.621
777.074 21.682
777.283 21.759
777.491 21.809
777.700 21.727
777.909 21.655
778.118 21.525
778.327 21.525
778.535 21.637
778.744 21.696
778.953 21.737
779.162 21.768
779.371 21.813
779.580 21.884
779.788 21.972
779.997 22.000
780.206 21.920
780.415 21.842
780.624 21.869
780.833 21.874
781.041 21.799
781.250 21.727
781.459 21.729
781.668 21.771
781.877 21.795
782.086 21.896
782.294 21.942
782.503 22.041
782.712 22.099
782.921 22.109
783.130 22.120
783.338 22.182
783.547 22.253
783.756 22.256
783.965 22.251
784.174 22.233
784.383 22.322
784.591 22.422
784.800 22.492
785.009 22.506
785.218 22.542
785.427 22.645
785.636 22.723
785.844 22.755
786.053 22.739
786.262 22.771
786.471 22.794
786.680 22.884
786.889 22.912
787.097 22.899
787.306 22.916
787.515 22.918
787.724 22.883
787.933 22.862
788.141 22.913
788.350 22.906
788.559 22.882
788.768 22.859
788.977 22.852
789.186 22.856
789.394 22.916
789.603 22.908
789.812 22.820
790.021 22.838
790.230 22.909
790.439 23.047
790.647 23.015
790.856 22.991
791.065 22.959
791.274 23.021
791.483 23.094
791.692 23.125
791.900 23.210
792.109 23.248
792.318 23.309
792.527 23.351
792.736 23.468
792.944 23.540
793.153 23.574
793.362 23.613
793.571 23.594
793.780 23.622
793.989 23.709
794.197 23.784
794.406 23.793
794.615 23.754
794.824 23.603
795.033 23.613
795.242 23.691
795.450 23.729
795.659 23.677
795.868 23.615
796.077 23.610
796.286 23.679
796.495 23.750
796.703 23.784
796.912 23.834
797.121 23.862
797.330 23.861
797.539 23.864
797.747 23.980
797.956 24.089
798.165 24.061
798.374 24.049
798.583 24.113
798.792 24.118
799.000 24.182
799.209 24.298
799.418 24.436
799.627 24.543
799.836 24.584
800.045 24.729
800.253 24.910
800.462 25.020
800.671 24.943
800.880 24.939
801.089 24.951
801.298 24.916
801.506 24.881
801.715 24.991
801.924 25.129
802.133 25.127
802.342 25.136
802.550 25.184
802.759 25.286
802.968 25.336
803.177 25.386
803.386 25.361
803.595 25.336
803.803 25.335
804.012 25.283
804.221 25.335
804.430 25.328
804.639 25.354
804.848 25.316
805.056 25.397
805.265 25.442
805.474 25.531
805.683 25.555
805.892 25.621
806.101 25.691
806.309 25.640
806.518 25.551
806.727 25.556
806.936 25.630
807.145 25.553
807.353 25.520
807.562 25.527
807.771 25.603
807.980 25.654
808.189 25.598
808.398 25.593
808.606 25.712
808.815 25.824
809.024 25.815
809.233 25.894
809.442 25.924
809.651 25.845
809.859 25.767
810.068 25.811
810.277 25.857
810.486 25.759
810.695 25.771
810.904 25.916
811.112 25.957
811.321 26.028
811.530 26.165
811.741 26.259
811.953 26.369
812.164 26.417
812.375 26.417
812.586 26.455
812.798 26.505
813.009 26.511
813.220 26.529
813.431 26.543
813.643 26.574
813.854 26.681
814.065 26.819
814.276 26.917
814.488 26.989
814.699 26.983
814.910 27.075
815.121 27.062
815.333 26.940
815.544 26.920
815.755 26.804
815.966 26.750
816.178 26.817
816.389 26.820
816.600 26.782
816.811 26.865
817.023 26.962
817.234 27.020
817.445 26.975
817.656 26.959
817.868 27.126
818.079 27.174
818.290 27.164
818.502 27.176
818.713 27.205
818.924 27.185
819.135 27.215
819.347 27.212
819.558 27.252
819.769 27.487
819.980 27.592
820.192 27.699
820.403 27.767
820.614 27.749
820.825 27.814
821.037 27.898
821.248 28.015
821.459 28.066
821.670 28.089
821.882 28.072
822.093 28.021
822.304 27.911
822.515 27.895
822.727 27.932
822.938 27.999
823.149 28.056
823.360 28.150
823.572 28.294
823.783 28.388
823.994 28.502
824.205 28.382
824.417 28.383
824.628 28.476
824.839 28.470
825.051 28.485
825.262 28.496
825.473 28.555
825.684 28.530
825.896 28.473
826.107 28.435
826.318 28.516
826.529 28.644
826.741 28.657
826.952 28.647
827.163 28.680
827.374 28.744
827.586 28.760
827.797 28.823
828.008 28.842
828.219 28.866
828.431 28.930
828.642 29.134
828.853 29.285
829.064 29.295
829.276 29.389
829.487 29.356
829.698 29.294
829.909 29.323
830.121 29.379
830.332 29.502
830.543 29.553
830.754 29.622
830.966 29.639
831.177 29.683
831.388 29.754
831.600 29.718
831.811 29.735
832.022 29.959
832.233 30.104
832.445 29.957
832.656 29.909
832.867 29.901
833.078 29.834
833.290 29.736
833.501 29.848
833.712 29.957
833.923 30.023
834.135 30.063
834.346 30.060
834.557 29.965
834.768 30.027
834.980 30.282
835.191 30.330
835.402 30.380
835.613 30.443
835.825 30.599
836.036 30.678
836.247 30.762
836.458 30.789
836.670 30.702
836.881 30.851
837.092 30.914
837.303 30.917
837.515 31.029
837.726 31.088
837.937 31.010
838.148 31.002
838.360 31.105
838.571 31.221
838.782 31.245
838.994 31.325
839.205 31.230
839.416 31.038
839.627 31.060
839.839 31.052
840.050 31.035
840.261 30.930
840.472 31.025
840.684 31.011
840.895 30.893
841.106 30.812
841.317 30.756
841.529 30.814
841.740 30.844
841.951 30.779
842.162 30.896
842.374 31.056
842.585 31.060
842.796 31.022
843.007 31.101
843.219 31.258
843.430 31.323
843.641 31.347
843.852 31.349
844.064 31.352
844.275 31.412
844.486 31.576
844.697 31.698
844.909 31.679
845.120 31.747
845.331 31.785
845.543 31.923
845.754 32.023
845.965 32.005
846.176 32.020
846.388 32.128
846.599 32.107
846.810 32.152
847.021 32.161
847.233 32.352
847.444 32.427
847.655 32.542
847.866 32.581
848.078 32.751
848.289 32.998
848.500 33.051
848.711 33.141
848.923 33.184
849.134 33.124
849.345 33.106
849.556 33.065
849.768 33.074
849.979 33.066
850.190 33.119
850.401 33.239
850.613 33.469
850.824 33.525
851.035 33.582
851.246 33.517
851.458 33.637
851.669 33.608
851.880 33.391
852.092 33.287
852.303 33.456
852.514 33.686
852.725 33.843
852.937 33.858
853.148 33.818
853.359 33.772
853.570 33.902
853.782 34.055
853.993 34.120
854.204 34.136
854.415 34.121
854.627 34.135
854.838 34.194
855.049 34.234
855.260 34.348
855.472 34.301
855.683 34.368
855.894 34.566
856.105 34.754
856.317 34.932
856.528 34.936
856.739 34.723
856.950 34.550
857.162 34.317
857.373 34.331
857.584 34.318
857.795 34.352
858.007 34.376
858.218 34.205
858.429 34.455
858.640 34.901
858.852 34.748
859.063 34.749
859.274 34.869
859.486 34.652
859.697 34.394
859.908 34.664
860.119 34.822
860.331 34.704
860.542 34.705
860.753 34.946
860.964 35.106
861.176 35.308
861.387 35.347
861.598 35.534
861.809 35.717
862.021 35.689
862.232 35.617
862.443 35.577
862.654 35.809
862.866 35.708
863.077 35.490
863.288 35.886
863.499 36.196
863.711 36.276
863.922 36.517
864.133 36.810
864.344 36.589
864.556 36.355
864.767 36.172
864.978 35.851
865.189 35.762
865.401 35.824
865.612 35.806
865.823 35.755
866.035 35.628
866.246 35.577
866.457 35.883
866.668 36.144
866.880 36.264
867.091 36.302
867.302 36.227
867.513 36.221
867.725 36.344
867.936 36.434
868.147 36.384
868.358 36.367
868.570 36.319
868.781 36.552
868.992 36.866
869.203 37.145
869.415 37.441
869.626 37.648
869.837 37.611
870.048 37.761
870.260 37.880
870.471 38.043
870.682 37.952
870.893 37.738
871.105 37.794
871.316 37.908
871.527 37.827
871.738 38.083
871.950 38.272
872.161 38.155
872.372 37.989
872.584 37.826
872.795 37.804
873.006 37.754
873.217 37.764
873.429 37.748
873.640 37.701
873.851 37.568
874.062 37.359
874.274 37.264
874.485 37.242
874.696 37.353
874.907 37.263
875.119 37.396
875.330 37.392
875.541 37.165
875.752 36.980
875.964 37.059
876.175 36.944
876.386 36.806
876.597 36.883
876.809 36.975
877.020 37.222
877.231 37.279
877.442 37.422
877.654 37.485
877.865 37.447
878.076 37.429
878.287 37.368
878.499 37.315
878.710 37.478
878.921 37.456
879.133 37.292
879.344 37.530
879.555 37.817
879.766 38.108
879.978 38.187
880.189 38.350
880.400 38.543
880.611 38.639
880.823 38.791
881.034 38.889
881.245 38.882
881.456 38.718
881.668 38.560
881.879 38.594
882.090 38.776
882.301 38.825
882.513 38.725
882.724 38.907
882.935 38.953
883.146 38.865
883.358 39.071
883.569 39.148
883.780 39.032
883.991 38.939
884.203 38.847
884.414 38.977
884.625 38.982
884.836 38.755
885.048 38.823
885.259 38.956
885.470 38.955
885.682 38.991
885.893 39.153
886.104 39.401
886.315 39.359
886.527 39.170
886.738 39.188
886.949 39.361
887.160 39.505
887.372 39.535
887.583 39.633
887.794 39.476
888.005 39.599
888.217 39.555
888.428 39.430
888.639 39.537
888.850 39.623
889.062 39.624
889.273 39.742
889.484 39.566
889.695 39.222
889.907 39.173
890.118 39.086
890.329 39.146
890.540 39.258
890.752 39.386
890.963 39.444
891.174 39.580
891.385 39.907
891.597 39.947
891.808 40.085
892.019 40.124
892.231 40.233
892.442 40.305
892.653 40.541
892.864 40.513
893.076 40.885
893.287 41.575
893.498 41.564
893.709 41.708
893.921 41.803
894.132 42.061
894.343 42.138
894.554 42.161
894.766 42.305
894.977 42.405
895.188 42.431
895.399 42.389
895.611 42.174
895.822 42.044
896.033 42.067
896.244 41.982
896.456 42.183
896.667 42.314
896.878 42.421
897.089 42.448
897.301 42.485
897.512 42.105
897.723 41.492
897.934 41.657
898.146 41.829
898.357 41.908
898.568 41.841
898.779 41.905
898.991 42.058
899.202 41.950
899.413 41.797
899.625 41.783
899.836 42.052
900.047 42.544
900.258 42.470
900.470 42.451
900.681 42.706
900.892 42.826
901.103 42.911
901.315 42.853
901.526 42.814
901.737 43.042
901.948 43.118
902.160 42.914
902.371 42.800
902.582 42.504
902.793 42.507
903.005 42.618
903.216 42.793
903.427 42.944
903.638 42.894
903.850 43.027
904.061 43.226
904.272 43.218
904.483 42.765
904.695 42.754
904.906 42.868
905.117 42.759
905.328 42.348
905.540 42.183
905.751 41.941
905.962 41.950
906.174 42.078
906.385 41.796
906.596 41.887
906.807 42.259
907.019 42.641
907.230 42.906
907.441 43.160
907.652 43.280
907.864 43.339
908.075 43.291
908.286 42.890
908.497 42.583
908.709 42.359
908.920 42.624
909.131 42.742
909.342 42.853
909.554 43.179
909.765 43.661
909.976 43.685
910.187 43.964
910.399 44.128
910.610 44.191
910.821 44.584
911.032 44.822
911.244 44.563
911.455 44.224
911.666 44.152
911.877 44.261
912.089 44.173
912.300 44.119
912.515 44.305
912.730 44.701
912.944 44.949
913.159 45.498
913.374 45.809
913.589 45.912
913.803 45.985
914.018 45.875
914.233 45.361
914.448 45.538
914.663 45.804
914.877 46.109
915.092 46.137
915.307 46.146
915.522 46.250
915.736 46.635
915.951 46.854
916.166 46.902
916.381 46.556
916.596 46.549
916.810 47.115
917.025 47.394
917.240 47.472
917.455 47.413
917.669 46.666
917.884 45.957
918.099 45.836
918.314 45.958
918.529 46.417
918.743 47.325
918.958 47.665
919.173 47.563
919.388 47.361
919.602 47.436
919.817 47.745
920.032 48.048
920.247 48.337
920.462 49.039
920.676 49.444
920.891 49.586
921.106 49.460
921.321 48.969
921.535 48.905
921.750 49.046
921.965 49.484
922.180 50.062
922.395 50.437
922.609 50.867
922.824 50.960
923.039 50.759
923.254 50.040
923.469 49.723
923.683 49.731
923.898 49.245
924.113 48.922
924.328 49.016
924.542 49.065
924.757 48.481
924.972 48.034
925.187 47.583
925.402 47.655
925.616 47.902
925.831 48.272
926.046 48.217
926.261 48.513
926.475 48.503
926.690 48.834
926.905 49.800
927.120 50.068
927.335 49.896
927.549 50.112
927.764 50.733
927.979 50.783
928.194 50.933
928.408 51.423
928.623 51.651
928.838 51.881
929.053 52.501
929.268 53.028
929.482 52.598
929.697 52.616
929.912 52.830
930.127 52.780
930.341 53.198
930.556 53.980
930.771 53.930
930.986 54.033
931.201 53.651
931.415 53.013
931.630 53.245
931.845 53.968
932.060 54.094
932.274 54.521
932.489 54.791
932.704 55.102
932.919 55.480
933.134 55.590
933.348 55.597
933.563 54.842
933.778 54.699
933.993 55.784
934.207 56.257
934.422 56.050
934.637 56.243
934.852 55.633
935.067 55.192
935.281 55.345
935.496 56.003
935.711 56.838
935.926 57.052
936.140 57.103
936.355 57.233
936.570 57.255
936.785 56.709
937.000 56.531
937.214 57.066
937.429 57.622
937.644 58.097
937.859 58.120
938.073 58.227
938.288 58.327
938.503 58.342
938.718 58.866
938.933 60.507
939.147 62.190
939.362 63.211
939.577 63.796
939.792 63.606
940.007 62.982
940.221 62.601
940.436 62.745
940.651 62.474
940.866 62.598
941.080 62.607
941.295 63.215
941.510 63.564
941.725 63.185
941.940 63.596
942.154 63.843
942.369 64.315
942.584 64.862
942.799 65.400
943.013 65.643
943.228 65.534
943.443 64.817
943.658 63.294
943.873 63.025
944.087 63.034
944.302 63.179
944.517 63.174
944.732 63.046
944.946 62.212
945.161 62.508
945.376 62.097
945.591 62.601
945.806 62.892
946.020 63.670
946.235 64.859
946.450 64.418
946.665 63.928
946.879 63.594
947.094 63.582
947.309 63.378
947.524 63.873
947.739 63.949
947.953 63.281
948.168 63.563
948.383 63.143
948.598 62.832
948.812 63.705
949.027 63.064
949.242 62.322
949.457 63.868
949.672 64.583
949.886 64.449
950.101 64.268
950.316 64.405
950.531 64.234
950.745 63.615
950.960 64.320
951.175 65.320
951.390 66.124
951.605 66.515
951.819 67.466
952.034 68.195
952.249 69.165
952.464 69.015
952.678 68.991
952.893 69.379
953.108 68.701
953.323 67.492
953.538 68.505
953.752 68.995
953.967 67.755
954.182 66.684
954.397 67.818
954.611 68.423
954.826 67.756
955.041 67.798
955.256 67.692
955.471 66.444
955.685 65.728
955.900 65.237
956.115 67.946
956.330 72.741
956.544 71.317
956.759 69.719
956.974 70.598
957.189 71.133
957.404 71.106
957.618 71.831
957.833 72.434
958.048 72.226
958.263 73.012
958.478 74.055
958.692 74.566
958.907 74.179
959.122 73.534
959.337 73.530
959.551 73.179
959.766 72.786
959.981 73.663
960.196 73.910
960.411 73.410
960.625 69.703
960.840 63.478
961.055 62.699
961.270 63.006
961.484 62.294
961.699 61.961
961.914 62.151
962.129 62.919
962.344 64.660
962.558 66.235
962.773 66.484
962.988 67.640
963.203 69.371
963.417 69.842
963.632 70.391
963.847 71.106
964.062 71.586
964.277 71.723
964.491 70.670
964.706 70.898
964.921 71.404
965.136 71.778
965.350 72.619
965.565 73.304
965.780 73.394
965.987 73.793
966.194 74.945
966.402 75.204
966.609 74.434
966.816 73.080
967.023 71.269
967.231 71.169
967.438 70.336
967.645 68.385
967.852 67.412
968.059 67.227
968.267 67.373
968.474 68.561
968.681 69.009
968.888 70.017
969.096 69.711
969.303 69.493
969.510 70.480
969.717 70.953
969.925 71.937
970.132 71.480
970.339 70.781
970.546 69.253
970.753 68.561
970.961 69.507
971.168 69.642
971.375 70.055
971.582 69.002
971.790 68.111
971.997 68.939
972.204 68.886
972.411 68.625
972.618 69.745
972.826 69.054
973.033 68.735
973.240 68.271
973.447 68.355
973.655 68.677
973.862 67.986
974.069 67.860
974.276 68.801
974.483 69.792
974.691 70.819
974.898 71.615
975.105 72.448
975.312 72.248
975.520 71.722
975.727 71.763
975.934 72.338
976.141 72.542
976.349 71.793
976.556 72.858
976.763 72.886
976.970 71.880
977.177 70.855
977.385 70.784
977.592 70.817
977.799 70.714
978.006 71.854
978.214 73.198
978.421 73.855
978.628 72.199
978.835 71.635
979.042 70.166
979.250 69.524
979.457 70.191
979.664 70.305
979.871 70.831
980.079 72.417
980.286 71.750
980.493 71.231
980.700 72.480
980.907 74.059
981.115 73.893
981.322 72.624
981.529 73.300
981.736 73.142
981.944 73.393
982.151 74.677
982.358 73.825
982.565 72.778
982.773 71.561
982.980 72.022
983.187 74.269
983.394 77.548
983.601 76.931
983.809 74.951
984.016 73.239
984.223 72.356
984.430 70.595
984.638 70.880
984.845 72.877
985.052 74.533
985.259 73.134
985.466 73.861
985.674 74.325
985.881 75.464
986.088 77.336
986.295 79.130
986.503 79.306
986.710 79.388
986.917 78.942
987.124 79.569
987.331 79.706
987.539 78.814
987.746 77.463
987.953 78.321
988.160 80.675
988.368 83.252
988.575 85.093
988.782 86.590
988.989 86.588
989.197 85.676
989.404 84.442
989.611 84.240
989.818 81.839
990.025 81.938
990.233 81.320
990.440 79.659
990.647 76.424
990.854 75.079
991.062 75.830
991.269 76.228
991.476 75.376
991.683 75.761
991.890 76.337
992.098 76.569
992.305 78.123
992.512 76.859
992.719 75.975
992.927 76.389
993.134 76.032
993.341 77.237
993.548 77.018
993.755 75.394
993.963 74.315
994.170 74.758
994.377 73.844
994.584 72.599
994.792 76.198
994.999 80.811
995.206 81.438
995.413 80.500
995.621 81.631
995.828 82.473
996.035 81.182
996.242 79.973
996.449 80.479
996.657 80.711
996.864 80.003
997.071 78.860
997.278 76.927
997.486 78.594
997.693 78.169
997.900 78.253
998.107 78.931
998.314 78.897
998.522 81.263
998.729 83.433
998.936 83.769
999.143 82.342
999.351 82.129
999.558 81.903
999.765 82.710
999.972 82.042
1000.179 81.878
1000.387 83.052
1000.594 83.476
1000.801 82.875
1001.008 82.271
1001.216 82.406
1001.423 83.916
1001.630 84.895
1001.837 81.569
1002.045 81.865
1002.252 83.858
1002.459 85.262
1002.666 87.533
1002.873 87.978
1003.081 87.245
1003.288 86.679
1003.495 84.456
1003.702 81.865
1003.910 83.641
1004.117 86.515
1004.324 85.986
1004.531 86.053
1004.738 86.242
1004.946 85.439
1005.153 84.270
1005.360 84.949
1005.567 90.165
1005.775 91.203
1005.982 89.752
1006.189 89.675
1006.396 88.494
1006.603 85.753
1006.811 83.448
1007.018 79.986
1007.225 79.230
1007.432 80.886
1007.640 85.273
1007.847 86.676
1008.054 87.587
1008.261 84.374
1008.469 80.417
1008.676 83.311
1008.883 86.995
1009.090 89.798
1009.297 89.039
1009.505 90.014
1009.712 89.719
1009.919 84.401
1010.126 82.610
1010.334 84.764
1010.541 84.583
1010.748 86.011
1010.955 87.787
1011.162 89.153
1011.370 95.050
1011.577 95.940
1011.784 94.688
1011.991 91.254
1012.199 86.767
1012.406 84.482
1012.613 87.152
1012.820 85.736
1013.027 79.673
1013.235 75.932
1013.442 73.897
1013.649 77.709
1013.856 82.063
1014.064 84.658
1014.271 84.632
1014.478 82.567
1014.685 81.897
1014.893 83.957
1015.100 84.259
1015.307 83.785
1015.514 83.447
1015.721 78.425
1015.929 76.880
1016.136 76.280
1016.343 76.267
1016.550 83.143
