292.253 90.646
292.450 92.723
292.647 93.306
292.845 93.680
293.042 94.313
293.239 94.668
293.437 93.834
293.634 92.263
293.831 91.657
294.029 91.947
294.226 92.058
294.423 95.052
294.621 95.409
294.818 94.631
295.015 93.853
295.213 94.647
295.410 96.411
295.607 97.188
295.805 97.152
296.002 96.304
296.199 95.850
296.397 95.006
296.594 93.200
296.791 92.046
296.989 92.138
297.186 90.950
297.383 89.699
297.581 90.889
297.778 92.434
297.975 92.838
298.173 92.095
298.370 92.197
298.567 93.178
298.765 93.409
298.962 94.895
299.159 95.535
299.357 95.406
299.554 95.122
299.751 95.195
299.949 94.381
300.146 95.005
300.343 94.489
300.541 92.937
300.738 93.581
300.935 94.852
301.133 94.700
301.330 95.659
301.527 97.217
301.725 96.537
301.922 95.362
302.119 95.600
302.317 97.397
302.514 97.167
302.711 95.625
302.909 94.826
303.106 92.996
303.303 92.351
303.501 92.577
303.698 92.154
303.895 91.426
304.093 91.085
304.290 90.846
304.487 91.802
304.685 92.206
304.882 91.493
305.079 90.736
305.277 89.902
305.474 89.280
305.671 87.742
305.869 87.676
306.066 88.571
306.263 88.035
306.461 86.641
306.658 86.804
306.855 86.753
307.053 86.097
307.250 86.668
307.447 87.551
307.645 87.858
307.842 87.632
308.039 87.262
308.237 87.166
308.434 86.749
308.631 86.311
308.829 86.571
309.026 86.216
309.223 85.994
309.421 86.470
309.618 86.189
309.815 86.944
310.013 87.050
310.210 86.319
310.407 86.297
310.605 86.074
310.802 85.845
310.999 86.318
311.197 88.066
311.394 88.752
311.591 88.309
311.789 87.520
311.986 86.822
312.183 86.196
312.381 85.943
312.578 85.993
312.775 84.831
312.973 84.242
313.170 84.710
313.347 84.729
313.523 84.297
313.700 83.892
313.877 84.031
314.054 83.980
314.230 84.467
314.407 84.911
314.584 84.809
314.761 83.976
314.937 83.595
315.114 82.708
315.291 80.835
315.467 80.129
315.644 80.394
315.821 80.652
315.998 80.916
316.174 80.494
316.351 80.597
316.528 81.270
316.704 80.991
316.881 80.384
317.058 79.488
317.235 79.331
317.411 79.455
317.588 79.209
317.765 79.210
317.942 78.618
318.118 77.463
318.295 77.782
318.472 78.573
318.648 79.053
318.825 79.728
319.002 80.033
319.179 78.981
319.355 77.630
319.532 77.491
319.709 77.795
319.885 78.409
320.062 77.908
320.239 77.759
320.416 76.973
320.592 77.058
320.769 77.182
320.946 76.441
321.123 77.088
321.299 76.746
321.476 76.496
321.653 76.555
321.829 76.254
322.006 75.758
322.183 75.816
322.360 74.986
322.536 73.339
322.713 72.836
322.890 73.520
323.066 74.494
323.243 74.464
323.420 73.924
323.597 73.421
323.773 72.715
323.950 72.334
324.127 73.292
324.304 72.983
324.480 73.351
324.657 74.336
324.834 73.551
325.010 72.884
325.187 72.268
325.364 73.221
325.541 74.957
325.717 73.901
325.894 72.394
326.071 72.187
326.248 72.606
326.424 72.460
326.601 71.927
326.778 71.078
326.954 70.114
327.131 69.582
327.308 68.987
327.485 69.516
327.661 69.859
327.838 70.231
328.015 71.094
328.191 70.854
328.368 70.481
328.545 70.646
328.722 71.263
328.898 70.691
329.075 68.851
329.252 67.492
329.429 67.937
329.605 68.295
329.782 67.291
329.959 66.228
330.135 66.854
330.312 67.471
330.489 68.184
330.666 69.137
330.842 69.895
331.019 70.070
331.196 69.630
331.372 68.963
331.549 68.075
331.726 67.849
331.903 67.732
332.079 68.321
332.256 68.270
332.433 67.067
332.610 67.216
332.786 67.408
332.963 67.432
333.140 67.008
333.316 66.708
333.493 66.859
333.670 66.951
333.847 66.672
334.023 66.268
334.200 65.510
334.377 65.218
334.553 64.811
334.730 64.379
334.907 63.283
335.084 62.521
335.260 62.171
335.437 61.376
335.614 61.009
335.791 59.607
335.967 59.469
336.144 60.822
336.321 61.322
336.497 61.100
336.674 60.153
336.851 60.267
337.028 60.522
337.204 61.103
337.381 61.321
337.558 61.001
337.734 60.623
337.911 60.406
338.088 60.578
338.265 60.652
338.441 60.305
338.618 61.139
338.795 62.669
338.972 63.248
339.148 62.867
339.325 62.588
339.502 62.625
339.678 62.299
339.855 60.920
340.032 60.224
340.209 60.220
340.385 60.398
340.562 60.140
340.739 60.056
340.916 60.168
341.092 59.821
341.269 59.600
341.446 59.693
341.622 58.836
341.799 57.582
341.976 56.916
342.153 56.718
342.329 56.166
342.506 55.102
342.683 55.372
342.859 56.227
343.036 56.159
343.213 56.107
343.390 55.890
343.566 55.755
343.743 55.225
343.920 54.815
344.097 54.530
344.273 54.197
344.450 53.647
344.627 52.872
344.803 52.536
344.980 52.819
345.157 52.621
345.334 53.280
345.510 53.675
345.687 53.683
345.864 54.054
346.040 54.450
346.217 53.768
346.394 52.340
346.571 51.453
346.747 51.772
346.924 52.124
347.101 52.421
347.278 52.710
347.454 52.613
347.631 52.712
347.808 52.934
347.984 52.807
348.161 52.404
348.338 52.125
348.515 52.296
348.691 51.783
348.868 51.494
349.045 51.065
349.221 50.474
349.398 50.378
349.575 49.933
349.752 48.779
349.928 48.864
350.105 49.384
350.282 49.323
350.459 48.990
350.635 48.240
350.812 47.396
350.989 46.894
351.165 46.728
351.342 46.475
351.519 46.251
351.696 46.378
351.872 46.372
352.049 46.059
352.226 45.763
352.402 45.678
352.579 45.993
352.756 46.518
352.933 46.720
353.109 46.311
353.286 46.698
353.463 47.553
353.640 47.492
353.816 47.079
353.993 46.615
354.170 46.548
354.346 46.578
354.523 46.213
354.700 46.094
354.877 46.034
355.053 45.844
355.230 45.815
355.407 46.092
355.584 46.430
355.760 46.104
355.937 45.388
356.114 44.829
356.290 44.233
356.467 43.718
356.644 43.598
356.821 43.558
356.997 43.231
357.174 42.928
357.351 42.731
357.527 42.602
357.704 42.626
357.881 42.230
358.058 42.034
358.234 42.312
358.411 42.340
358.588 42.782
358.765 42.677
358.941 42.283
359.118 41.886
359.295 41.366
359.471 41.773
359.648 41.837
359.825 42.113
360.002 42.091
360.178 42.248
360.355 42.748
360.532 42.655
360.708 41.890
360.885 41.764
361.062 41.961
361.239 42.008
361.415 42.471
361.592 42.688
361.769 42.211
361.946 41.834
362.122 41.888
362.299 41.344
362.476 41.436
362.652 41.464
362.829 40.848
363.006 40.148
363.183 39.868
363.359 40.019
363.536 39.728
363.713 39.308
363.889 38.561
364.066 37.638
364.243 37.454
364.420 37.819
364.596 37.624
364.773 37.154
364.950 37.064
365.127 36.449
365.303 36.170
365.480 36.354
365.660 36.346
365.839 36.132
366.019 36.026
366.199 36.031
366.379 35.710
366.558 35.728
366.738 36.211
366.918 36.175
367.098 36.254
367.277 36.362
367.457 36.543
367.637 36.202
367.816 36.182
367.996 36.311
368.176 36.003
368.356 35.749
368.535 35.533
368.715 35.091
368.895 34.907
369.075 34.432
369.254 34.415
369.434 34.396
369.614 33.780
369.793 33.505
369.973 33.171
370.153 33.229
370.333 33.433
370.512 33.308
370.692 33.327
370.872 33.278
371.051 33.019
371.231 32.683
371.411 32.766
371.591 32.336
371.770 31.754
371.950 31.523
372.130 31.536
372.310 31.999
372.489 32.262
372.669 32.035
372.849 32.251
373.028 32.129
373.208 31.889
373.388 31.965
373.568 31.798
373.747 31.589
373.927 31.321
374.107 30.574
374.287 30.425
374.466 30.569
374.646 30.488
374.826 30.314
375.005 30.305
375.185 30.264
375.365 30.194
375.545 30.496
375.724 30.773
375.904 30.360
376.084 29.795
376.263 29.434
376.443 29.473
376.623 29.087
376.803 28.801
376.982 28.739
377.162 28.580
377.342 28.508
377.522 28.520
377.701 28.597
377.881 28.832
378.061 28.776
378.240 28.332
378.420 28.136
378.600 28.050
378.780 27.936
378.959 27.706
379.139 27.765
379.319 27.672
379.499 27.407
379.678 27.609
379.858 27.816
380.038 27.836
380.217 27.770
380.397 27.649
380.577 27.465
380.757 27.127
380.936 27.126
381.116 27.262
381.296 27.098
381.476 27.075
381.655 27.141
381.835 26.818
382.015 26.826
382.194 26.883
382.374 26.864
382.554 27.011
382.734 27.160
382.913 27.044
383.093 26.703
383.273 26.461
383.452 26.448
383.632 26.359
383.812 26.281
383.992 26.220
384.171 26.370
384.351 26.351
384.531 26.233
384.711 25.954
384.890 25.591
385.070 25.463
385.250 25.208
385.429 25.229
385.609 25.482
385.789 25.127
385.969 24.626
386.148 24.519
386.328 24.286
386.508 24.159
386.688 24.255
386.867 24.282
387.047 24.240
387.227 23.800
387.406 23.373
387.586 23.083
387.766 22.861
387.946 22.722
388.125 22.647
388.305 22.868
388.485 22.809
388.664 22.766
388.844 22.827
389.024 22.848
389.204 22.591
389.383 22.379
389.563 22.472
389.743 22.719
389.923 22.723
390.102 22.578
390.282 22.245
390.462 21.986
390.641 21.797
390.821 21.719
391.001 21.865
391.181 22.067
391.360 22.260
391.540 22.490
391.720 22.446
391.900 22.305
392.079 22.000
392.259 22.004
392.439 21.983
392.618 21.823
392.798 21.600
392.978 21.401
393.158 21.298
393.337 21.149
393.517 20.812
393.697 20.600
393.877 20.518
394.056 20.479
394.236 20.559
394.416 20.660
394.595 20.658
394.775 20.450
394.955 20.146
395.135 19.919
395.314 19.784
395.494 19.607
395.674 19.457
395.853 19.369
396.033 19.242
396.213 19.221
396.393 19.114
396.572 19.104
396.752 19.183
396.932 19.109
397.112 19.291
397.291 19.472
397.471 19.396
397.651 19.329
397.830 19.254
398.010 19.230
398.190 19.225
398.370 19.092
398.549 19.131
398.729 19.118
398.909 19.072
399.089 18.873
399.268 18.914
399.448 19.110
399.628 19.133
399.807 19.154
399.987 18.905
400.167 18.791
400.347 18.648
400.526 18.582
400.706 18.625
400.886 18.297
401.065 17.924
401.245 17.848
401.425 17.693
401.605 17.578
401.784 17.352
401.964 17.212
402.144 17.384
402.324 17.538
402.503 17.711
402.683 17.645
402.863 17.578
403.042 17.310
403.222 17.066
403.402 17.065
403.582 16.986
403.761 17.014
403.941 17.083
404.121 16.994
404.301 16.758
404.480 16.595
404.660 16.636
404.844 16.805
405.029 16.940
405.213 17.058
405.398 17.338
405.582 17.406
405.767 17.337
405.951 17.127
406.136 16.868
406.320 16.608
406.505 16.604
406.689 16.678
406.874 16.730
407.058 16.598
407.243 16.495
407.427 16.544
407.612 16.522
407.796 16.393
407.981 16.391
408.165 16.474
408.350 16.454
408.534 16.373
408.719 16.375
408.903 16.155
409.088 16.038
409.272 15.957
409.457 15.911
409.641 15.886
409.826 15.885
410.010 15.878
410.195 15.902
410.379 15.810
410.564 15.619
410.748 15.474
410.933 15.420
411.117 15.470
411.302 15.461
411.486 15.473
411.671 15.427
411.855 15.433
412.040 15.466
412.224 15.532
412.409 15.500
412.593 15.317
412.778 15.395
412.962 15.335
413.147 15.178
413.331 15.129
413.516 15.022
413.700 15.004
413.885 15.566
414.069 16.483
414.254 16.443
414.438 16.550
414.623 16.755
414.807 16.830
414.992 16.708
415.176 16.591
415.361 16.493
415.545 16.451
415.730 16.557
415.914 16.540
416.099 16.400
416.283 16.412
416.468 16.535
416.652 16.513
416.837 16.636
417.021 16.742
417.206 16.719
417.390 16.757
417.575 16.756
417.759 16.161
417.944 15.126
418.128 15.111
418.313 14.901
418.497 14.640
418.682 14.529
418.866 14.559
419.051 14.608
419.235 14.575
419.420 14.591
419.604 14.426
419.789 14.362
419.973 14.419
420.158 14.407
420.342 14.243
420.527 14.181
420.711 13.994
420.896 13.902
421.080 13.880
421.265 13.772
421.449 13.685
421.634 13.647
421.818 13.705
422.003 13.609
422.187 13.630
422.372 13.836
422.556 13.879
422.741 13.864
422.925 13.887
423.110 14.058
423.294 14.069
423.479 14.039
423.663 13.894
423.848 13.780
424.032 13.731
424.217 13.705
424.401 13.609
424.586 13.630
424.770 13.605
424.955 13.602
425.139 13.602
425.324 13.484
425.508 13.287
425.693 13.136
425.877 13.211
426.062 13.306
426.246 13.171
426.431 13.071
426.615 12.959
426.800 12.847
426.984 12.668
427.169 12.633
427.353 12.682
427.538 12.693
427.722 12.662
427.907 12.723
428.091 12.806
428.276 12.792
428.460 12.770
428.645 12.856
428.829 12.936
429.014 12.874
429.198 13.003
429.383 13.214
429.567 13.262
429.752 13.176
429.936 13.081
430.121 13.067
430.305 13.199
430.490 13.275
430.674 13.287
430.859 13.244
431.043 13.204
431.228 13.125
431.412 13.196
431.597 13.295
431.781 13.245
431.966 13.157
432.150 13.211
432.335 13.249
432.519 13.080
432.704 12.822
432.888 12.762
433.073 12.642
433.257 12.522
433.442 12.417
433.626 12.391
433.811 12.355
433.995 12.302
434.180 12.179
434.364 12.045
434.549 11.954
434.733 11.964
434.918 11.885
435.102 11.863
435.287 11.733
435.471 11.582
435.656 11.528
435.840 11.545
436.030 11.479
436.220 11.371
436.410 11.438
436.600 11.644
436.790 11.830
436.980 11.920
437.170 11.940
437.360 11.997
437.550 11.999
437.741 12.005
437.931 12.004
438.121 12.038
438.311 12.100
438.501 12.141
438.691 12.176
438.881 12.193
439.071 12.157
439.261 12.131
439.451 12.147
439.641 12.083
439.831 12.055
440.021 12.157
440.211 12.242
440.401 12.167
440.591 11.978
440.781 11.882
440.971 11.848
441.161 11.870
441.351 11.897
441.542 11.937
441.732 11.997
441.922 11.918
442.112 11.832
442.302 11.817
442.492 11.770
442.682 11.703
442.872 11.808
443.062 11.819
443.252 11.856
443.442 11.834
443.632 11.870
443.822 11.926
444.012 11.844
444.202 11.709
444.392 11.653
444.582 11.907
444.772 12.284
444.962 12.254
445.153 12.214
445.343 12.149
445.533 12.033
445.723 11.920
445.913 11.993
446.103 12.053
446.293 12.087
446.483 12.128
446.673 12.160
446.863 12.069
447.053 12.005
447.243 11.981
447.433 11.981
447.623 11.964
447.813 11.885
448.003 11.859
448.193 11.920
448.383 11.931
448.573 11.729
448.764 11.326
448.954 11.352
449.144 11.332
449.334 11.304
449.524 11.394
449.714 11.500
449.904 11.483
450.094 11.498
450.284 11.507
450.474 11.509
450.664 11.455
450.854 11.425
451.044 11.490
451.234 11.478
451.424 11.439
451.614 11.399
451.804 11.353
451.994 11.335
452.184 11.310
452.375 11.351
452.565 12.044
452.755 13.263
452.945 13.222
453.135 13.222
453.325 13.229
453.515 13.260
453.705 13.246
453.895 13.195
454.085 13.075
454.275 12.928
454.465 12.819
454.655 12.800
454.845 12.839
455.035 12.797
455.225 12.800
455.415 12.818
455.605 12.865
455.795 12.924
455.985 12.975
456.176 13.003
456.366 13.031
456.556 12.397
456.746 11.240
456.936 11.262
457.126 11.270
457.316 11.338
457.506 11.300
457.696 11.228
457.886 11.226
458.076 11.196
458.266 11.204
458.456 11.243
458.646 11.305
458.836 11.330
459.026 11.440
459.216 11.501
459.406 11.556
459.596 11.511
459.787 11.446
459.977 11.398
460.167 11.403
460.357 11.314
460.547 11.198
460.737 11.137
460.927 11.138
461.117 11.150
461.307 11.076
461.497 10.999
461.687 11.006
461.877 11.031
462.067 11.086
462.257 11.154
462.447 11.168
462.637 11.186
462.827 11.194
463.017 11.120
463.207 11.087
463.397 11.030
463.588 11.029
463.778 11.100
463.968 11.139
464.158 11.097
464.348 11.113
464.538 11.188
464.728 11.229
464.918 11.269
465.108 11.302
465.298 11.327
465.488 11.392
465.678 11.360
465.868 11.309
466.058 11.314
466.248 11.272
466.438 11.286
466.628 11.260
466.818 11.176
467.008 11.162
467.199 11.162
467.389 11.217
467.579 11.271
467.769 11.215
467.959 11.231
468.149 11.270
468.339 11.280
468.529 11.270
468.719 11.246
468.909 11.195
469.099 11.159
469.289 11.095
469.479 11.026
469.669 11.035
469.859 11.051
470.049 11.063
470.239 11.059
470.429 11.073
470.619 11.077
470.810 11.091
471.000 11.080
471.190 11.066
471.380 11.013
471.570 10.942
471.760 10.880
471.950 10.829
472.140 10.819
472.330 10.861
472.520 10.868
472.710 10.872
472.900 10.872
473.090 10.866
473.280 10.941
473.470 10.959
473.660 10.961
473.850 11.013
474.040 11.072
474.230 11.091
474.421 11.079
474.611 11.059
474.801 11.076
474.991 11.091
475.181 11.110
475.371 11.144
475.561 11.203
475.751 11.312
475.941 11.329
476.131 11.300
476.321 11.253
476.511 11.254
476.701 11.265
476.891 11.243
477.081 11.227
477.271 11.224
477.461 11.289
477.651 11.305
477.841 11.264
478.031 11.236
478.222 11.283
478.412 11.318
478.602 11.316
478.792 11.280
478.982 11.283
479.172 11.298
479.362 11.272
479.552 11.276
479.742 11.212
479.932 11.200
480.122 11.189
480.312 11.184
480.502 11.205
480.692 11.198
480.882 11.196
481.072 11.191
481.262 11.197
481.452 11.146
481.642 11.120
481.833 11.162
482.023 11.198
482.213 11.185
482.403 11.142
482.593 11.158
482.783 11.190
482.973 11.218
483.163 11.207
483.353 11.217
483.543 11.180
483.733 11.214
483.923 11.241
484.113 11.282
484.303 11.292
484.493 11.246
484.683 11.235
484.873 11.252
485.063 11.278
485.253 11.255
485.443 11.242
485.634 11.229
485.824 11.204
486.014 11.159
486.204 11.178
486.394 11.208
486.584 11.231
486.774 11.220
486.964 11.205
487.154 11.223
487.344 11.239
487.534 11.222
487.724 11.220
487.914 11.204
488.104 11.217
488.294 11.235
488.484 11.254
488.674 11.276
488.864 11.261
489.054 11.226
489.245 11.233
489.435 11.294
489.625 11.356
489.815 11.384
490.005 11.396
490.195 11.389
490.385 11.391
490.575 11.393
490.765 11.428
490.955 11.496
491.145 11.531
491.335 11.529
491.525 11.507
491.715 11.476
491.905 11.495
492.095 11.505
492.285 11.565
492.475 11.614
492.665 11.605
492.856 11.599
493.046 11.666
493.236 11.697
493.426 11.672
493.616 11.688
493.806 11.712
493.996 11.772
494.186 11.781
494.376 11.763
494.566 11.779
494.756 11.828
494.946 11.836
495.136 11.842
495.326 11.858
495.516 11.949
495.706 12.016
495.896 12.042
496.086 12.074
496.276 12.064
496.467 12.021
496.657 12.050
496.847 12.090
497.037 12.042
497.227 12.012
497.417 12.019
497.607 11.999
497.797 12.001
497.987 11.957
498.177 11.940
498.367 11.929
498.557 11.916
498.747 11.893
498.937 11.843
499.127 11.781
499.317 11.773
499.507 11.762
499.697 11.748
499.887 11.713
500.077 11.678
500.268 11.701
500.458 11.742
500.648 11.764
500.838 11.801
501.028 11.877
501.218 11.876
501.408 11.895
501.598 11.920
501.788 11.922
501.978 11.951
502.168 11.985
502.358 12.061
502.548 12.127
502.738 12.153
502.928 12.217
503.118 12.315
503.308 12.362
503.498 12.378
503.688 12.428
503.879 12.504
504.069 12.529
504.259 12.506
504.449 12.513
504.639 12.492
504.829 12.508
505.019 12.528
505.209 12.593
505.399 12.617
505.589 12.635
505.779 12.671
505.969 12.715
506.159 12.745
506.349 12.704
506.539 12.680
506.729 12.677
506.919 12.686
507.109 12.687
507.299 12.727
507.490 12.766
507.680 12.737
507.870 12.723
508.060 12.732
508.250 12.728
508.440 12.693
508.630 12.692
508.820 12.694
509.010 12.649
509.200 12.611
509.390 12.626
509.580 12.646
509.770 12.642
509.960 12.617
510.150 12.625
510.340 12.682
510.530 12.703
510.720 12.748
510.910 12.782
511.100 12.781
511.291 12.741
511.481 12.735
511.671 12.755
511.861 12.763
512.051 12.826
512.241 12.909
512.431 12.954
512.621 13.017
512.811 13.057
513.001 13.135
513.191 13.175
513.381 13.208
513.571 13.258
513.761 13.304
513.951 13.330
514.141 13.335
514.331 13.339
514.521 13.362
514.711 13.361
514.902 13.346
515.092 13.396
515.282 13.452
515.472 13.447
515.662 13.480
515.852 13.504
516.042 13.478
516.232 13.495
516.422 13.577
516.612 13.605
516.802 13.624
516.992 13.600
517.182 13.641
517.372 13.649
517.562 13.638
517.752 13.659
517.942 13.706
518.132 13.726
518.322 13.747
518.513 13.761
518.703 13.789
518.893 13.829
519.083 13.836
519.273 13.807
519.463 13.859
519.653 13.892
519.843 13.921
520.033 13.961
520.223 13.940
520.413 13.891
520.603 13.905
520.793 13.942
520.983 14.017
521.173 14.078
521.363 14.137
521.553 14.188
521.743 14.195
521.933 14.206
522.123 14.266
522.314 14.330
522.504 14.372
522.694 14.405
522.884 14.417
523.074 14.416
523.264 14.441
523.454 14.445
523.644 14.443
523.834 14.457
524.024 14.468
524.214 14.473
524.404 14.487
524.594 14.459
524.784 14.451
524.974 14.415
525.164 14.414
525.354 14.436
525.544 14.446
525.734 14.478
525.925 14.496
526.115 14.513
526.305 14.485
526.495 14.471
526.685 14.449
526.875 14.446
527.065 14.477
527.255 14.511
527.445 14.509
527.635 14.512
527.825 14.520
528.015 14.549
528.205 14.620
528.395 14.708
528.585 14.783
528.775 14.798
528.965 14.866
529.155 14.899
529.345 14.871
529.535 14.869
529.726 14.845
529.916 14.854
530.106 14.874
530.296 14.915
530.486 14.948
530.676 15.011
530.866 15.059
531.056 15.078
531.246 15.112
531.436 15.148
531.626 15.196
531.816 15.229
532.006 15.269
532.196 15.293
532.386 15.302
532.576 15.305
532.766 15.307
532.956 15.301
533.146 15.277
533.337 15.303
533.527 15.337
533.717 15.399
533.907 15.390
534.097 15.372
534.287 15.401
534.477 15.413
534.667 15.399
534.857 15.381
535.047 15.375
535.237 15.407
535.427 15.446
535.617 15.445
535.807 15.462
535.997 15.455
536.187 15.442
536.377 15.430
536.567 15.432
536.757 15.457
536.948 15.461
537.138 15.468
537.328 15.476
537.518 15.465
537.708 15.459
537.898 15.507
538.088 15.543
538.278 15.535
538.468 15.533
538.658 15.521
538.848 15.552
539.038 15.602
539.228 15.591
539.418 15.581
539.608 15.617
539.798 15.610
539.988 15.636
540.178 15.688
540.368 15.680
540.558 15.714
540.749 15.735
540.939 15.751
541.129 15.796
541.319 15.844
541.509 15.874
541.699 15.902
541.889 15.907
542.079 15.910
542.269 15.936
542.459 15.951
542.649 15.936
542.839 15.907
543.029 15.899
543.219 15.923
543.409 15.927
543.599 15.928
543.789 15.969
543.979 15.957
544.169 15.899
544.360 15.908
544.550 15.907
544.740 15.926
544.930 15.917
545.120 15.883
545.310 15.850
545.500 15.847
545.690 15.835
545.880 15.839
546.070 15.852
546.267 15.818
546.463 15.814
546.660 15.861
546.857 15.907
547.054 15.900
547.251 15.865
547.447 15.834
547.644 15.802
547.841 15.786
548.038 15.794
548.234 15.832
548.431 15.865
548.628 15.889
548.825 15.867
549.021 15.847
549.218 15.846
549.415 15.837
549.612 15.855
549.808 15.862
550.005 15.876
550.202 15.857
550.399 15.882
550.595 15.948
550.792 15.978
550.989 15.985
551.186 15.980
551.382 16.003
551.579 16.054
551.776 16.066
551.973 16.053
552.169 16.035
552.366 15.986
552.563 15.953
552.760 15.911
552.956 15.930
553.153 15.958
553.350 15.964
553.547 15.964
553.743 15.940
553.940 15.953
554.137 15.934
554.334 15.924
554.530 15.911
554.727 15.831
554.924 15.787
555.121 15.764
555.317 15.770
555.514 15.757
555.711 15.750
555.908 15.773
556.104 15.800
556.301 15.820
556.498 15.848
556.695 15.843
556.891 15.835
557.088 15.806
557.285 15.832
557.482 15.885
557.678 15.922
557.875 15.943
558.072 15.921
558.269 15.906
558.465 15.944
558.662 15.970
558.859 15.990
559.056 16.003
559.252 15.992
559.449 15.987
559.646 16.021
559.843 16.026
560.039 16.031
560.236 16.001
560.433 15.978
560.630 15.980
560.826 15.987
561.023 15.972
561.220 15.978
561.417 15.958
561.613 15.890
561.810 15.835
562.007 15.789
562.204 15.778
562.400 15.801
562.597 15.746
562.794 15.720
562.991 15.721
563.187 15.712
563.384 15.718
563.581 15.720
563.778 15.738
563.974 15.758
564.171 15.728
564.368 15.749
564.565 15.778
564.761 15.778
564.958 15.784
565.155 15.820
565.352 15.833
565.548 15.817
565.745 15.833
565.942 15.830
566.139 15.838
566.335 15.837
566.532 15.806
566.729 15.804
566.926 15.824
567.122 15.847
567.319 15.834
567.516 15.823
567.713 15.835
567.909 15.805
568.106 15.757
568.303 15.743
568.500 15.701
568.696 15.659
568.893 15.610
569.090 15.576
569.287 15.529
569.483 15.511
569.680 15.530
569.877 15.567
570.074 15.607
570.270 15.606
570.467 15.607
570.664 15.631
570.861 15.647
571.057 15.602
571.254 15.570
571.451 15.584
571.648 15.572
571.844 15.532
572.041 15.518
572.238 15.513
572.435 15.512
572.631 15.521
572.828 15.508
573.025 15.524
573.222 15.520
573.418 15.508
573.615 15.478
573.812 15.444
574.009 15.398
574.205 15.355
574.402 15.348
574.599 15.339
574.796 15.294
574.992 15.265
575.189 15.238
575.386 15.198
575.583 15.178
575.779 15.184
575.976 15.163
576.173 15.117
576.370 15.117
576.567 15.131
576.763 15.111
576.960 15.104
577.160 15.095
577.359 15.071
577.559 15.060
577.759 15.053
577.958 15.027
578.158 14.960
578.357 14.956
578.557 14.946
578.757 14.930
578.956 14.916
579.156 14.906
579.356 14.904
579.555 14.892
579.755 14.851
579.954 14.815
580.154 14.804
580.354 14.784
580.553 14.737
580.753 14.682
580.953 14.659
581.152 14.636
581.352 14.632
581.552 14.638
581.751 14.637
581.951 14.612
582.150 14.605
582.350 14.620
582.550 14.612
582.749 14.595
582.949 14.593
583.149 14.598
583.348 14.561
583.548 14.556
583.748 14.603
583.947 14.588
584.147 14.568
584.346 14.556
584.546 14.587
584.746 14.577
584.945 14.542
585.145 14.519
585.345 14.506
585.544 14.471
585.744 14.447
585.943 14.421
586.143 14.393
586.343 14.349
586.542 14.356
586.742 14.346
586.942 14.319
587.141 14.285
587.341 14.253
587.541 14.264
587.740 14.228
587.940 14.155
588.139 14.170
588.339 14.168
588.539 14.154
588.738 14.138
588.938 14.138
589.138 14.154
589.337 14.137
589.537 14.121
589.736 14.114
589.936 14.102
590.136 14.076
590.335 14.076
590.535 14.073
590.735 14.017
590.934 13.965
591.134 13.942
591.334 13.923
591.533 13.894
591.733 13.837
591.932 13.821
592.132 13.814
592.332 13.771
592.531 13.749
592.731 13.712
592.931 13.656
593.130 13.611
593.330 13.573
593.530 13.572
593.729 13.541
593.929 13.518
594.128 13.485
594.328 13.492
594.528 13.487
594.727 13.495
594.927 13.533
595.127 13.570
595.326 13.555
595.526 13.521
595.725 13.501
595.925 13.526
596.125 13.504
596.324 13.469
596.524 13.468
596.724 13.464
596.923 13.458
597.123 13.435
597.323 13.444
597.522 13.434
597.722 13.415
597.921 13.424
598.121 13.417
598.321 13.408
598.520 13.387
598.720 13.378
598.920 13.324
599.119 13.270
599.319 13.231
599.519 13.220
599.718 13.218
599.918 13.211
600.117 13.163
600.317 13.155
600.517 13.151
600.716 13.131
600.916 13.098
601.116 13.064
601.315 13.053
601.515 13.035
601.714 13.031
601.914 13.004
602.114 12.959
602.313 12.907
602.513 12.894
602.713 12.878
602.912 12.842
603.112 12.833
603.312 12.797
603.511 12.760
603.711 12.746
603.910 12.709
604.110 12.678
604.310 12.667
604.509 12.673
604.709 12.671
604.909 12.641
605.108 12.646
605.308 12.638
605.507 12.636
605.707 12.618
605.907 12.587
606.106 12.573
606.306 12.553
606.506 12.527
606.705 12.514
606.905 12.496
607.105 12.475
607.304 12.457
607.504 12.467
607.703 12.455
607.903 12.422
608.103 12.397
608.302 12.390
608.502 12.378
608.702 12.332
608.901 12.286
609.101 12.262
609.301 12.212
609.500 12.202
609.700 12.161
609.899 12.130
610.099 12.121
610.299 12.114
610.498 12.116
610.698 12.117
610.898 12.084
611.097 12.061
611.297 12.062
611.496 12.056
611.696 12.043
611.896 12.019
612.095 11.997
612.295 11.986
612.495 11.970
612.694 11.962
612.894 11.967
613.094 11.959
613.293 11.943
613.493 11.933
613.692 11.895
613.892 11.862
614.092 11.855
614.291 11.823
614.491 11.782
614.691 11.769
614.890 11.768
615.090 11.768
615.289 11.759
615.489 11.719
615.689 11.689
615.888 11.655
616.088 11.648
616.288 11.653
616.487 11.638
616.687 11.609
616.887 11.575
617.086 11.532
617.286 11.518
617.485 11.515
617.685 11.483
617.885 11.473
618.084 11.487
618.284 11.465
618.484 11.472
618.683 11.511
618.883 11.504
619.082 11.482
619.282 11.473
619.482 11.451
619.681 11.442
619.881 11.435
620.081 11.409
620.280 11.346
620.480 11.306
620.680 11.303
620.879 11.304
621.079 11.308
621.278 11.311
621.478 11.288
621.678 11.242
621.877 11.234
622.077 11.216
622.277 11.215
622.476 11.219
622.676 11.172
622.876 11.099
623.075 11.073
623.275 11.075
623.474 11.056
623.674 11.038
623.874 11.044
624.073 11.040
624.273 11.041
624.473 11.030
624.672 11.004
624.872 10.987
625.071 10.962
625.271 10.927
625.471 10.915
625.670 10.911
625.870 10.937
626.070 10.928
626.269 10.899
626.469 10.864
626.669 10.811
626.868 10.791
627.068 10.775
627.267 10.738
627.467 10.688
627.667 10.639
627.866 10.605
628.066 10.569
628.266 10.524
628.465 10.510
628.665 10.536
628.865 10.540
629.064 10.522
629.264 10.505
629.463 10.507
629.663 10.484
629.863 10.464
630.062 10.424
630.262 10.383
630.462 10.371
630.661 10.341
630.861 10.481
631.060 10.742
631.260 10.766
631.460 10.777
631.659 10.771
631.859 10.759
632.059 10.768
632.258 10.767
632.458 10.773
632.658 10.740
632.857 10.705
633.057 10.689
633.256 10.662
633.456 10.652
633.656 10.621
633.855 10.589
634.055 10.553
634.255 10.548
634.454 10.554
634.654 10.550
634.853 10.557
635.053 10.405
635.253 10.135
635.452 10.119
635.652 10.094
635.852 10.057
636.051 10.060
636.251 10.058
636.451 10.051
636.650 10.034
636.850 10.054
637.049 10.035
637.249 10.013
637.449 9.996
637.648 9.967
637.848 9.944
638.048 9.948
638.247 9.955
638.447 9.932
638.647 9.931
638.846 9.939
639.046 9.895
639.245 9.865
639.445 9.845
639.645 9.787
639.844 9.740
640.044 9.733
640.244 9.736
640.443 9.739
640.643 9.712
640.842 9.676
641.042 9.655
641.242 9.690
641.441 9.699
641.641 9.700
641.841 9.656
642.040 9.633
642.240 9.615
642.440 9.599
642.639 9.601
642.839 9.589
643.038 9.569
643.238 9.590
643.438 9.609
643.637 9.628
643.837 9.637
644.037 9.655
644.236 9.691
644.436 9.681
644.635 9.623
644.835 9.590
645.035 9.600
645.234 9.575
645.434 9.539
645.634 9.500
645.833 9.490
646.033 9.533
646.233 9.547
646.432 9.557
646.632 9.572
646.831 9.554
647.031 9.542
647.231 9.538
647.430 9.521
647.630 9.487
647.830 9.439
648.029 9.423
648.229 9.365
648.429 9.289
648.628 9.248
648.828 9.255
649.027 9.242
649.227 9.208
649.427 9.194
649.626 9.188
649.826 9.194
650.026 9.156
650.225 9.109
650.425 9.096
650.624 9.085
650.824 9.064
651.024 9.051
651.223 9.022
651.423 8.993
651.623 9.011
651.822 9.032
652.022 9.035
652.222 9.036
652.421 9.055
652.621 9.078
652.820 9.089
653.020 9.071
653.220 9.055
653.419 9.071
653.619 9.050
653.819 8.997
654.018 8.977
654.218 8.988
654.418 9.009
654.617 8.996
654.817 8.961
655.016 8.937
655.216 8.936
655.416 8.943
655.615 8.928
655.815 8.872
656.015 8.850
656.214 8.886
656.414 8.899
656.613 8.891
656.813 8.905
657.013 8.925
657.212 8.909
657.412 8.934
657.612 8.939
657.811 8.948
658.011 8.962
658.211 8.978
658.410 8.995
658.610 8.984
658.809 8.994
659.009 8.984
659.209 8.972
659.408 8.960
659.608 8.962
659.808 8.954
660.007 8.956
660.207 8.954
660.406 8.907
660.606 8.851
660.806 8.857
661.005 8.849
661.205 8.786
661.405 8.782
661.604 8.785
661.804 8.778
662.004 8.760
662.203 8.746
662.403 8.713
662.602 8.698
662.802 8.715
663.002 8.707
663.201 8.729
663.401 8.731
663.601 8.719
663.800 8.697
664.000 8.697
664.199 8.731
664.399 8.732
664.599 8.710
664.798 8.712
664.998 8.721
665.198 8.681
665.397 8.685
665.597 8.713
665.797 8.700
665.996 8.680
666.196 8.661
666.395 8.628
666.595 8.615
666.795 8.611
666.994 8.598
667.194 8.574
667.394 8.535
667.593 8.524
667.793 8.538
667.993 8.556
668.192 8.555
668.392 8.511
668.591 8.454
668.791 8.440
668.991 8.494
669.190 8.474
669.390 8.478
669.590 8.498
669.789 8.457
669.989 8.441
670.188 8.415
670.388 8.416
670.588 8.450
670.787 8.454
670.987 8.423
671.187 8.387
671.386 8.411
671.586 8.421
671.786 8.413
671.985 8.369
672.185 8.311
672.384 8.298
672.584 8.292
672.784 8.308
672.983 8.308
673.183 8.244
673.383 8.233
673.582 8.222
673.782 8.214
673.981 8.211
674.181 8.158
674.381 8.133
674.580 8.109
674.780 8.065
674.980 8.039
675.179 8.032
675.379 8.043
675.579 7.988
675.778 7.948
675.978 7.926
676.177 7.937
676.377 7.947
676.577 7.952
676.776 7.941
676.976 7.913
677.176 7.909
677.375 7.919
677.575 7.925
677.775 7.937
677.974 7.904
678.174 7.919
678.373 7.959
678.573 7.986
678.773 8.010
678.972 8.033
679.172 8.043
679.372 8.066
679.571 8.074
679.771 8.108
679.970 8.122
680.170 8.104
680.370 8.069
680.569 8.063
680.769 8.060
680.969 8.066
681.168 8.093
681.368 8.121
681.568 8.137
681.767 8.118
681.967 8.091
682.166 8.109
682.366 8.094
682.566 8.080
682.765 8.074
682.965 8.066
683.165 8.063
683.364 8.073
683.564 8.042
683.764 8.003
683.963 7.949
684.163 7.916
684.362 7.933
684.562 7.978
684.762 7.996
684.961 7.992
685.161 7.997
685.361 7.975
685.560 7.912
685.760 7.850
685.959 7.829
686.159 7.827
686.359 7.787
686.558 7.739
686.758 7.720
686.958 7.725
687.157 7.725
687.357 7.733
687.557 7.773
687.756 7.789
687.956 7.797
688.155 7.818
688.355 7.856
688.555 7.853
688.754 7.838
688.954 7.848
689.154 7.840
689.353 7.848
689.553 7.883
689.752 7.905
689.952 7.931
690.152 7.934
690.351 7.928
690.551 7.916
690.751 7.905
690.950 7.889
691.150 7.893
691.350 7.899
691.549 7.894
691.749 7.825
691.948 7.818
692.148 7.853
692.348 7.840
692.547 7.817
692.747 7.837
692.947 7.854
693.146 7.837
693.346 7.812
693.546 7.792
693.745 7.749
693.945 7.741
694.144 7.734
694.344 7.758
694.544 7.790
694.743 7.812
694.943 7.838
695.143 7.877
695.342 7.874
695.542 7.861
695.741 7.838
695.941 7.843
696.141 7.858
696.340 7.863
696.540 7.871
696.745 7.893
696.951 7.877
697.156 7.854
697.362 7.814
697.567 7.818
697.772 7.830
697.978 7.820
698.183 7.823
698.389 7.832
698.594 7.809
698.799 7.764
699.005 7.790
699.210 7.825
699.416 7.792
699.621 7.730
699.826 7.697
700.032 7.718
700.237 7.726
700.443 7.665
700.648 7.623
700.853 7.656
701.059 7.690
701.264 7.659
701.470 7.636
701.675 7.693
701.880 7.743
702.086 7.732
702.291 7.711
702.497 7.693
702.702 7.678
702.907 7.682
703.113 7.692
703.318 7.643
703.524 7.581
703.729 7.584
703.934 7.602
704.140 7.602
704.345 7.583
704.551 7.563
704.756 7.576
704.961 7.587
705.167 7.569
705.372 7.505
705.578 7.531
705.783 7.548
705.988 7.511
706.194 7.441
706.399 7.434
706.605 7.463
706.810 7.499
707.015 7.536
707.221 7.507
707.426 7.493
707.632 7.495
707.837 7.493
708.042 7.490
708.248 7.498
708.453 7.519
708.659 7.495
708.864 7.512
709.069 7.537
709.275 7.516
709.480 7.471
709.686 7.460
709.891 7.446
710.096 7.446
710.302 7.450
710.507 7.462
710.713 7.438
710.918 7.420
711.123 7.404
711.329 7.343
711.534 7.368
711.740 7.417
711.945 7.467
712.150 7.493
712.356 7.525
712.561 7.558
712.766 7.566
712.972 7.575
713.177 7.555
713.383 7.511
713.588 7.478
713.793 7.493
713.999 7.506
714.204 7.507
714.410 7.477
714.615 7.479
714.820 7.508
715.026 7.513
715.231 7.532
715.437 7.540
715.642 7.596
715.847 7.622
716.053 7.584
716.258 7.565
716.464 7.581
716.669 7.596
716.874 7.598
717.080 7.632
717.285 7.750
717.491 7.780
717.696 7.802
717.901 7.802
718.107 7.808
718.312 7.821
718.518 7.831
718.723 7.859
718.928 7.891
719.134 7.860
719.339 7.842
719.545 7.816
719.750 7.786
719.955 7.743
720.161 7.697
720.366 7.668
720.572 7.656
720.777 7.642
720.982 7.548
721.188 7.493
721.393 7.439
721.599 7.340
721.804 7.360
722.009 7.397
722.215 7.445
722.420 7.441
722.626 7.448
722.831 7.435
723.036 7.397
723.242 7.364
723.447 7.392
723.653 7.426
723.858 7.442
724.063 7.481
724.269 7.541
724.474 7.596
724.680 7.678
724.885 7.711
725.090 7.670
725.296 7.688
725.501 7.694
725.707 7.702
725.912 7.690
726.117 7.661
726.323 7.669
726.528 7.664
726.734 7.675
726.939 7.710
727.144 7.754
727.350 7.793
727.555 7.805
727.761 7.836
727.966 7.825
728.171 7.858
728.377 7.895
728.582 7.815
728.788 7.748
728.993 7.690
729.198 7.650
729.404 7.697
729.609 7.765
729.815 7.783
730.020 7.762
730.225 7.765
730.431 7.754
730.636 7.711
730.842 7.675
731.047 7.633
731.252 7.562
731.458 7.539
731.663 7.585
731.869 7.596
732.074 7.556
732.279 7.555
732.485 7.555
732.690 7.502
732.896 7.526
733.101 7.560
733.306 7.591
733.512 7.586
733.717 7.576
733.923 7.525
734.128 7.536
734.333 7.578
734.539 7.603
734.744 7.600
734.950 7.578
735.155 7.591
735.360 7.675
735.566 7.720
735.771 7.723
735.977 7.666
736.182 7.647
736.387 7.677
736.593 7.740
736.798 7.810
737.004 7.834
737.209 7.855
737.414 7.863
737.620 7.864
737.825 7.873
738.031 7.881
738.236 7.896
738.441 7.883
738.647 7.870
738.852 7.835
739.058 7.860
739.263 7.912
739.468 7.937
739.674 7.917
739.879 7.924
740.085 7.951
740.290 7.944
740.495 7.916
740.701 7.894
740.906 7.856
741.112 7.800
741.317 7.780
741.522 7.760
741.728 7.759
741.933 7.796
742.139 7.835
742.344 7.854
742.549 7.848
742.755 7.847
742.960 7.831
743.166 7.803
743.371 7.768
743.576 7.770
743.782 7.763
743.987 7.779
744.193 7.768
744.398 7.700
744.603 7.700
744.809 7.739
745.014 7.736
745.220 7.710
745.425 7.633
745.630 7.628
745.836 7.641
746.041 7.613
746.246 7.581
746.452 7.578
746.657 7.570
746.863 7.607
747.068 7.665
747.274 7.728
747.479 7.812
747.684 7.853
747.890 7.853
748.095 7.843
748.300 7.836
748.506 7.853
748.711 7.901
748.917 7.896
749.122 7.873
749.327 7.854
749.533 7.846
749.738 7.876
749.944 7.882
750.149 7.867
750.354 7.882
750.560 7.895
750.765 7.880
750.971 7.892
751.176 7.878
751.381 7.882
751.587 7.852
751.792 7.824
751.998 7.792
752.203 7.773
752.408 7.809
752.614 7.801
752.819 7.823
753.025 7.848
753.230 7.880
753.435 7.912
753.641 7.964
753.846 8.043
754.052 8.098
754.257 8.068
754.462 8.071
754.668 8.087
754.873 8.075
755.079 8.055
755.284 8.052
755.489 8.095
755.695 8.031
755.900 8.049
756.106 8.065
756.311 8.088
756.516 8.049
756.722 8.015
756.927 8.003
757.133 7.971
757.338 7.946
757.543 7.948
757.749 7.917
757.954 7.857
758.160 7.783
758.365 7.750
758.570 7.824
758.776 7.849
758.981 7.849
759.187 7.863
759.392 7.933
759.597 7.933
759.803 7.862
760.008 7.876
760.214 7.862
760.419 7.819
760.624 7.800
760.830 7.907
761.035 7.931
761.241 7.893
761.446 7.857
761.651 7.836
761.857 7.859
762.062 7.882
762.268 7.878
762.473 7.876
762.678 7.879
762.884 7.876
763.089 7.876
763.295 7.916
763.500 7.994
763.709 7.991
763.918 7.992
764.126 8.009
764.335 8.040
764.544 8.076
764.753 8.098
764.962 8.150
765.171 8.131
765.379 8.098
765.588 8.154
765.797 8.215
766.006 8.259
766.215 8.264
766.424 8.282
766.632 8.306
766.841 8.346
767.050 8.344
767.259 8.330
767.468 8.381
767.677 8.355
767.885 8.248
768.094 8.215
768.303 8.232
768.512 8.258
768.721 8.286
768.929 8.262
769.138 8.318
769.347 8.337
769.556 8.332
769.765 8.366
769.974 8.374
770.182 8.333
770.391 8.306
770.600 8.302
770.809 8.310
771.018 8.354
771.227 8.344
771.435 8.353
771.644 8.349
771.853 8.349
772.062 8.387
772.271 8.438
772.480 8.423
772.688 8.395
772.897 8.390
773.106 8.352
773.315 8.402
773.524 8.429
773.732 8.472
773.941 8.459
774.150 8.427
774.359 8.385
774.568 8.380
774.777 8.380
774.985 8.373
775.194 8.364
775.403 8.376
775.612 8.417
775.821 8.494
776.030 8.586
776.238 8.554
776.447 8.556
776.656 8.626
776.865 8.717
777.074 8.787
777.283 8.872
777.491 8.933
777.700 8.850
777.909 8.771
778.118 8.643
778.327 8.640
778.535 8.730
778.744 8.780
778.953 8.799
779.162 8.798
779.371 8.801
779.580 8.842
779.788 8.900
779.997 8.908
780.206 8.804
780.415 8.709
780.624 8.716
780.833 8.708
781.041 8.611
781.250 8.523
781.459 8.485
781.668 8.472
781.877 8.446
782.086 8.523
782.294 8.537
782.503 8.643
782.712 8.699
782.921 8.692
783.130 8.683
783.338 8.746
783.547 8.793
783.756 8.769
783.965 8.758
784.174 8.751
784.383 8.824
784.591 8.893
784.800 8.952
785.009 8.951
785.218 8.947
785.427 9.031
785.636 9.081
785.844 9.080
786.053 9.062
786.262 9.085
786.471 9.074
786.680 9.138
786.889 9.118
787.097 9.085
787.306 9.085
787.515 9.063
787.724 9.015
787.933 9.012
788.141 9.063
788.350 9.009
788.559 8.946
788.768 8.929
788.977 8.933
789.186 8.916
789.394 8.965
789.603 8.954
789.812 8.874
790.021 8.892
790.230 8.966
790.439 9.093
790.647 9.066
790.856 9.059
791.065 9.043
791.274 9.081
791.483 9.104
791.692 9.122
791.900 9.188
792.109 9.199
792.318 9.211
792.527 9.241
792.736 9.350
792.944 9.389
793.153 9.366
793.362 9.361
793.571 9.316
793.780 9.325
793.989 9.393
794.197 9.457
794.406 9.462
794.615 9.399
794.824 9.227
795.033 9.208
795.242 9.248
795.450 9.247
795.659 9.220
795.868 9.183
796.077 9.157
796.286 9.202
796.495 9.240
796.703 9.245
796.912 9.257
797.121 9.275
797.330 9.276
797.539 9.270
797.747 9.379
797.956 9.453
798.165 9.400
798.374 9.407
798.583 9.426
798.792 9.399
799.000 9.464
799.209 9.578
799.418 9.720
799.627 9.806
799.836 9.852
800.045 9.933
800.253 10.069
800.462 10.175
800.671 10.118
800.880 10.148
801.089 10.210
801.298 10.194
801.506 10.133
801.715 10.225
801.924 10.344
802.133 10.342
802.342 10.386
802.550 10.440
802.759 10.497
802.968 10.538
803.177 10.563
803.386 10.523
803.595 10.466
803.803 10.411
804.012 10.349
804.221 10.379
804.430 10.395
804.639 10.438
804.848 10.379
805.056 10.395
805.265 10.398
805.474 10.427
805.683 10.416
805.892 10.451
806.101 10.472
806.309 10.401
806.518 10.299
806.727 10.267
806.936 10.309
807.145 10.246
807.353 10.188
807.562 10.172
807.771 10.202
807.980 10.193
808.189 10.134
808.398 10.122
808.606 10.192
808.815 10.268
809.024 10.231
809.233 10.298
809.442 10.329
809.651 10.249
809.859 10.182
810.068 10.244
810.277 10.305
810.486 10.228
810.695 10.223
810.904 10.325
811.112 10.359
811.321 10.402
811.530 10.477
811.741 10.559
811.953 10.678
812.164 10.738
812.375 10.781
812.586 10.822
812.798 10.842
813.009 10.838
813.220 10.853
813.431 10.868
813.643 10.900
813.854 11.022
814.065 11.126
814.276 11.179
814.488 11.211
814.699 11.181
814.910 11.249
815.121 11.207
815.333 11.086
815.544 11.060
815.755 10.969
815.966 10.952
816.178 11.000
816.389 10.959
816.600 10.915
816.811 10.958
817.023 11.024
817.234 11.086
817.445 11.047
817.656 11.053
817.868 11.170
818.079 11.178
818.290 11.127
818.502 11.142
818.713 11.168
818.924 11.135
819.135 11.162
819.347 11.147
819.558 11.193
819.769 11.403
819.980 11.496
820.192 11.583
820.403 11.585
820.614 11.566
820.825 11.656
821.037 11.725
821.248 11.825
821.459 11.861
821.670 11.858
821.882 11.809
822.093 11.727
822.304 11.663
822.515 11.673
822.727 11.692
822.938 11.738
823.149 11.759
823.360 11.807
823.572 11.945
823.783 12.042
823.994 12.108
824.205 11.970
824.417 11.924
824.628 11.958
824.839 11.959
825.051 11.947
825.262 11.909
825.473 11.921
825.684 11.886
825.896 11.831
826.107 11.785
826.318 11.860
826.529 11.930
826.741 11.903
826.952 11.872
827.163 11.949
827.374 12.004
827.586 12.019
827.797 12.101
828.008 12.120
828.219 12.147
828.431 12.256
828.642 12.492
828.853 12.666
829.064 12.704
829.276 12.783
829.487 12.745
829.698 12.689
829.909 12.721
830.121 12.770
830.332 12.851
830.543 12.878
830.754 12.945
830.966 12.948
831.177 12.917
831.388 12.936
831.600 12.879
831.811 12.880
832.022 13.078
832.233 13.194
832.445 13.005
832.656 12.927
832.867 12.894
833.078 12.792
833.290 12.653
833.501 12.727
833.712 12.817
833.923 12.888
834.135 12.934
834.346 12.924
834.557 12.839
834.768 12.900
834.980 13.130
835.191 13.163
835.402 13.224
835.613 13.342
835.825 13.540
836.036 13.604
836.247 13.704
836.458 13.761
836.670 13.674
836.881 13.837
837.092 13.878
837.303 13.890
837.515 14.015
837.726 14.076
837.937 14.011
838.148 14.031
838.360 14.130
838.571 14.228
838.782 14.254
838.994 14.288
839.205 14.197
839.416 14.040
839.627 14.067
839.839 14.039
840.050 13.985
840.261 13.895
840.472 13.983
840.684 13.916
840.895 13.757
841.106 13.699
841.317 13.648
841.529 13.720
841.740 13.698
841.951 13.578
842.162 13.649
842.374 13.779
842.585 13.753
842.796 13.687
843.007 13.732
843.219 13.845
843.430 13.915
843.641 13.908
843.852 13.866
844.064 13.834
844.275 13.871
844.486 14.019
844.697 14.061
844.909 14.005
845.120 14.063
845.331 14.084
845.543 14.195
845.754 14.282
845.965 14.264
846.176 14.336
846.388 14.459
846.599 14.524
846.810 14.609
847.021 14.618
847.233 14.802
847.444 14.893
847.655 15.008
847.866 15.040
848.078 15.209
848.289 15.444
848.500 15.484
848.711 15.595
848.923 15.667
849.134 15.606
849.345 15.550
849.556 15.486
849.768 15.488
849.979 15.475
850.190 15.499
850.401 15.555
850.613 15.692
850.824 15.705
851.035 15.701
851.246 15.592
851.458 15.695
851.669 15.665
851.880 15.458
852.092 15.358
852.303 15.513
852.514 15.751
852.725 15.911
852.937 15.942
853.148 15.916
853.359 15.838
853.570 15.966
853.782 16.181
853.993 16.304
854.204 16.317
854.415 16.307
854.627 16.373
854.838 16.443
855.049 16.499
855.260 16.637
855.472 16.549
855.683 16.564
855.894 16.694
856.105 16.815
856.317 16.932
856.528 16.930
856.739 16.774
856.950 16.599
857.162 16.364
857.373 16.339
857.584 16.251
857.795 16.230
858.007 16.208
858.218 16.031
858.429 16.293
858.640 16.771
858.852 16.603
859.063 16.509
859.274 16.605
859.486 16.378
859.697 16.084
859.908 16.322
860.119 16.496
860.331 16.408
860.542 16.458
860.753 16.693
860.964 16.876
861.176 17.042
861.387 17.057
861.598 17.203
861.809 17.342
862.021 17.355
862.232 17.368
862.443 17.378
862.654 17.542
862.866 17.395
863.077 17.110
863.288 17.492
863.499 17.805
863.711 17.869
863.922 18.098
864.133 18.413
864.344 18.226
864.556 17.935
864.767 17.731
864.978 17.414
865.189 17.377
865.401 17.403
865.612 17.391
865.823 17.328
866.035 17.185
866.246 17.138
866.457 17.408
866.668 17.625
866.880 17.724
867.091 17.731
867.302 17.653
867.513 17.709
867.725 17.802
867.936 17.873
868.147 17.876
868.358 17.929
868.570 17.866
868.781 18.067
868.992 18.429
869.203 18.726
869.415 19.034
869.626 19.275
869.837 19.280
870.048 19.380
870.260 19.528
870.471 19.773
870.682 19.788
870.893 19.613
871.105 19.664
871.316 19.773
871.527 19.794
871.738 20.076
871.950 20.245
872.161 20.154
872.372 19.949
872.584 19.740
872.795 19.602
873.006 19.537
873.217 19.531
873.429 19.494
873.640 19.413
873.851 19.234
874.062 18.920
874.274 18.739
874.485 18.708
874.696 18.811
874.907 18.674
875.119 18.694
875.330 18.632
875.541 18.392
875.752 18.151
875.964 18.121
876.175 17.972
876.386 17.785
876.597 17.826
876.809 17.937
877.020 18.224
877.231 18.337
877.442 18.454
877.654 18.495
877.865 18.462
878.076 18.435
878.287 18.352
878.499 18.274
878.710 18.434
878.921 18.419
879.133 18.287
879.344 18.499
879.555 18.750
879.766 19.047
879.978 19.137
880.189 19.363
880.400 19.614
880.611 19.658
880.823 19.804
881.034 19.908
881.245 19.948
881.456 19.758
881.668 19.573
881.879 19.615
882.090 19.808
882.301 19.850
882.513 19.765
882.724 19.976
882.935 20.082
883.146 20.031
883.358 20.248
883.569 20.253
883.780 20.138
883.991 20.081
884.203 19.998
884.414 20.105
884.625 20.069
884.836 19.794
885.048 19.842
885.259 19.945
885.470 19.928
885.682 19.908
885.893 20.039
886.104 20.380
886.315 20.351
886.527 20.161
886.738 20.222
886.949 20.360
887.160 20.389
887.372 20.346
887.583 20.411
887.794 20.211
888.005 20.280
888.217 20.252
888.428 20.176
888.639 20.269
888.850 20.299
889.062 20.262
889.273 20.357
889.484 20.195
889.695 19.894
889.907 19.893
890.118 19.875
890.329 19.914
890.540 19.888
890.752 19.988
890.963 20.046
891.174 20.108
891.385 20.395
891.597 20.473
891.808 20.642
892.019 20.725
892.231 20.874
892.442 20.977
892.653 21.147
892.864 21.065
893.076 21.483
893.287 22.235
893.498 22.277
893.709 22.424
893.921 22.466
894.132 22.633
894.343 22.605
894.554 22.587
894.766 22.792
894.977 22.955
895.188 22.956
895.399 22.896
895.611 22.675
895.822 22.522
896.033 22.529
896.244 22.433
896.456 22.503
896.667 22.580
896.878 22.746
897.089 22.832
897.301 22.890
897.512 22.378
897.723 21.715
897.934 21.855
898.146 21.982
898.357 22.081
898.568 22.094
898.779 22.241
898.991 22.463
899.202 22.428
899.413 22.306
899.625 22.334
899.836 22.659
900.047 23.197
900.258 23.189
900.470 23.259
900.681 23.467
900.892 23.609
901.103 23.723
901.315 23.644
901.526 23.576
901.737 23.750
901.948 23.941
902.160 23.802
902.371 23.635
902.582 23.396
902.793 23.407
903.005 23.465
903.216 23.524
903.427 23.512
903.638 23.327
903.850 23.413
904.061 23.585
904.272 23.500
904.483 23.058
904.695 23.096
904.906 23.168
905.117 23.033
905.328 22.612
905.540 22.368
905.751 22.050
905.962 22.012
906.174 22.184
906.385 21.927
906.596 21.958
906.807 22.269
907.019 22.644
907.230 22.873
907.441 23.140
907.652 23.320
907.864 23.470
908.075 23.469
908.286 23.028
908.497 22.724
908.709 22.554
908.920 22.863
909.131 22.996
909.342 23.087
909.554 23.415
909.765 23.956
909.976 24.072
910.187 24.372
910.399 24.549
910.610 24.596
910.821 24.933
911.032 25.121
911.244 24.904
911.455 24.576
911.666 24.588
911.877 24.746
912.089 24.710
912.300 24.613
912.515 24.739
912.730 25.166
912.944 25.426
913.159 25.949
913.374 26.176
913.589 26.307
913.803 26.517
914.018 26.480
914.233 25.943
914.448 26.138
914.663 26.418
914.877 26.735
915.092 26.730
915.307 26.816
915.522 27.009
915.736 27.401
915.951 27.646
916.166 27.707
916.381 27.291
916.596 27.214
916.810 27.709
917.025 27.945
917.240 28.032
917.455 28.049
917.669 27.374
917.884 26.682
918.099 26.461
918.314 26.452
918.529 26.940
918.743 27.891
918.958 28.211
919.173 28.166
919.388 27.897
919.602 27.946
919.817 28.326
920.032 28.648
920.247 28.987
920.462 29.611
920.676 29.999
920.891 30.196
921.106 30.174
921.321 29.785
921.535 29.770
921.750 29.980
921.965 30.407
922.180 30.907
922.395 31.293
922.609 31.693
922.824 31.698
923.039 31.389
923.254 30.580
923.469 30.220
923.683 30.128
923.898 29.688
924.113 29.340
924.328 29.229
924.542 29.304
924.757 28.759
924.972 28.345
925.187 27.915
925.402 27.954
925.616 28.175
925.831 28.561
926.046 28.612
926.261 28.874
926.475 28.788
926.690 29.027
926.905 29.783
927.120 30.027
927.335 30.019
927.549 30.351
927.764 31.054
927.979 31.111
928.194 31.306
928.408 31.937
928.623 32.335
928.838 32.659
929.053 33.056
929.268 33.374
929.482 32.864
929.697 32.842
929.912 33.087
930.127 32.969
930.341 33.402
930.556 34.243
930.771 34.255
930.986 34.357
931.201 34.026
931.415 33.542
931.630 33.810
931.845 34.537
932.060 34.699
932.274 35.257
932.489 35.603
932.704 35.882
932.919 36.247
933.134 36.342
933.348 36.318
933.563 35.788
933.778 35.856
933.993 37.120
934.207 37.726
934.422 37.666
934.637 38.063
934.852 37.562
935.067 37.012
935.281 37.109
935.496 37.916
935.711 38.955
935.926 39.365
936.140 39.743
936.355 40.026
936.570 40.031
936.785 39.552
937.000 39.694
937.214 40.339
937.429 40.918
937.644 41.501
937.859 41.711
938.073 41.905
938.288 42.041
938.503 41.963
938.718 42.456
938.933 44.123
939.147 45.872
939.362 46.847
939.577 47.458
939.792 47.484
940.007 47.162
940.221 46.841
940.436 46.977
940.651 46.655
940.866 46.720
941.080 46.998
941.295 47.576
941.510 47.787
941.725 47.533
941.940 47.975
942.154 48.137
942.369 48.408
942.584 48.903
942.799 49.691
943.013 50.250
943.228 50.394
943.443 49.713
943.658 47.973
943.873 47.707
944.087 47.987
944.302 48.382
944.517 48.256
944.732 48.277
944.946 47.549
945.161 47.882
945.376 47.455
945.591 47.729
945.806 47.971
946.020 48.478
946.235 49.617
946.450 49.215
946.665 48.866
946.879 48.738
947.094 48.856
947.309 48.351
947.524 48.536
947.739 48.234
947.953 47.414
948.168 47.808
948.383 47.604
948.598 47.179
948.812 47.718
949.027 46.994
949.242 46.331
949.457 47.930
949.672 48.525
949.886 48.436
950.101 48.262
950.316 48.557
950.531 48.846
950.745 48.170
950.960 48.678
951.175 49.800
951.390 50.791
951.605 51.254
951.819 52.675
952.034 53.790
952.249 54.937
952.464 55.048
952.678 55.372
952.893 55.675
953.108 54.785
953.323 53.463
953.538 54.281
953.752 54.582
953.967 53.215
954.182 52.054
954.397 52.974
954.611 53.250
954.826 52.290
955.041 52.051
955.256 52.037
955.471 51.007
955.685 50.344
955.900 49.633
956.115 52.117
956.330 56.383
956.544 54.710
956.759 53.119
956.974 53.582
957.189 53.541
957.404 53.262
957.618 54.130
957.833 54.709
958.048 54.536
958.263 55.183
958.478 56.139
958.692 56.656
958.907 56.458
959.122 56.158
959.337 56.184
959.551 55.659
959.766 54.807
959.981 55.284
960.196 55.408
960.411 55.018
960.625 51.410
960.840 45.309
961.055 44.420
961.270 44.828
961.484 44.744
961.699 44.984
961.914 45.407
962.129 46.302
962.344 48.168
962.558 49.811
962.773 50.201
962.988 51.470
963.203 53.186
963.417 53.451
963.632 53.940
963.847 54.510
964.062 55.056
964.277 55.552
964.491 54.645
964.706 54.851
964.921 55.278
965.136 55.696
965.350 56.821
965.565 57.932
965.780 58.060
965.987 58.266
966.194 59.031
966.402 59.086
966.609 58.148
966.816 56.716
967.023 55.020
967.231 54.702
967.438 53.598
967.645 51.954
967.852 51.218
968.059 50.941
968.267 51.441
968.474 52.814
968.681 53.403
968.888 54.805
969.096 54.295
969.303 53.783
969.510 54.619
969.717 55.013
969.925 55.872
970.132 55.481
970.339 54.668
970.546 53.168
970.753 52.789
970.961 53.980
971.168 54.370
971.375 54.763
971.582 54.051
971.790 53.225
971.997 53.507
972.204 53.303
972.411 53.372
972.618 54.409
972.826 53.882
973.033 53.654
973.240 53.186
973.447 53.512
973.655 54.140
973.862 53.606
974.069 53.462
974.276 54.099
974.483 54.754
974.691 55.953
974.898 57.209
975.105 58.108
975.312 57.893
975.520 57.533
975.727 57.545
975.934 57.785
976.141 58.176
976.349 57.793
976.556 58.588
976.763 58.353
976.970 57.476
977.177 56.153
977.385 55.804
977.592 55.840
977.799 55.770
978.006 56.856
978.214 58.267
978.421 58.947
978.628 57.549
978.835 57.355
979.042 55.945
979.250 55.301
979.457 55.517
979.664 55.165
979.871 55.376
980.079 57.138
980.286 56.700
980.493 55.831
980.700 56.742
980.907 58.571
981.115 58.560
981.322 57.725
981.529 58.800
981.736 58.854
981.944 59.207
982.151 60.491
982.358 59.982
982.565 59.079
982.773 57.987
982.980 58.562
983.187 60.605
983.394 63.856
983.601 63.048
983.809 61.789
984.016 60.521
984.223 59.595
984.430 58.005
984.638 58.479
984.845 60.891
985.052 62.916
985.259 61.672
985.466 62.585
985.674 62.553
985.881 63.226
986.088 65.171
986.295 66.786
986.503 66.859
986.710 66.867
986.917 66.772
987.124 67.272
987.331 67.254
987.539 66.767
987.746 65.695
987.953 66.878
988.160 68.777
988.368 71.298
988.575 73.146
988.782 74.369
988.989 74.363
989.197 73.568
989.404 72.212
989.611 72.070
989.818 69.536
990.025 69.671
990.233 69.311
990.440 67.565
990.647 64.333
990.854 63.071
991.062 64.074
991.269 63.902
991.476 62.941
991.683 63.310
991.890 63.588
992.098 63.719
992.305 64.698
992.512 63.356
992.719 62.627
992.927 63.443
993.134 63.261
993.341 64.395
993.548 64.254
993.755 62.574
993.963 61.349
994.170 62.005
994.377 61.462
994.584 60.634
994.792 64.638
994.999 69.678
995.206 70.834
995.413 70.082
995.621 71.928
995.828 73.277
996.035 72.451
996.242 71.340
996.449 71.660
996.657 71.923
996.864 71.323
997.071 70.491
997.278 68.364
997.486 69.967
997.693 70.106
997.900 70.284
998.107 70.659
998.314 70.646
998.522 72.745
998.729 74.483
998.936 74.744
999.143 73.488
999.351 73.398
999.558 72.885
999.765 73.493
999.972 73.201
1000.179 73.357
1000.387 74.360
1000.594 74.554
1000.801 73.917
1001.008 74.069
1001.216 74.904
1001.423 76.546
1001.630 77.864
1001.837 74.978
1002.045 74.711
1002.252 76.630
1002.459 78.796
1002.666 82.132
1002.873 83.493
1003.081 83.169
1003.288 82.645
1003.495 80.576
1003.702 78.269
1003.910 80.221
1004.117 82.599
1004.324 81.507
1004.531 81.508
1004.738 81.801
1004.946 81.483
1005.153 80.853
1005.360 81.142
1005.567 85.102
1005.775 85.415
1005.982 83.948
1006.189 83.520
1006.396 81.912
1006.603 78.792
1006.811 76.766
1007.018 72.898
1007.225 72.049
1007.432 73.957
1007.640 78.433
1007.847 79.690
1008.054 79.289
1008.261 75.551
1008.469 72.610
1008.676 75.419
1008.883 79.072
1009.090 82.051
1009.297 81.524
1009.505 82.767
1009.712 82.641
1009.919 78.379
1010.126 77.058
1010.334 78.881
1010.541 79.302
1010.748 81.921
1010.955 84.870
1011.162 86.321
1011.370 92.029
1011.577 92.073
1011.784 90.894
1011.991 87.253
1012.199 82.091
1012.406 81.029
1012.613 84.735
1012.820 83.294
1013.027 78.056
1013.235 73.832
1013.442 71.118
1013.649 74.750
1013.856 78.508
1014.064 81.491
1014.271 81.992
1014.478 80.533
1014.685 80.342
1014.893 82.147
1015.100 82.104
1015.307 81.083
1015.514 80.658
1015.721 75.928
1015.929 75.341
1016.136 74.622
1016.343 75.126
1016.550 83.395
