292.253 89.983
292.450 92.324
292.647 93.128
292.845 93.393
293.042 94.277
293.239 94.694
293.437 93.616
293.634 91.717
293.831 91.134
294.029 91.442
294.226 91.430
294.423 94.144
294.621 94.166
294.818 93.266
295.015 92.824
295.213 93.834
295.410 95.479
295.607 96.206
295.805 96.042
296.002 95.511
296.199 95.367
296.397 94.499
296.594 92.573
296.791 91.254
296.989 91.404
297.186 90.064
297.383 88.662
297.581 90.253
297.778 92.344
297.975 93.047
298.173 92.301
298.370 92.229
298.567 93.021
298.765 93.072
298.962 94.298
299.159 94.647
299.357 94.288
299.554 93.906
299.751 94.096
299.949 93.600
300.146 94.357
300.343 93.755
300.541 92.214
300.738 92.805
300.935 94.178
301.133 94.146
301.330 95.247
301.527 97.072
301.725 96.237
301.922 94.900
302.119 94.670
302.317 96.152
302.514 96.283
302.711 95.106
302.909 94.702
303.106 93.351
303.303 92.963
303.501 93.483
303.698 93.260
303.895 92.391
304.093 91.822
304.290 91.561
304.487 92.237
304.685 92.596
304.882 91.877
305.079 90.962
305.277 90.019
305.474 89.303
305.671 87.823
305.869 87.757
306.066 88.348
306.263 87.858
306.461 86.623
306.658 86.598
306.855 86.582
307.053 85.916
307.250 86.347
307.447 87.072
307.645 87.174
307.842 86.790
308.039 86.732
308.237 86.854
308.434 86.246
308.631 86.088
308.829 86.663
309.026 86.232
309.223 86.064
309.421 86.463
309.618 85.862
309.815 86.155
310.013 86.235
310.210 85.729
310.407 85.740
310.605 85.812
310.802 85.941
310.999 86.320
311.197 88.059
311.394 88.641
311.591 87.851
311.789 86.819
311.986 86.169
312.183 85.362
312.381 84.793
312.578 84.786
312.775 83.699
312.973 82.994
313.170 83.545
313.347 83.565
313.523 83.131
313.700 83.036
313.877 83.353
314.054 83.457
314.230 84.250
314.407 84.820
314.584 84.591
314.761 83.564
314.937 83.434
315.114 82.573
315.291 80.768
315.467 80.472
315.644 81.066
315.821 81.650
315.998 81.959
316.174 81.593
316.351 81.892
316.528 82.343
316.704 81.887
316.881 81.246
317.058 80.368
317.235 80.376
317.411 80.641
317.588 80.512
317.765 80.348
317.942 79.559
318.118 78.608
318.295 79.209
318.472 80.111
318.648 80.344
318.825 80.738
319.002 81.025
319.179 80.001
319.355 78.744
319.532 78.608
319.709 79.115
319.885 79.826
320.062 79.185
320.239 79.112
320.416 78.611
320.592 78.863
320.769 79.083
320.946 78.530
321.123 79.078
321.299 78.560
321.476 78.452
321.653 78.655
321.829 78.263
322.006 77.349
322.183 77.202
322.360 76.331
322.536 74.712
322.713 74.445
322.890 75.427
323.066 76.499
323.243 76.205
323.420 75.613
323.597 75.278
323.773 74.683
323.950 74.619
324.127 75.564
324.304 75.172
324.480 75.488
324.657 76.181
324.834 75.279
325.010 74.659
325.187 73.872
325.364 74.558
325.541 76.128
325.717 75.213
325.894 73.869
326.071 73.868
326.248 74.629
326.424 74.455
326.601 73.578
326.778 72.701
326.954 72.045
327.131 71.685
327.308 71.159
327.485 71.693
327.661 71.632
327.838 71.924
328.015 72.940
328.191 72.817
328.368 72.471
328.545 72.834
328.722 73.567
328.898 73.059
329.075 71.502
329.252 70.377
329.429 70.892
329.605 71.197
329.782 69.961
329.959 68.787
330.135 69.310
330.312 69.881
330.489 70.308
330.666 70.958
330.842 71.406
331.019 71.256
331.196 70.755
331.372 70.312
331.549 69.477
331.726 69.077
331.903 68.741
332.079 69.150
332.256 68.957
332.433 67.721
332.610 67.891
332.786 67.716
332.963 67.647
333.140 67.536
333.316 67.354
333.493 67.629
333.670 67.752
333.847 67.676
334.023 67.383
334.200 66.898
334.377 66.823
334.553 66.526
334.730 66.257
334.907 65.355
335.084 64.535
335.260 64.186
335.437 63.417
335.614 63.118
335.791 62.030
335.967 61.976
336.144 63.600
336.321 64.170
336.497 63.971
336.674 62.801
336.851 62.671
337.028 62.862
337.204 63.401
337.381 63.459
337.558 62.976
337.734 62.808
337.911 62.638
338.088 62.543
338.265 62.500
338.441 62.257
338.618 62.879
338.795 64.363
338.972 65.073
339.148 64.883
339.325 64.644
339.502 64.593
339.678 64.274
339.855 62.741
340.032 62.011
340.209 62.150
340.385 62.437
340.562 62.161
340.739 62.093
340.916 62.377
341.092 62.390
341.269 62.282
341.446 62.159
341.622 61.301
341.799 60.362
341.976 59.855
342.153 59.562
342.329 59.207
342.506 58.478
342.683 58.745
342.859 59.661
343.036 59.862
343.213 59.967
343.390 59.713
343.566 59.656
343.743 59.286
343.920 58.979
344.097 58.873
344.273 58.768
344.450 58.438
344.627 57.690
344.803 57.319
344.980 57.646
345.157 57.672
345.334 58.450
345.510 58.799
345.687 58.957
345.864 59.522
346.040 59.830
346.217 59.025
346.394 57.668
346.571 56.811
346.747 57.060
346.924 57.469
347.101 57.894
347.278 58.239
347.454 58.014
347.631 58.115
347.808 58.323
347.984 58.147
348.161 57.669
348.338 57.391
348.515 57.492
348.691 56.970
348.868 56.573
349.045 56.083
349.221 55.587
349.398 55.510
349.575 55.148
349.752 54.221
349.928 54.268
350.105 54.647
350.282 54.474
350.459 54.083
350.635 53.348
350.812 52.614
350.989 52.140
351.165 52.164
351.342 52.072
351.519 51.806
351.696 51.930
351.872 51.958
352.049 51.585
352.226 51.342
352.402 51.346
352.579 51.910
352.756 52.570
352.933 52.854
353.109 52.528
353.286 52.814
353.463 53.459
353.640 53.351
353.816 52.913
353.993 52.585
354.170 52.676
354.346 52.800
354.523 52.588
354.700 52.580
354.877 52.554
355.053 52.477
355.230 52.736
355.407 53.072
355.584 53.515
355.760 53.373
355.937 52.698
356.114 52.197
356.290 51.492
356.467 50.933
356.644 50.715
356.821 50.540
356.997 50.325
357.174 50.284
357.351 50.305
357.527 50.427
357.704 50.656
357.881 50.325
358.058 50.124
358.234 50.330
358.411 50.343
358.588 50.790
358.765 50.684
358.941 50.268
359.118 49.905
359.295 49.384
359.471 49.784
359.648 49.934
359.825 50.273
360.002 50.348
360.178 50.426
360.355 50.830
360.532 50.919
360.708 50.221
360.885 50.037
361.062 50.192
361.239 50.158
361.415 50.477
361.592 50.719
361.769 50.265
361.946 49.799
362.122 49.790
362.299 49.243
362.476 49.224
362.652 49.183
362.829 48.603
363.006 47.990
363.183 47.736
363.359 47.918
363.536 47.770
363.713 47.416
363.889 46.814
364.066 46.006
364.243 45.788
364.420 46.218
364.596 46.128
364.773 45.766
364.950 45.914
365.127 45.372
365.303 45.020
365.480 45.273
365.660 45.492
365.839 45.467
366.019 45.549
366.199 45.808
366.379 45.727
366.558 45.821
366.738 46.326
366.918 46.370
367.098 46.502
367.277 46.441
367.457 46.713
367.637 46.543
367.816 46.708
367.996 46.985
368.176 46.650
368.356 46.335
368.535 46.089
368.715 45.580
368.895 45.528
369.075 45.211
369.254 45.191
369.434 45.206
369.614 44.616
369.793 44.297
369.973 43.848
370.153 43.881
370.333 44.203
370.512 44.149
370.692 44.178
370.872 44.125
371.051 44.040
371.231 43.751
371.411 43.832
371.591 43.439
371.770 42.875
371.950 42.750
372.130 42.836
372.310 43.316
372.489 43.618
372.669 43.454
372.849 43.791
373.028 43.875
373.208 43.640
373.388 43.714
373.568 43.599
373.747 43.372
373.927 43.089
374.107 42.340
374.287 42.251
374.466 42.456
374.646 42.473
374.826 42.422
375.005 42.377
375.185 42.355
375.365 42.427
375.545 42.687
375.724 42.874
375.904 42.575
376.084 42.123
376.263 41.748
376.443 41.713
376.623 41.321
376.803 41.051
376.982 41.008
377.162 40.880
377.342 40.921
377.522 41.075
377.701 41.223
377.881 41.476
378.061 41.391
378.240 40.931
378.420 40.770
378.600 40.679
378.780 40.640
378.959 40.417
379.139 40.365
379.319 40.333
379.499 40.121
379.678 40.266
379.858 40.521
380.038 40.569
380.217 40.569
380.397 40.512
380.577 40.289
380.757 39.995
380.936 40.084
381.116 40.217
381.296 40.088
381.476 40.069
381.655 40.129
381.835 39.920
382.015 40.065
382.194 40.149
382.374 40.129
382.554 40.266
382.734 40.402
382.913 40.290
383.093 39.998
383.273 39.957
383.452 40.038
383.632 39.950
383.812 39.932
383.992 39.900
384.171 40.022
384.351 39.993
384.531 39.868
384.711 39.680
384.890 39.439
385.070 39.336
385.250 39.173
385.429 39.233
385.609 39.532
385.789 39.242
385.969 38.829
386.148 38.793
386.328 38.632
386.508 38.535
386.688 38.764
386.867 38.868
387.047 38.830
387.227 38.568
387.406 38.297
387.586 38.144
387.766 38.027
387.946 37.930
388.125 37.941
388.305 38.315
388.485 38.289
388.664 38.240
388.844 38.434
389.024 38.497
389.204 38.240
389.383 37.961
389.563 38.044
389.743 38.353
389.923 38.421
390.102 38.319
390.282 38.115
390.462 37.960
390.641 37.839
390.821 37.779
391.001 37.801
391.181 37.865
391.360 38.067
391.540 38.327
391.720 38.386
391.900 38.330
392.079 38.045
392.259 38.074
392.439 38.097
392.618 37.960
392.798 37.812
392.978 37.726
393.158 37.677
393.337 37.594
393.517 37.306
393.697 37.115
393.877 37.069
394.056 37.077
394.236 37.140
394.416 37.238
394.595 37.263
394.775 37.194
394.955 37.076
395.135 36.832
395.314 36.699
395.494 36.580
395.674 36.421
395.853 36.353
396.033 36.274
396.213 36.218
396.393 36.119
396.572 36.123
396.752 36.253
396.932 36.301
397.112 36.492
397.291 36.674
397.471 36.669
397.651 36.636
397.830 36.535
398.010 36.494
398.190 36.479
398.370 36.321
398.549 36.343
398.729 36.329
398.909 36.377
399.089 36.211
399.268 36.213
399.448 36.478
399.628 36.555
399.807 36.621
399.987 36.453
400.167 36.396
400.347 36.366
400.526 36.330
400.706 36.335
400.886 36.071
401.065 35.762
401.245 35.651
401.425 35.504
401.605 35.437
401.784 35.299
401.964 35.219
402.144 35.488
402.324 35.690
402.503 35.907
402.683 35.879
402.863 35.855
403.042 35.638
403.222 35.378
403.402 35.380
403.582 35.274
403.761 35.265
403.941 35.297
404.121 35.173
404.301 34.993
404.480 34.894
404.660 34.919
404.844 35.061
405.029 35.267
405.213 35.435
405.398 35.753
405.582 35.832
405.767 35.779
405.951 35.564
406.136 35.277
406.320 34.966
406.505 34.906
406.689 34.964
406.874 35.046
407.058 34.989
407.243 34.908
407.427 34.988
407.612 34.980
407.796 34.890
407.981 34.895
408.165 34.911
408.350 34.862
408.534 34.765
408.719 34.792
408.903 34.567
409.088 34.492
409.272 34.427
409.457 34.380
409.641 34.398
409.826 34.443
410.010 34.484
410.195 34.610
410.379 34.585
410.564 34.405
410.748 34.248
410.933 34.205
411.117 34.247
411.302 34.195
411.486 34.227
411.671 34.158
411.855 34.173
412.040 34.264
412.224 34.344
412.409 34.302
412.593 34.066
412.778 34.100
412.962 33.985
413.147 33.814
413.331 33.734
413.516 33.579
413.700 33.530
413.885 33.941
414.069 34.575
414.254 34.504
414.438 34.583
414.623 34.794
414.807 34.843
414.992 34.719
415.176 34.646
415.361 34.606
415.545 34.597
415.730 34.689
415.914 34.649
416.099 34.532
416.283 34.591
416.468 34.780
416.652 34.774
416.837 34.920
417.021 35.028
417.206 35.042
417.390 35.107
417.575 35.147
417.759 34.738
417.944 33.925
418.128 33.940
418.313 33.819
418.497 33.562
418.682 33.436
418.866 33.440
419.051 33.494
419.235 33.388
419.420 33.387
419.604 33.240
419.789 33.199
419.973 33.247
420.158 33.276
420.342 33.136
420.527 33.087
420.711 32.945
420.896 32.881
421.080 32.887
421.265 32.819
421.449 32.723
421.634 32.640
421.818 32.691
422.003 32.622
422.187 32.601
422.372 32.815
422.556 32.879
422.741 32.883
422.925 32.886
423.110 33.107
423.294 33.146
423.479 33.064
423.663 32.887
423.848 32.781
424.032 32.734
424.217 32.710
424.401 32.630
424.586 32.608
424.770 32.586
424.955 32.590
425.139 32.569
425.324 32.461
425.508 32.265
425.693 32.134
425.877 32.185
426.062 32.249
426.246 32.098
426.431 31.980
426.615 31.890
426.800 31.833
426.984 31.645
427.169 31.575
427.353 31.631
427.538 31.649
427.722 31.635
427.907 31.648
428.091 31.682
428.276 31.643
428.460 31.602
428.645 31.660
428.829 31.741
429.014 31.701
429.198 31.810
429.383 31.995
429.567 32.024
429.752 31.925
429.936 31.875
430.121 31.904
430.305 32.066
430.490 32.138
430.674 32.120
430.859 32.110
431.043 32.106
431.228 32.057
431.412 32.145
431.597 32.250
431.781 32.231
431.966 32.183
432.150 32.280
432.335 32.369
432.519 32.188
432.704 31.925
432.888 31.869
433.073 31.790
433.257 31.733
433.442 31.663
433.626 31.662
433.811 31.629
433.995 31.593
434.180 31.457
434.364 31.311
434.549 31.236
434.733 31.242
434.918 31.160
435.102 31.121
435.287 31.006
435.471 30.838
435.656 30.769
435.840 30.770
436.030 30.728
436.220 30.610
436.410 30.722
436.600 30.952
436.790 31.093
436.980 31.107
437.170 31.111
437.360 31.174
437.550 31.168
437.741 31.157
437.931 31.145
438.121 31.200
438.311 31.284
438.501 31.313
438.691 31.370
438.881 31.425
439.071 31.404
439.261 31.364
439.451 31.401
439.641 31.326
439.831 31.311
440.021 31.392
440.211 31.475
440.401 31.383
440.591 31.149
440.781 31.044
440.971 31.053
441.161 31.092
441.351 31.119
441.542 31.155
441.732 31.232
441.922 31.155
442.112 31.064
442.302 31.021
442.492 30.966
442.682 30.876
442.872 30.958
443.062 30.969
443.252 30.998
443.442 30.959
443.632 30.966
443.822 30.982
444.012 30.895
444.202 30.779
444.392 30.721
444.582 30.988
444.772 31.441
444.962 31.448
445.153 31.421
445.343 31.371
445.533 31.296
445.723 31.238
445.913 31.375
446.103 31.458
446.293 31.539
446.483 31.601
446.673 31.635
446.863 31.557
447.053 31.510
447.243 31.511
447.433 31.523
447.623 31.538
447.813 31.493
448.003 31.476
448.193 31.524
448.383 31.537
448.573 31.352
448.764 30.905
448.954 30.900
449.144 30.856
449.334 30.835
449.524 30.918
449.714 30.961
449.904 30.854
450.094 30.809
450.284 30.799
450.474 30.791
450.664 30.675
450.854 30.610
451.044 30.632
451.234 30.599
451.424 30.515
451.614 30.460
451.804 30.378
451.994 30.313
452.184 30.255
452.375 30.272
452.565 30.912
452.755 32.133
452.945 32.073
453.135 32.043
453.325 32.007
453.515 32.013
453.705 31.993
453.895 31.908
454.085 31.788
454.275 31.638
454.465 31.521
454.655 31.550
454.845 31.587
455.035 31.566
455.225 31.562
455.415 31.603
455.605 31.649
455.795 31.726
455.985 31.788
456.176 31.827
456.366 31.869
456.556 31.263
456.746 30.097
456.936 30.112
457.126 30.126
457.316 30.219
457.506 30.185
457.696 30.125
457.886 30.153
458.076 30.123
458.266 30.119
458.456 30.155
458.646 30.219
458.836 30.261
459.026 30.387
459.216 30.448
459.406 30.498
459.596 30.432
459.787 30.333
459.977 30.249
460.167 30.219
460.357 30.117
460.547 30.005
460.737 29.939
460.927 29.958
461.117 29.965
461.307 29.857
461.497 29.773
461.687 29.762
461.877 29.785
462.067 29.841
462.257 29.871
462.447 29.832
462.637 29.819
462.827 29.803
463.017 29.694
463.207 29.656
463.397 29.618
463.588 29.628
463.778 29.686
463.968 29.751
464.158 29.752
464.348 29.772
464.538 29.823
464.728 29.856
464.918 29.873
465.108 29.920
465.298 29.955
465.488 29.992
465.678 29.909
465.868 29.822
466.058 29.786
466.248 29.737
466.438 29.750
466.628 29.700
466.818 29.589
467.008 29.549
467.199 29.508
467.389 29.528
467.579 29.585
467.769 29.530
467.959 29.502
468.149 29.512
468.339 29.500
468.529 29.488
468.719 29.456
468.909 29.385
469.099 29.312
469.289 29.209
469.479 29.111
469.669 29.153
469.859 29.188
470.049 29.194
470.239 29.189
470.429 29.229
470.619 29.230
470.810 29.238
471.000 29.213
471.190 29.181
471.380 29.106
471.570 29.044
471.760 29.000
471.950 28.940
472.140 28.892
472.330 28.893
472.520 28.840
472.710 28.796
472.900 28.782
473.090 28.768
473.280 28.847
473.470 28.857
473.660 28.848
473.850 28.874
474.040 28.940
474.230 28.957
474.421 28.915
474.611 28.881
474.801 28.884
474.991 28.892
475.181 28.919
475.371 28.947
475.561 28.944
475.751 28.998
475.941 29.010
476.131 28.967
476.321 28.894
476.511 28.880
476.701 28.898
476.891 28.852
477.081 28.794
477.271 28.747
477.461 28.777
477.651 28.744
477.841 28.685
478.031 28.642
478.222 28.653
478.412 28.660
478.602 28.633
478.792 28.561
478.982 28.545
479.172 28.545
479.362 28.475
479.552 28.447
479.742 28.382
479.932 28.322
480.122 28.270
480.312 28.260
480.502 28.260
480.692 28.195
480.882 28.154
481.072 28.121
481.262 28.127
481.452 28.103
481.642 28.082
481.833 28.116
482.023 28.118
482.213 28.087
482.403 28.000
482.593 27.978
482.783 28.011
482.973 28.000
483.163 27.928
483.353 27.911
483.543 27.868
483.733 27.887
483.923 27.905
484.113 27.931
484.303 27.933
484.493 27.885
484.683 27.893
484.873 27.911
485.063 27.923
485.253 27.853
485.443 27.775
485.634 27.720
485.824 27.652
486.014 27.585
486.204 27.571
486.394 27.616
486.584 27.620
486.774 27.550
486.964 27.501
487.154 27.538
487.344 27.556
487.534 27.519
487.724 27.480
487.914 27.433
488.104 27.425
488.294 27.424
488.484 27.416
488.674 27.391
488.864 27.340
489.054 27.282
489.245 27.270
489.435 27.307
489.625 27.350
489.815 27.343
490.005 27.313
490.195 27.286
490.385 27.246
490.575 27.204
490.765 27.214
490.955 27.261
491.145 27.226
491.335 27.171
491.525 27.119
491.715 27.073
491.905 27.071
492.095 27.040
492.285 27.025
492.475 27.018
492.665 26.978
492.856 26.945
493.046 26.978
493.236 26.976
493.426 26.927
493.616 26.905
493.806 26.899
493.996 26.945
494.186 26.902
494.376 26.849
494.566 26.832
494.756 26.839
494.946 26.806
495.136 26.784
495.326 26.750
495.516 26.776
495.706 26.770
495.896 26.749
496.086 26.734
496.276 26.689
496.467 26.612
496.657 26.581
496.847 26.561
497.037 26.486
497.227 26.442
497.417 26.405
497.607 26.324
497.797 26.279
497.987 26.163
498.177 26.093
498.367 26.027
498.557 25.974
498.747 25.917
498.937 25.812
499.127 25.715
499.317 25.692
499.507 25.664
499.697 25.624
499.887 25.572
500.077 25.513
500.268 25.514
500.458 25.538
500.648 25.527
500.838 25.515
501.028 25.514
501.218 25.429
501.408 25.378
501.598 25.351
501.788 25.299
501.978 25.302
502.168 25.316
502.358 25.342
502.548 25.355
502.738 25.329
502.928 25.354
503.118 25.387
503.308 25.372
503.498 25.337
503.688 25.344
503.879 25.358
504.069 25.333
504.259 25.252
504.449 25.184
504.639 25.121
504.829 25.097
505.019 25.070
505.209 25.096
505.399 25.097
505.589 25.079
505.779 25.080
505.969 25.066
506.159 25.016
506.349 24.910
506.539 24.848
506.729 24.811
506.919 24.793
507.109 24.772
507.299 24.762
507.490 24.755
507.680 24.672
507.870 24.621
508.060 24.583
508.250 24.532
508.440 24.479
508.630 24.423
508.820 24.388
509.010 24.322
509.200 24.246
509.390 24.204
509.580 24.185
509.770 24.132
509.960 24.050
510.150 24.033
510.340 24.080
510.530 24.068
510.720 24.056
510.910 24.010
511.100 23.923
511.291 23.832
511.481 23.771
511.671 23.741
511.861 23.679
512.051 23.688
512.241 23.719
512.431 23.698
512.621 23.708
512.811 23.690
513.001 23.704
513.191 23.680
513.381 23.674
513.571 23.662
513.761 23.642
513.951 23.615
514.141 23.550
514.331 23.480
514.521 23.425
514.711 23.364
514.902 23.313
515.092 23.356
515.282 23.390
515.472 23.330
515.662 23.299
515.852 23.276
516.042 23.203
516.232 23.172
516.422 23.215
516.612 23.208
516.802 23.172
516.992 23.110
517.182 23.120
517.372 23.095
517.562 23.057
517.752 23.052
517.942 23.081
518.132 23.078
518.322 23.051
518.513 23.026
518.703 23.012
518.893 23.015
519.083 22.972
519.273 22.900
519.463 22.924
519.653 22.937
519.843 22.941
520.033 22.935
520.223 22.890
520.413 22.808
520.603 22.787
520.793 22.808
520.983 22.838
521.173 22.842
521.363 22.849
521.553 22.863
521.743 22.853
521.933 22.849
522.123 22.882
522.314 22.927
522.504 22.967
522.694 22.997
522.884 22.997
523.074 22.985
523.264 22.987
523.454 22.991
523.644 22.984
523.834 22.985
524.024 22.990
524.214 22.971
524.404 22.959
524.594 22.930
524.784 22.922
524.974 22.896
525.164 22.906
525.354 22.922
525.544 22.915
525.734 22.915
525.925 22.917
526.115 22.929
526.305 22.900
526.495 22.859
526.685 22.850
526.875 22.850
527.065 22.863
527.255 22.884
527.445 22.859
527.635 22.847
527.825 22.858
528.015 22.913
528.205 23.008
528.395 23.110
528.585 23.180
528.775 23.185
528.965 23.251
529.155 23.293
529.345 23.277
529.535 23.277
529.726 23.274
529.916 23.281
530.106 23.318
530.296 23.381
530.486 23.412
530.676 23.457
530.866 23.513
531.056 23.556
531.246 23.615
531.436 23.679
531.626 23.749
531.816 23.794
532.006 23.828
532.196 23.873
532.386 23.897
532.576 23.911
532.766 23.924
532.956 23.956
533.146 23.974
533.337 24.037
533.527 24.096
533.717 24.171
533.907 24.186
534.097 24.181
534.287 24.235
534.477 24.302
534.667 24.324
534.857 24.354
535.047 24.398
535.237 24.471
535.427 24.559
535.617 24.597
535.807 24.639
535.997 24.680
536.187 24.686
536.377 24.708
536.567 24.765
536.757 24.848
536.948 24.871
537.138 24.883
537.328 24.906
537.518 24.933
537.708 24.987
537.898 25.070
538.088 25.132
538.278 25.168
538.468 25.219
538.658 25.257
538.848 25.316
539.038 25.392
539.228 25.422
539.418 25.424
539.608 25.496
539.798 25.551
539.988 25.601
540.178 25.661
540.368 25.687
540.558 25.760
540.749 25.827
540.939 25.899
541.129 26.011
541.319 26.126
541.509 26.225
541.699 26.308
541.889 26.391
542.079 26.486
542.269 26.560
542.459 26.618
542.649 26.666
542.839 26.683
543.029 26.716
543.219 26.788
543.409 26.870
543.599 26.946
543.789 27.049
543.979 27.119
544.169 27.160
544.360 27.261
544.550 27.317
544.740 27.376
544.930 27.412
545.120 27.430
545.310 27.466
545.500 27.527
545.690 27.567
545.880 27.621
546.070 27.670
546.267 27.718
546.463 27.783
546.660 27.883
546.857 27.992
547.054 28.052
547.251 28.085
547.447 28.117
547.644 28.131
547.841 28.155
548.038 28.212
548.234 28.318
548.431 28.394
548.628 28.496
548.825 28.573
549.021 28.630
549.218 28.681
549.415 28.725
549.612 28.806
549.808 28.899
550.005 28.993
550.202 29.057
550.399 29.113
550.595 29.220
550.792 29.323
550.989 29.414
551.186 29.478
551.382 29.561
551.579 29.664
551.776 29.735
551.973 29.773
552.169 29.810
552.366 29.832
552.563 29.893
552.760 29.904
552.956 29.960
553.153 30.052
553.350 30.135
553.547 30.218
553.743 30.268
553.940 30.318
554.137 30.350
554.334 30.406
554.530 30.500
554.727 30.514
554.924 30.534
555.121 30.571
555.317 30.655
555.514 30.727
555.711 30.773
555.908 30.864
556.104 30.989
556.301 31.094
556.498 31.183
556.695 31.225
556.891 31.287
557.088 31.327
557.285 31.409
557.482 31.526
557.678 31.618
557.875 31.688
558.072 31.743
558.269 31.798
558.465 31.899
558.662 31.961
558.859 32.032
559.056 32.120
559.252 32.179
559.449 32.232
559.646 32.311
559.843 32.403
560.039 32.494
560.236 32.539
560.433 32.589
560.630 32.659
560.826 32.736
561.023 32.798
561.220 32.872
561.417 32.918
561.613 32.918
561.810 32.943
562.007 32.992
562.204 33.072
562.400 33.165
562.597 33.185
562.794 33.258
562.991 33.346
563.187 33.410
563.384 33.489
563.581 33.557
563.778 33.655
563.974 33.747
564.171 33.779
564.368 33.852
564.565 33.933
564.761 33.996
564.958 34.068
565.155 34.155
565.352 34.225
565.548 34.280
565.745 34.365
565.942 34.424
566.139 34.495
566.335 34.544
566.532 34.588
566.729 34.648
566.926 34.723
567.122 34.798
567.319 34.827
567.516 34.860
567.713 34.916
567.909 34.934
568.106 34.938
568.303 34.994
568.500 35.035
568.696 35.073
568.893 35.080
569.090 35.089
569.287 35.093
569.483 35.145
569.680 35.231
569.877 35.336
570.074 35.416
570.270 35.461
570.467 35.510
570.664 35.568
570.861 35.623
571.057 35.609
571.254 35.645
571.451 35.727
571.648 35.797
571.844 35.838
572.041 35.881
572.238 35.936
572.435 35.966
572.631 36.014
572.828 36.053
573.025 36.133
573.222 36.215
573.418 36.290
573.615 36.331
573.812 36.351
574.009 36.353
574.205 36.374
574.402 36.420
574.599 36.458
574.796 36.490
574.992 36.517
575.189 36.563
575.386 36.578
575.583 36.617
575.779 36.662
575.976 36.700
576.173 36.704
576.370 36.751
576.567 36.823
576.763 36.865
576.960 36.918
577.160 36.958
577.359 36.972
577.559 36.991
577.759 37.030
577.958 37.074
578.158 37.077
578.357 37.134
578.557 37.196
578.757 37.235
578.956 37.269
579.156 37.346
579.356 37.410
579.555 37.436
579.755 37.438
579.954 37.441
580.154 37.488
580.354 37.537
580.553 37.544
580.753 37.546
580.953 37.578
581.152 37.611
581.352 37.662
581.552 37.722
581.751 37.777
581.951 37.809
582.150 37.828
582.350 37.881
582.550 37.945
582.749 37.972
582.949 38.020
583.149 38.079
583.348 38.079
583.548 38.121
583.748 38.236
583.947 38.295
584.147 38.344
584.346 38.373
584.546 38.446
584.746 38.480
584.945 38.501
585.145 38.534
585.345 38.573
585.544 38.601
585.744 38.627
585.943 38.649
586.143 38.674
586.343 38.708
586.542 38.777
586.742 38.790
586.942 38.814
587.141 38.836
587.341 38.843
587.541 38.898
587.740 38.892
587.940 38.860
588.139 38.898
588.339 38.929
588.539 38.964
588.738 38.992
588.938 39.041
589.138 39.106
589.337 39.139
589.537 39.174
589.736 39.192
589.936 39.215
590.136 39.231
590.335 39.282
590.535 39.315
590.735 39.294
590.934 39.294
591.134 39.304
591.334 39.317
591.533 39.309
591.733 39.285
591.932 39.327
592.132 39.366
592.332 39.389
592.531 39.400
592.731 39.385
592.931 39.386
593.130 39.412
593.330 39.424
593.530 39.440
593.729 39.437
593.929 39.463
594.128 39.484
594.328 39.528
594.528 39.553
594.727 39.598
594.927 39.699
595.127 39.798
595.326 39.814
595.526 39.831
595.725 39.861
595.925 39.928
596.125 39.949
596.324 39.954
596.524 39.982
596.724 40.037
596.923 40.086
597.123 40.113
597.323 40.151
597.522 40.155
597.722 40.180
597.921 40.233
598.121 40.262
598.321 40.289
598.520 40.311
598.720 40.344
598.920 40.336
599.119 40.298
599.319 40.260
599.519 40.301
599.718 40.340
599.918 40.380
600.117 40.380
600.317 40.399
600.517 40.434
600.716 40.429
600.916 40.414
601.116 40.414
601.315 40.419
601.515 40.438
601.714 40.481
601.914 40.495
602.114 40.477
602.313 40.481
602.513 40.517
602.713 40.530
602.912 40.523
603.112 40.533
603.312 40.540
603.511 40.564
603.711 40.597
603.910 40.602
604.110 40.613
604.310 40.645
604.509 40.702
604.709 40.736
604.909 40.754
605.108 40.817
605.308 40.865
605.507 40.920
605.707 40.943
605.907 40.941
606.106 40.938
606.306 40.953
606.506 40.956
606.705 40.977
606.905 41.025
607.105 41.030
607.304 41.048
607.504 41.084
607.703 41.089
607.903 41.070
608.103 41.078
608.302 41.103
608.502 41.133
608.702 41.117
608.901 41.102
609.101 41.121
609.301 41.090
609.500 41.097
609.700 41.080
609.899 41.070
610.099 41.101
610.299 41.149
610.498 41.188
610.698 41.217
610.898 41.236
611.097 41.242
611.297 41.286
611.496 41.318
611.696 41.321
611.896 41.315
612.095 41.312
612.295 41.330
612.495 41.354
612.694 41.366
612.894 41.395
613.094 41.425
613.293 41.446
613.493 41.472
613.692 41.479
613.892 41.478
614.092 41.489
614.291 41.494
614.491 41.490
614.691 41.504
614.890 41.537
615.090 41.566
615.289 41.581
615.489 41.571
615.689 41.563
615.888 41.583
616.088 41.621
616.288 41.663
616.487 41.672
616.687 41.639
616.887 41.611
617.086 41.565
617.286 41.548
617.485 41.560
617.685 41.558
617.885 41.595
618.084 41.650
618.284 41.670
618.484 41.700
618.683 41.767
618.883 41.788
619.082 41.795
619.282 41.801
619.482 41.796
619.681 41.805
619.881 41.831
620.081 41.815
620.280 41.757
620.480 41.736
620.680 41.753
620.879 41.807
621.079 41.852
621.278 41.922
621.478 41.954
621.678 41.931
621.877 41.928
622.077 41.907
622.277 41.918
622.476 41.948
622.676 41.916
622.876 41.850
623.075 41.861
623.275 41.888
623.474 41.884
623.674 41.888
623.874 41.941
624.073 41.963
624.273 41.995
624.473 42.024
624.672 42.049
624.872 42.067
625.071 42.049
625.271 42.047
625.471 42.050
625.670 42.077
625.870 42.160
626.070 42.205
626.269 42.191
626.469 42.179
626.669 42.150
626.868 42.167
627.068 42.196
627.267 42.186
627.467 42.148
627.667 42.124
627.866 42.129
628.066 42.102
628.266 42.087
628.465 42.088
628.665 42.139
628.865 42.155
629.064 42.164
629.264 42.196
629.463 42.214
629.663 42.214
629.863 42.210
630.062 42.171
630.262 42.134
630.462 42.156
630.661 42.147
630.861 42.300
631.060 42.585
631.260 42.606
631.460 42.631
631.659 42.653
631.859 42.670
632.059 42.686
632.258 42.696
632.458 42.709
632.658 42.720
632.857 42.711
633.057 42.708
633.256 42.691
633.456 42.681
633.656 42.671
633.855 42.664
634.055 42.661
634.255 42.683
634.454 42.727
634.654 42.738
634.853 42.755
635.053 42.645
635.253 42.400
635.452 42.430
635.652 42.440
635.852 42.438
636.051 42.442
636.251 42.447
636.451 42.488
636.650 42.517
636.850 42.560
637.049 42.567
637.249 42.576
637.449 42.594
637.648 42.604
637.848 42.614
638.048 42.645
638.247 42.671
638.447 42.679
638.647 42.695
638.846 42.728
639.046 42.708
639.245 42.688
639.445 42.681
639.645 42.632
639.844 42.584
640.044 42.577
640.244 42.607
640.443 42.662
640.643 42.650
640.842 42.639
641.042 42.635
641.242 42.699
641.441 42.744
641.641 42.756
641.841 42.710
642.040 42.697
642.240 42.695
642.440 42.691
642.639 42.704
642.839 42.713
643.038 42.710
643.238 42.750
643.438 42.794
643.637 42.834
643.837 42.861
644.037 42.917
644.236 42.974
644.436 42.966
644.635 42.905
644.835 42.894
645.035 42.903
645.234 42.880
645.434 42.846
645.634 42.803
645.833 42.806
646.033 42.882
646.233 42.920
646.432 42.945
646.632 42.964
646.831 42.951
647.031 42.950
647.231 42.970
647.430 42.981
647.630 42.975
647.830 42.951
648.029 42.953
648.229 42.899
648.429 42.841
648.628 42.854
648.828 42.900
649.027 42.900
649.227 42.894
649.427 42.914
649.626 42.927
649.826 42.966
650.026 42.964
650.225 42.929
650.425 42.927
650.624 42.934
650.824 42.933
651.024 42.935
651.223 42.919
651.423 42.910
651.623 42.960
651.822 43.007
652.022 43.029
652.222 43.075
652.421 43.123
652.621 43.186
652.820 43.214
653.020 43.212
653.220 43.218
653.419 43.245
653.619 43.253
653.819 43.254
654.018 43.272
654.218 43.310
654.418 43.370
654.617 43.390
654.817 43.383
655.016 43.388
655.216 43.412
655.416 43.443
655.615 43.447
655.815 43.384
656.015 43.334
656.214 43.367
656.414 43.389
656.613 43.397
656.813 43.407
657.013 43.440
657.212 43.454
657.412 43.489
657.612 43.516
657.811 43.530
658.011 43.515
658.211 43.501
658.410 43.517
658.610 43.503
658.809 43.514
659.009 43.503
659.209 43.498
659.408 43.504
659.608 43.518
659.808 43.514
660.007 43.521
660.207 43.559
660.406 43.532
660.606 43.468
660.806 43.462
661.005 43.473
661.205 43.428
661.405 43.428
661.604 43.429
661.804 43.420
662.004 43.406
662.203 43.417
662.403 43.411
662.602 43.393
662.802 43.420
663.002 43.429
663.201 43.458
663.401 43.452
663.601 43.438
663.800 43.420
664.000 43.435
664.199 43.489
664.399 43.497
664.599 43.484
664.798 43.498
664.998 43.531
665.198 43.482
665.397 43.468
665.597 43.487
665.797 43.501
665.996 43.493
666.196 43.487
666.395 43.468
666.595 43.471
666.795 43.499
666.994 43.512
667.194 43.499
667.394 43.472
667.593 43.486
667.793 43.520
667.993 43.571
668.192 43.598
668.392 43.581
668.591 43.539
668.791 43.544
668.991 43.614
669.190 43.606
669.390 43.631
669.590 43.667
669.789 43.632
669.989 43.628
670.188 43.629
670.388 43.637
670.588 43.674
670.787 43.693
670.987 43.670
671.187 43.627
671.386 43.667
671.586 43.716
671.786 43.747
671.985 43.734
672.185 43.685
672.384 43.670
672.584 43.666
672.784 43.697
672.983 43.731
673.183 43.689
673.383 43.687
673.582 43.686
673.782 43.695
673.981 43.719
674.181 43.671
674.381 43.653
674.580 43.672
674.780 43.653
674.980 43.648
675.179 43.675
675.379 43.710
675.579 43.655
675.778 43.620
675.978 43.592
676.177 43.607
676.377 43.622
676.577 43.645
676.776 43.645
676.976 43.606
677.176 43.586
677.375 43.611
677.575 43.638
677.775 43.680
677.974 43.661
678.174 43.672
678.373 43.737
678.573 43.774
678.773 43.782
678.972 43.818
679.172 43.847
679.372 43.851
679.571 43.861
679.771 43.902
679.970 43.923
680.170 43.930
680.370 43.889
680.569 43.886
680.769 43.901
680.969 43.913
681.168 43.978
681.368 44.016
681.568 44.010
681.767 43.999
681.967 43.967
682.166 43.987
682.366 43.988
682.566 43.985
682.765 44.010
682.965 44.028
683.165 44.038
683.364 44.041
683.564 44.045
683.764 44.037
683.963 44.004
684.163 43.971
684.362 43.983
684.562 44.046
684.762 44.068
684.961 44.063
685.161 44.081
685.361 44.057
685.560 44.016
685.760 43.966
685.959 43.949
686.159 43.974
686.359 43.968
686.558 43.950
686.758 43.924
686.958 43.890
687.157 43.859
687.357 43.853
687.557 43.896
687.756 43.887
687.956 43.897
688.155 43.920
688.355 43.957
688.555 43.954
688.754 43.936
688.954 43.959
689.154 43.956
689.353 43.981
689.553 44.015
689.752 44.041
689.952 44.096
690.152 44.136
690.351 44.143
690.551 44.131
690.751 44.121
690.950 44.127
691.150 44.168
691.350 44.203
691.549 44.205
691.749 44.149
691.948 44.164
692.148 44.198
692.348 44.201
692.547 44.211
692.747 44.234
692.947 44.255
693.146 44.286
693.346 44.292
693.546 44.263
693.745 44.222
693.945 44.219
694.144 44.212
694.344 44.204
694.544 44.224
694.743 44.255
694.943 44.279
695.143 44.317
695.342 44.320
695.542 44.324
695.741 44.320
695.941 44.328
696.141 44.348
696.340 44.373
696.540 44.389
696.745 44.413
696.951 44.431
697.156 44.439
697.362 44.386
697.567 44.380
697.772 44.398
697.978 44.413
698.183 44.423
698.389 44.441
698.594 44.462
698.799 44.441
699.005 44.471
699.210 44.533
699.416 44.523
699.621 44.476
699.826 44.442
700.032 44.463
700.237 44.467
700.443 44.415
700.648 44.365
700.853 44.399
701.059 44.424
701.264 44.403
701.470 44.399
701.675 44.472
701.880 44.542
702.086 44.559
702.291 44.563
702.497 44.551
702.702 44.549
702.907 44.534
703.113 44.545
703.318 44.504
703.524 44.447
703.729 44.437
703.934 44.464
704.140 44.473
704.345 44.460
704.551 44.461
704.756 44.481
704.961 44.503
705.167 44.488
705.372 44.432
705.578 44.455
705.783 44.471
705.988 44.428
706.194 44.339
706.399 44.314
706.605 44.326
706.810 44.366
707.015 44.392
707.221 44.366
707.426 44.350
707.632 44.336
707.837 44.328
708.042 44.325
708.248 44.327
708.453 44.351
708.659 44.352
708.864 44.374
709.069 44.412
709.275 44.391
709.480 44.345
709.686 44.345
709.891 44.332
710.096 44.327
710.302 44.309
710.507 44.316
710.713 44.297
710.918 44.272
711.123 44.256
711.329 44.195
711.534 44.211
711.740 44.234
711.945 44.288
712.150 44.309
712.356 44.346
712.561 44.357
712.766 44.347
712.972 44.336
713.177 44.316
713.383 44.281
713.588 44.286
713.793 44.334
713.999 44.341
714.204 44.316
714.410 44.271
714.615 44.280
714.820 44.319
715.026 44.326
715.231 44.346
715.437 44.366
715.642 44.418
715.847 44.461
716.053 44.456
716.258 44.450
716.464 44.492
716.669 44.509
716.874 44.526
717.080 44.578
717.285 44.697
717.491 44.721
717.696 44.735
717.901 44.706
718.107 44.672
718.312 44.654
718.518 44.656
718.723 44.689
718.928 44.743
719.134 44.713
719.339 44.692
719.545 44.669
719.750 44.646
719.955 44.636
720.161 44.617
720.366 44.600
720.572 44.584
720.777 44.555
720.982 44.469
721.188 44.418
721.393 44.377
721.599 44.287
721.804 44.300
722.009 44.327
722.215 44.371
722.420 44.379
722.626 44.409
722.831 44.445
723.036 44.424
723.242 44.380
723.447 44.416
723.653 44.450
723.858 44.460
724.063 44.473
724.269 44.482
724.474 44.499
724.680 44.555
724.885 44.577
725.090 44.522
725.296 44.528
725.501 44.533
725.707 44.530
725.912 44.501
726.117 44.470
726.323 44.482
726.528 44.467
726.734 44.489
726.939 44.514
727.144 44.518
727.350 44.556
727.555 44.566
727.761 44.617
727.966 44.616
728.171 44.650
728.377 44.703
728.582 44.657
728.788 44.591
728.993 44.529
729.198 44.496
729.404 44.550
729.609 44.611
729.815 44.609
730.020 44.584
730.225 44.613
730.431 44.614
730.636 44.569
730.842 44.568
731.047 44.516
731.252 44.445
731.458 44.426
731.663 44.453
731.869 44.435
732.074 44.365
732.279 44.364
732.485 44.372
732.690 44.324
732.896 44.326
733.101 44.359
733.306 44.381
733.512 44.381
733.717 44.370
733.923 44.309
734.128 44.330
734.333 44.352
734.539 44.333
734.744 44.309
734.950 44.266
735.155 44.244
735.360 44.308
735.566 44.341
735.771 44.344
735.977 44.280
736.182 44.270
736.387 44.285
736.593 44.339
736.798 44.402
737.004 44.388
737.209 44.408
737.414 44.417
737.620 44.432
737.825 44.422
738.031 44.418
738.236 44.440
738.441 44.434
738.647 44.431
738.852 44.419
739.058 44.442
739.263 44.500
739.468 44.518
739.674 44.506
739.879 44.532
740.085 44.584
740.290 44.598
740.495 44.552
740.701 44.517
740.906 44.444
741.112 44.372
741.317 44.369
741.522 44.362
741.728 44.344
741.933 44.360
742.139 44.414
742.344 44.439
742.549 44.426
742.755 44.426
742.960 44.417
743.166 44.391
743.371 44.365
743.576 44.376
743.782 44.391
743.987 44.405
744.193 44.405
744.398 44.323
744.603 44.290
744.809 44.320
745.014 44.300
745.220 44.290
745.425 44.226
745.630 44.237
745.836 44.248
746.041 44.234
746.246 44.200
746.452 44.185
746.657 44.164
746.863 44.175
747.068 44.211
747.274 44.266
747.479 44.344
747.684 44.375
747.890 44.357
748.095 44.329
748.300 44.295
748.506 44.284
748.711 44.317
748.917 44.311
749.122 44.294
749.327 44.303
749.533 44.297
749.738 44.318
749.944 44.267
750.149 44.214
750.354 44.196
750.560 44.217
750.765 44.220
750.971 44.250
751.176 44.266
751.381 44.274
751.587 44.229
751.792 44.192
751.998 44.130
752.203 44.072
752.408 44.080
752.614 44.078
752.819 44.082
753.025 44.088
753.230 44.120
753.435 44.161
753.641 44.195
753.846 44.274
754.052 44.331
754.257 44.304
754.462 44.319
754.668 44.326
754.873 44.306
755.079 44.244
755.284 44.192
755.489 44.232
755.695 44.170
755.900 44.185
756.106 44.186
756.311 44.235
756.516 44.227
756.722 44.236
756.927 44.232
757.133 44.208
757.338 44.182
757.543 44.174
757.749 44.136
757.954 44.074
758.160 43.995
758.365 43.929
758.570 43.993
758.776 44.018
758.981 44.021
759.187 44.018
759.392 44.097
759.597 44.117
759.803 44.017
760.008 43.993
760.214 43.967
760.419 43.928
760.624 43.888
760.830 43.991
761.035 43.989
761.241 43.959
761.446 43.924
761.651 43.897
761.857 43.916
762.062 43.952
762.268 43.972
762.473 43.958
762.678 44.005
762.884 44.023
763.089 44.021
763.295 44.066
763.500 44.151
763.709 44.155
763.918 44.136
764.126 44.163
764.335 44.215
764.544 44.252
764.753 44.274
764.962 44.311
765.171 44.283
765.379 44.220
765.588 44.262
765.797 44.332
766.006 44.385
766.215 44.393
766.424 44.400
766.632 44.409
766.841 44.445
767.050 44.401
767.259 44.355
767.468 44.396
767.677 44.371
767.885 44.243
768.094 44.179
768.303 44.221
768.512 44.218
768.721 44.222
768.929 44.194
769.138 44.238
769.347 44.279
769.556 44.263
769.765 44.299
769.974 44.291
770.182 44.222
770.391 44.177
770.600 44.167
770.809 44.152
771.018 44.178
771.227 44.167
771.435 44.183
771.644 44.178
771.853 44.160
772.062 44.200
772.271 44.254
772.480 44.230
772.688 44.175
772.897 44.178
773.106 44.166
773.315 44.209
773.524 44.220
773.732 44.256
773.941 44.236
774.150 44.194
774.359 44.135
774.568 44.150
774.777 44.135
774.985 44.089
775.194 44.065
775.403 44.070
775.612 44.093
775.821 44.152
776.030 44.248
776.238 44.205
776.447 44.169
776.656 44.211
776.865 44.284
777.074 44.328
777.283 44.412
777.491 44.421
777.700 44.306
777.909 44.215
778.118 44.087
778.327 44.101
778.535 44.204
778.744 44.273
778.953 44.266
779.162 44.244
779.371 44.264
779.580 44.327
779.788 44.413
779.997 44.427
780.206 44.317
780.415 44.211
780.624 44.217
780.833 44.204
781.041 44.129
781.250 44.049
781.459 44.051
781.668 44.038
781.877 44.000
782.086 44.068
782.294 44.071
782.503 44.139
782.712 44.164
782.921 44.109
783.130 44.058
783.338 44.073
783.547 44.108
783.756 44.078
783.965 44.038
784.174 43.995
784.383 44.055
784.591 44.136
784.800 44.186
785.009 44.177
785.218 44.192
785.427 44.248
785.636 44.289
785.844 44.274
786.053 44.232
786.262 44.299
786.471 44.324
786.680 44.391
786.889 44.366
787.097 44.334
787.306 44.372
787.515 44.378
787.724 44.368
787.933 44.397
788.141 44.462
788.350 44.417
788.559 44.329
788.768 44.264
788.977 44.212
789.186 44.168
789.394 44.209
789.603 44.185
789.812 44.126
790.021 44.183
790.230 44.248
790.439 44.379
790.647 44.300
790.856 44.243
791.065 44.228
791.274 44.265
791.483 44.276
791.692 44.262
791.900 44.291
792.109 44.300
792.318 44.327
792.527 44.377
792.736 44.497
792.944 44.542
793.153 44.569
793.362 44.624
793.571 44.609
793.780 44.644
793.989 44.707
794.197 44.735
794.406 44.683
794.615 44.612
794.824 44.435
795.033 44.448
795.242 44.536
795.450 44.543
795.659 44.490
795.868 44.441
796.077 44.434
796.286 44.514
796.495 44.540
796.703 44.501
796.912 44.455
797.121 44.443
797.330 44.454
797.539 44.441
797.747 44.512
797.956 44.551
798.165 44.471
798.374 44.464
798.583 44.486
798.792 44.466
799.000 44.500
799.209 44.635
799.418 44.748
799.627 44.786
799.836 44.803
800.045 44.905
800.253 45.007
800.462 45.049
800.671 44.956
800.880 44.939
801.089 44.971
801.298 44.943
801.506 44.879
801.715 44.947
801.924 45.041
802.133 45.039
802.342 45.087
802.550 45.102
802.759 45.129
802.968 45.153
803.177 45.179
803.386 45.124
803.595 45.017
803.803 44.977
804.012 44.916
804.221 44.945
804.430 44.928
804.639 44.977
804.848 44.963
805.056 45.015
805.265 45.058
805.474 45.106
805.683 45.097
805.892 45.134
806.101 45.156
806.309 45.062
806.518 44.906
806.727 44.874
806.936 44.953
807.145 44.898
807.353 44.833
807.562 44.788
807.771 44.829
807.980 44.843
808.189 44.730
808.398 44.687
808.606 44.745
808.815 44.819
809.024 44.791
809.233 44.839
809.442 44.849
809.651 44.726
809.859 44.614
810.068 44.637
810.277 44.678
810.486 44.599
810.695 44.590
810.904 44.751
811.112 44.765
811.321 44.774
811.530 44.830
811.741 44.926
811.953 45.026
812.164 45.030
812.375 45.013
812.586 45.049
812.798 45.065
813.009 45.058
813.220 45.061
813.431 45.035
813.643 45.059
813.854 45.158
814.065 45.260
814.276 45.311
814.488 45.334
814.699 45.257
814.910 45.290
815.121 45.246
815.333 45.097
815.544 45.074
815.755 44.980
815.966 44.953
816.178 44.958
816.389 44.920
816.600 44.875
816.811 44.913
817.023 45.001
817.234 45.045
817.445 44.969
817.656 44.959
817.868 45.091
818.079 45.033
818.290 44.957
818.502 44.942
818.713 44.906
818.924 44.841
819.135 44.856
819.347 44.794
819.558 44.784
819.769 44.951
819.980 45.019
820.192 45.076
820.403 45.069
820.614 45.038
820.825 45.076
821.037 45.132
821.248 45.190
821.459 45.179
821.670 45.166
821.882 45.113
822.093 45.039
822.304 44.957
822.515 44.970
822.727 44.955
822.938 44.991
823.149 45.073
823.360 45.135
823.572 45.276
823.783 45.400
823.994 45.539
824.205 45.409
824.417 45.341
824.628 45.391
824.839 45.389
825.051 45.389
825.262 45.390
825.473 45.445
825.684 45.493
825.896 45.460
826.107 45.443
826.318 45.525
826.529 45.558
826.741 45.471
826.952 45.421
827.163 45.473
827.374 45.511
827.586 45.496
827.797 45.592
828.008 45.597
828.219 45.600
828.431 45.641
828.642 45.784
828.853 45.929
829.064 45.965
829.276 46.025
829.487 45.982
829.698 45.920
829.909 45.924
830.121 45.921
830.332 45.990
830.543 45.961
830.754 45.970
830.966 45.987
831.177 46.004
831.388 46.042
831.600 45.958
831.811 45.955
832.022 46.147
832.233 46.234
832.445 46.050
832.656 45.962
832.867 45.937
833.078 45.881
833.290 45.752
833.501 45.801
833.712 45.877
833.923 45.921
834.135 45.958
834.346 45.927
834.557 45.788
834.768 45.792
834.980 45.995
835.191 45.994
835.402 45.994
835.613 46.072
835.825 46.249
836.036 46.326
836.247 46.398
836.458 46.430
836.670 46.333
836.881 46.451
837.092 46.472
837.303 46.416
837.515 46.502
837.726 46.547
837.937 46.493
838.148 46.505
838.360 46.578
838.571 46.655
838.782 46.704
838.994 46.803
839.205 46.751
839.416 46.579
839.627 46.571
839.839 46.568
840.050 46.560
840.261 46.449
840.472 46.510
840.684 46.476
840.895 46.337
841.106 46.259
841.317 46.241
841.529 46.314
841.740 46.296
841.951 46.170
842.162 46.220
842.374 46.318
842.585 46.315
842.796 46.221
843.007 46.271
843.219 46.408
843.430 46.452
843.641 46.447
843.852 46.431
844.064 46.464
844.275 46.537
844.486 46.646
844.697 46.666
844.909 46.598
845.120 46.636
845.331 46.672
845.543 46.824
845.754 46.885
845.965 46.818
846.176 46.887
846.388 47.036
846.599 47.113
846.810 47.172
847.021 47.110
847.233 47.334
847.444 47.397
847.655 47.432
847.866 47.397
848.078 47.508
848.289 47.688
848.500 47.693
848.711 47.747
848.923 47.808
849.134 47.744
849.345 47.669
849.556 47.559
849.768 47.521
849.979 47.415
850.190 47.386
850.401 47.513
850.613 47.706
850.824 47.726
851.035 47.711
851.246 47.556
851.458 47.643
851.669 47.522
851.880 47.253
852.092 47.159
852.303 47.351
852.514 47.581
852.725 47.718
852.937 47.785
853.148 47.766
853.359 47.645
853.570 47.700
853.782 47.921
853.993 48.087
854.204 48.069
854.415 48.063
854.627 48.147
854.838 48.182
855.049 48.173
855.260 48.259
855.472 48.166
855.683 48.231
855.894 48.350
856.105 48.522
856.317 48.673
856.528 48.635
856.739 48.421
856.950 48.219
857.162 48.012
857.373 47.976
857.584 47.871
857.795 47.858
858.007 47.921
858.218 47.754
858.429 47.952
858.640 48.422
858.852 48.260
859.063 48.096
859.274 48.113
859.486 47.884
859.697 47.606
859.908 47.827
860.119 47.967
860.331 47.885
860.542 47.911
860.753 48.130
860.964 48.305
861.176 48.474
861.387 48.486
861.598 48.600
861.809 48.680
862.021 48.680
862.232 48.727
862.443 48.742
862.654 48.866
862.866 48.677
863.077 48.382
863.288 48.796
863.499 49.172
863.711 49.296
863.922 49.483
864.133 49.768
864.344 49.495
864.556 49.169
864.767 48.970
864.978 48.611
865.189 48.476
865.401 48.462
865.612 48.418
865.823 48.344
866.035 48.227
866.246 48.172
866.457 48.407
866.668 48.547
866.880 48.559
867.091 48.518
867.302 48.413
867.513 48.454
867.725 48.532
867.936 48.596
868.147 48.518
868.358 48.581
868.570 48.518
868.781 48.751
868.992 49.086
869.203 49.363
869.415 49.710
869.626 49.991
869.837 50.000
870.048 50.107
870.260 50.144
870.471 50.225
870.682 50.189
870.893 49.987
871.105 50.008
871.316 50.132
871.527 50.174
871.738 50.494
871.950 50.649
872.161 50.497
872.372 50.218
872.584 49.956
872.795 49.836
873.006 49.755
873.217 49.754
873.429 49.774
873.640 49.703
873.851 49.555
874.062 49.294
874.274 49.057
874.485 49.046
874.696 49.297
874.907 49.319
875.119 49.403
875.330 49.396
875.541 49.232
875.752 49.026
875.964 49.041
876.175 48.941
876.386 48.777
876.597 48.860
876.809 49.072
877.020 49.385
877.231 49.417
877.442 49.470
877.654 49.469
877.865 49.419
878.076 49.407
878.287 49.269
878.499 49.178
878.710 49.359
878.921 49.288
879.133 49.092
879.344 49.286
879.555 49.432
879.766 49.604
879.978 49.566
880.189 49.679
880.400 49.854
880.611 49.854
880.823 49.955
881.034 49.963
881.245 49.857
881.456 49.746
881.668 49.602
881.879 49.622
882.090 49.781
882.301 49.737
882.513 49.594
882.724 49.772
882.935 49.789
883.146 49.715
883.358 49.946
883.569 49.914
883.780 49.780
883.991 49.798
884.203 49.776
884.414 49.986
884.625 50.012
884.836 49.748
885.048 49.787
885.259 49.875
885.470 49.918
885.682 49.967
885.893 50.058
886.104 50.428
886.315 50.493
886.527 50.346
886.738 50.448
886.949 50.601
887.160 50.614
887.372 50.672
887.583 50.759
887.794 50.512
888.005 50.644
888.217 50.643
888.428 50.526
888.639 50.599
888.850 50.541
889.062 50.484
889.273 50.583
889.484 50.426
889.695 50.155
889.907 50.120
890.118 50.113
890.329 50.090
890.540 49.952
890.752 50.026
890.963 50.157
891.174 50.247
891.385 50.509
891.597 50.536
891.808 50.605
892.019 50.684
892.231 50.849
892.442 50.903
892.653 50.979
892.864 50.878
893.076 51.236
893.287 51.968
893.498 51.979
893.709 52.043
893.921 51.979
894.132 52.026
894.343 51.941
894.554 51.856
894.766 52.057
894.977 52.212
895.188 52.231
895.399 52.144
895.611 51.853
895.822 51.641
896.033 51.654
896.244 51.497
896.456 51.566
896.667 51.696
896.878 51.827
897.089 51.898
897.301 51.889
897.512 51.437
897.723 50.856
897.934 50.994
898.146 51.146
898.357 51.266
898.568 51.253
898.779 51.355
898.991 51.491
899.202 51.379
899.413 51.239
899.625 51.158
899.836 51.300
900.047 51.726
900.258 51.679
900.470 51.722
900.681 51.999
900.892 52.110
901.103 52.110
901.315 52.033
901.526 51.977
901.737 52.252
901.948 52.362
902.160 52.109
902.371 51.911
902.582 51.627
902.793 51.626
903.005 51.759
903.216 51.924
903.427 52.039
903.638 51.935
903.850 52.081
904.061 52.391
904.272 52.527
904.483 52.201
904.695 52.309
904.906 52.505
905.117 52.424
905.328 52.056
905.540 51.853
905.751 51.535
905.962 51.537
906.174 51.666
906.385 51.392
906.596 51.480
906.807 51.855
907.019 52.366
907.230 52.641
907.441 52.783
907.652 52.817
907.864 52.786
908.075 52.631
908.286 52.195
908.497 51.825
908.709 51.474
908.920 51.622
909.131 51.685
909.342 51.682
909.554 51.913
909.765 52.403
909.976 52.529
910.187 52.826
910.399 52.912
910.610 52.995
910.821 53.383
911.032 53.558
911.244 53.268
911.455 52.764
911.666 52.693
911.877 52.942
912.089 53.072
912.300 53.141
912.515 53.374
912.730 53.741
912.944 53.917
913.159 54.454
913.374 54.787
913.589 54.906
913.803 54.955
914.018 54.837
914.233 54.302
914.448 54.417
914.663 54.543
914.877 54.866
915.092 54.801
915.307 54.777
915.522 54.894
915.736 55.167
915.951 55.344
916.166 55.383
916.381 55.025
916.596 54.751
916.810 55.106
917.025 55.350
917.240 55.335
917.455 55.245
917.669 54.535
917.884 53.798
918.099 53.587
918.314 53.706
918.529 54.168
918.743 55.093
918.958 55.367
919.173 55.305
919.388 55.037
919.602 54.948
919.817 55.189
920.032 55.469
920.247 55.820
920.462 56.480
920.676 56.804
920.891 56.877
921.106 56.757
921.321 56.304
921.535 56.227
921.750 56.373
921.965 56.788
922.180 57.304
922.395 57.730
922.609 58.179
922.824 58.245
923.039 57.959
923.254 57.150
923.469 56.892
923.683 56.918
923.898 56.535
924.113 56.372
924.328 56.391
924.542 56.332
924.757 55.920
924.972 55.666
925.187 55.214
925.402 55.229
925.616 55.507
925.831 55.879
926.046 55.850
926.261 56.091
926.475 56.022
926.690 56.309
926.905 56.988
927.120 56.980
927.335 56.693
927.549 56.953
927.764 57.388
927.979 57.185
928.194 57.187
928.408 57.573
928.623 57.762
928.838 57.979
929.053 58.469
929.268 58.666
929.482 57.917
929.697 57.942
929.912 58.335
930.127 58.412
930.341 58.778
930.556 59.378
930.771 59.289
930.986 59.354
931.201 58.894
931.415 58.342
931.630 58.641
931.845 59.303
932.060 59.277
932.274 59.775
932.489 60.107
932.704 60.522
932.919 61.037
933.134 60.993
933.348 60.885
933.563 60.217
933.778 60.070
933.993 61.123
934.207 61.434
934.422 61.036
934.637 61.190
934.852 60.631
935.067 60.189
935.281 60.405
935.496 61.132
935.711 62.097
935.926 62.302
936.140 62.277
936.355 62.559
936.570 62.655
936.785 62.217
937.000 62.239
937.214 62.592
937.429 62.817
937.644 63.470
937.859 63.675
938.073 63.707
938.288 63.864
938.503 63.957
938.718 64.697
938.933 66.351
939.147 67.778
939.362 68.707
939.577 69.328
939.792 69.031
940.007 68.276
940.221 67.717
940.436 67.847
940.651 67.645
940.866 67.544
941.080 67.472
941.295 67.809
941.510 68.037
941.725 67.651
941.940 67.837
942.154 67.942
942.369 68.172
942.584 68.748
942.799 69.332
943.013 69.601
943.228 69.296
943.443 68.512
943.658 67.039
943.873 66.732
944.087 66.702
944.302 66.865
944.517 66.808
944.732 66.737
944.946 65.971
945.161 66.381
945.376 65.986
945.591 66.435
945.806 66.696
946.020 67.291
946.235 68.854
946.450 68.883
946.665 68.421
946.879 68.204
947.094 68.362
947.309 68.200
947.524 68.515
947.739 68.450
947.953 67.729
948.168 67.910
948.383 67.592
948.598 67.233
948.812 68.007
949.027 67.435
949.242 66.714
949.457 68.024
949.672 68.427
949.886 68.206
950.101 67.861
950.316 68.058
950.531 67.992
950.745 66.863
950.960 67.105
951.175 68.042
951.390 68.822
951.605 69.052
951.819 70.109
952.034 71.220
952.249 72.562
952.464 72.530
952.678 72.634
952.893 72.957
953.108 72.240
953.323 71.032
953.538 71.835
953.752 72.281
953.967 71.313
954.182 70.505
954.397 71.535
954.611 71.981
954.826 71.137
955.041 70.954
955.256 71.049
955.471 70.156
955.685 69.491
955.900 68.921
956.115 72.101
956.330 77.486
956.544 75.674
956.759 73.769
956.974 74.436
957.189 74.979
957.404 74.828
957.618 75.576
957.833 76.111
958.048 75.841
958.263 76.338
958.478 77.355
958.692 77.765
958.907 77.449
959.122 77.224
959.337 77.553
959.551 77.210
959.766 76.553
959.981 77.274
960.196 77.418
960.411 76.778
960.625 72.690
960.840 65.661
961.055 65.078
961.270 65.540
961.484 65.203
961.699 65.086
961.914 65.309
962.129 66.030
962.344 67.541
962.558 69.139
962.773 69.591
962.988 70.396
963.203 72.098
963.417 72.561
963.632 73.044
963.847 73.215
964.062 73.579
964.277 73.805
964.491 72.714
964.706 73.090
964.921 73.965
965.136 74.171
965.350 75.146
965.565 75.953
965.780 75.706
965.987 75.784
966.194 76.747
966.402 76.981
966.609 76.181
966.816 74.896
967.023 73.302
967.231 73.174
967.438 72.278
967.645 70.591
967.852 69.810
968.059 69.396
968.267 69.927
968.474 71.349
968.681 72.100
968.888 73.223
969.096 72.769
969.303 72.357
969.510 73.372
969.717 73.664
969.925 74.498
970.132 74.363
970.339 73.573
970.546 71.852
970.753 71.533
970.961 72.770
971.168 73.361
971.375 73.646
971.582 72.483
971.790 71.866
971.997 72.341
972.204 72.075
972.411 71.965
972.618 73.112
972.826 72.553
973.033 71.768
973.240 70.900
973.447 70.803
973.655 71.278
973.862 70.513
974.069 69.950
974.276 70.369
974.483 71.148
974.691 72.408
974.898 73.229
975.105 73.544
975.312 73.198
975.520 72.806
975.727 73.219
975.934 74.197
976.141 74.658
976.349 74.058
976.556 75.180
976.763 75.154
976.970 74.223
977.177 72.913
977.385 73.013
977.592 73.507
977.799 73.741
978.006 74.526
978.214 75.671
978.421 76.763
978.628 75.583
978.835 75.333
979.042 74.013
979.250 73.491
979.457 73.813
979.664 73.419
979.871 73.624
980.079 74.907
980.286 74.203
980.493 73.231
980.700 74.148
980.907 75.681
981.115 75.644
981.322 74.444
981.529 75.286
981.736 75.168
981.944 75.278
982.151 76.162
982.358 75.134
982.565 73.776
982.773 72.475
982.980 73.122
983.187 75.252
983.394 78.320
983.601 77.705
983.809 76.267
984.016 74.961
984.223 74.089
984.430 72.634
984.638 72.747
984.845 74.788
985.052 76.482
985.259 74.957
985.466 75.514
985.674 75.828
985.881 76.780
986.088 78.569
986.295 79.877
986.503 79.858
986.710 80.252
986.917 80.577
987.124 81.144
987.331 80.981
987.539 80.009
987.746 78.656
987.953 79.165
988.160 81.212
988.368 83.641
988.575 85.266
988.782 86.468
988.989 86.332
989.197 85.202
989.404 83.616
989.611 83.329
989.818 80.956
990.025 80.697
990.233 80.452
990.440 79.304
990.647 76.689
990.854 75.904
991.062 76.981
991.269 77.575
991.476 76.723
991.683 76.410
991.890 76.671
992.098 76.897
992.305 78.660
992.512 77.615
992.719 77.019
992.927 77.747
993.134 77.410
993.341 78.514
993.548 78.640
993.755 77.483
993.963 76.875
994.170 77.594
994.377 76.890
994.584 75.382
994.792 78.346
994.999 83.079
995.206 83.627
995.413 82.539
995.621 83.672
995.828 85.159
996.035 85.068
996.242 83.940
996.449 84.102
996.657 84.131
996.864 83.418
997.071 82.298
997.278 80.470
997.486 82.111
997.693 81.462
997.900 80.932
998.107 80.719
998.314 79.865
998.522 82.011
998.729 84.586
998.936 85.082
999.143 83.712
999.351 83.151
999.558 82.816
999.765 83.171
999.972 82.293
1000.179 81.631
1000.387 82.077
1000.594 82.465
1000.801 82.248
1001.008 82.175
1001.216 82.454
1001.423 83.532
1001.630 83.354
1001.837 80.092
1002.045 80.608
1002.252 82.828
1002.459 85.109
1002.666 88.320
1002.873 89.336
1003.081 87.975
1003.288 87.074
1003.495 85.205
1003.702 83.296
1003.910 85.163
1004.117 87.644
1004.324 86.768
1004.531 87.344
1004.738 88.923
1004.946 89.405
1005.153 88.588
1005.360 88.421
1005.567 92.600
1005.775 93.606
1005.982 93.117
1006.189 93.043
1006.396 92.124
1006.603 89.695
1006.811 87.562
1007.018 83.743
1007.225 82.648
1007.432 84.785
1007.640 89.662
1007.847 91.048
1008.054 90.840
1008.261 87.505
1008.469 85.077
1008.676 88.149
1008.883 91.163
1009.090 92.360
1009.297 90.043
1009.505 90.288
1009.712 90.074
1009.919 85.766
1010.126 84.329
1010.334 86.388
1010.541 86.089
1010.748 87.749
1010.955 90.171
1011.162 91.108
1011.370 96.721
1011.577 97.300
1011.784 95.999
1011.991 92.753
1012.199 88.521
1012.406 87.653
1012.613 91.585
1012.820 89.473
1013.027 83.839
1013.235 79.946
1013.442 77.489
1013.649 81.896
1013.856 86.097
1014.064 88.834
1014.271 89.209
1014.478 87.754
1014.685 87.248
1014.893 89.501
1015.100 89.574
1015.307 88.552
1015.514 88.869
1015.721 84.559
1015.929 83.504
1016.136 83.086
1016.343 82.612
1016.550 89.104
