292.253 87.599
292.450 89.876
292.647 90.477
292.845 90.590
293.042 91.173
293.239 91.575
293.437 90.545
293.634 88.902
293.831 88.332
294.029 88.634
294.226 88.813
294.423 91.856
294.621 92.193
294.818 91.388
295.015 90.666
295.213 91.418
295.410 93.108
295.607 93.720
295.805 93.522
296.002 92.875
296.199 92.678
296.397 91.855
296.594 90.068
296.791 88.956
296.989 89.003
297.186 87.645
297.383 86.243
297.581 87.525
297.778 89.263
297.975 90.098
298.173 89.416
298.370 89.407
298.567 90.258
298.765 90.376
298.962 91.598
299.159 92.092
299.357 91.916
299.554 91.838
299.751 92.412
299.949 91.671
300.146 92.248
300.343 91.790
300.541 90.086
300.738 90.552
300.935 91.737
301.133 91.812
301.330 93.130
301.527 94.927
301.725 94.377
301.922 93.106
302.119 92.631
302.317 94.250
302.514 93.973
302.711 92.483
302.909 91.910
303.106 90.593
303.303 90.221
303.501 90.313
303.698 89.579
303.895 88.509
304.093 88.310
304.290 88.198
304.487 88.990
304.685 89.516
304.882 88.664
305.079 87.867
305.277 87.037
305.474 86.342
305.671 84.825
305.869 84.536
306.066 85.296
306.263 84.810
306.461 83.134
306.658 83.062
306.855 83.172
307.053 82.672
307.250 83.060
307.447 83.500
307.645 83.957
307.842 84.171
308.039 83.900
308.237 83.686
308.434 83.044
308.631 82.708
308.829 83.118
309.026 82.826
309.223 82.732
309.421 83.289
309.618 82.828
309.815 83.310
310.013 83.371
310.210 82.874
310.407 83.146
310.605 83.485
310.802 83.728
310.999 84.101
311.197 85.687
311.394 86.320
311.591 85.802
311.789 84.715
311.986 83.823
312.183 83.220
312.381 83.014
312.578 83.089
312.775 81.911
312.973 81.152
313.170 81.662
313.347 81.685
313.523 81.226
313.700 81.099
313.877 81.309
314.054 81.432
314.230 81.942
314.407 82.446
314.584 82.437
314.761 81.512
314.937 81.247
315.114 80.362
315.291 78.267
315.467 77.780
315.644 78.384
315.821 78.747
315.998 79.021
316.174 78.711
316.351 78.843
316.528 79.267
316.704 78.951
316.881 78.389
317.058 77.438
317.235 77.348
317.411 77.381
317.588 77.153
317.765 77.010
317.942 76.278
318.118 75.013
318.295 75.218
318.472 76.044
318.648 76.388
318.825 76.981
319.002 77.379
319.179 76.302
319.355 74.953
319.532 74.816
319.709 75.204
319.885 75.652
320.062 75.153
320.239 75.178
320.416 74.534
320.592 74.713
320.769 74.833
320.946 74.105
321.123 74.765
321.299 74.501
321.476 74.553
321.653 74.669
321.829 74.513
322.006 73.979
322.183 73.931
322.360 73.085
322.536 71.348
322.713 71.034
322.890 72.061
323.066 73.200
323.243 72.883
323.420 72.087
323.597 71.571
323.773 70.774
323.950 70.538
324.127 71.575
324.304 71.332
324.480 71.600
324.657 72.296
324.834 71.426
325.010 70.656
325.187 69.947
325.364 71.003
325.541 72.482
325.717 71.184
325.894 69.765
326.071 69.544
326.248 70.034
326.424 69.694
326.601 68.740
326.778 67.710
326.954 67.145
327.131 66.903
327.308 66.505
327.485 67.177
327.661 67.295
327.838 67.391
328.015 68.194
328.191 68.121
328.368 67.756
328.545 68.054
328.722 68.914
328.898 68.469
329.075 66.649
329.252 65.415
329.429 66.012
329.605 66.331
329.782 65.308
329.959 64.393
330.135 65.335
330.312 66.067
330.489 66.731
330.666 67.528
330.842 68.212
331.019 68.114
331.196 67.558
331.372 67.065
331.549 66.316
331.726 66.083
331.903 65.913
332.079 66.595
332.256 66.326
332.433 65.004
332.610 64.915
332.786 64.774
332.963 64.610
333.140 64.253
333.316 64.058
333.493 64.352
333.670 64.570
333.847 64.443
334.023 64.195
334.200 63.511
334.377 63.279
334.553 62.903
334.730 62.742
334.907 61.784
335.084 60.930
335.260 60.529
335.437 59.644
335.614 59.350
335.791 57.903
335.967 57.795
336.144 59.231
336.321 59.755
336.497 59.603
336.674 58.807
336.851 58.964
337.028 59.207
337.204 59.650
337.381 59.587
337.558 58.975
337.734 58.601
337.911 58.511
338.088 58.569
338.265 58.524
338.441 58.052
338.618 58.786
338.795 60.397
338.972 61.112
339.148 60.919
339.325 60.524
339.502 60.573
339.678 60.260
339.855 58.844
340.032 58.204
340.209 58.396
340.385 58.688
340.562 58.412
340.739 58.187
340.916 58.170
341.092 57.860
341.269 57.703
341.446 57.814
341.622 56.821
341.799 55.658
341.976 55.215
342.153 55.158
342.329 54.744
342.506 53.767
342.683 53.970
342.859 54.780
343.036 54.843
343.213 54.936
343.390 54.676
343.566 54.517
343.743 54.179
343.920 53.679
344.097 53.274
344.273 53.018
344.450 52.753
344.627 52.322
344.803 52.228
344.980 52.532
345.157 52.406
345.334 53.156
345.510 53.500
345.687 53.411
345.864 53.638
346.040 53.879
346.217 53.338
346.394 52.113
346.571 51.324
346.747 51.727
346.924 52.174
347.101 52.695
347.278 53.063
347.454 52.896
347.631 53.014
347.808 53.257
347.984 53.101
348.161 52.521
348.338 52.177
348.515 52.178
348.691 51.687
348.868 51.322
349.045 50.941
349.221 50.443
349.398 50.361
349.575 50.110
349.752 49.251
349.928 49.159
350.105 49.468
350.282 49.190
350.459 48.780
350.635 48.034
350.812 47.280
350.989 46.829
351.165 46.706
351.342 46.690
351.519 46.531
351.696 46.529
351.872 46.460
352.049 46.102
352.226 45.853
352.402 45.872
352.579 46.273
352.756 46.837
352.933 47.077
353.109 46.683
353.286 46.919
353.463 47.512
353.640 47.451
353.816 47.082
353.993 46.765
354.170 46.705
354.346 46.710
354.523 46.443
354.700 46.365
354.877 46.308
355.053 46.124
355.230 46.208
355.407 46.614
355.584 47.150
355.760 46.959
355.937 46.272
356.114 45.561
356.290 44.874
356.467 44.277
356.644 43.921
356.821 43.817
356.997 43.633
357.174 43.457
357.351 43.324
357.527 43.357
357.704 43.499
357.881 43.177
358.058 43.088
358.234 43.229
358.411 43.178
358.588 43.647
358.765 43.456
358.941 43.017
359.118 42.627
359.295 42.069
359.471 42.422
359.648 42.525
359.825 42.878
360.002 42.816
360.178 42.895
360.355 43.528
360.532 43.615
360.708 42.807
360.885 42.619
361.062 42.751
361.239 42.653
361.415 42.975
361.592 43.154
361.769 42.691
361.946 42.433
362.122 42.491
362.299 41.905
362.476 42.005
362.652 42.044
362.829 41.342
363.006 40.587
363.183 40.288
363.359 40.396
363.536 40.177
363.713 39.881
363.889 39.221
364.066 38.245
364.243 37.893
364.420 38.260
364.596 38.102
364.773 37.675
364.950 37.765
365.127 37.200
365.303 36.889
365.480 36.953
365.660 36.781
365.839 36.618
366.019 36.622
366.199 36.701
366.379 36.533
366.558 36.720
366.738 37.329
366.918 37.411
367.098 37.459
367.277 37.461
367.457 37.666
367.637 37.429
367.816 37.631
367.996 37.914
368.176 37.628
368.356 37.525
368.535 37.343
368.715 36.841
368.895 36.748
369.075 36.348
369.254 36.297
369.434 36.307
369.614 35.760
369.793 35.527
369.973 35.183
370.153 35.151
370.333 35.398
370.512 35.354
370.692 35.386
370.872 35.393
371.051 35.242
371.231 34.973
371.411 35.022
371.591 34.497
371.770 33.870
371.950 33.592
372.130 33.533
372.310 34.035
372.489 34.353
372.669 34.187
372.849 34.444
373.028 34.523
373.208 34.347
373.388 34.353
373.568 34.102
373.747 33.792
373.927 33.479
374.107 32.705
374.287 32.464
374.466 32.539
374.646 32.548
374.826 32.480
375.005 32.412
375.185 32.407
375.365 32.461
375.545 32.862
375.724 33.247
375.904 32.921
376.084 32.388
376.263 31.946
376.443 31.930
376.623 31.637
376.803 31.390
376.982 31.379
377.162 31.234
377.342 31.243
377.522 31.363
377.701 31.529
377.881 31.843
378.061 31.849
378.240 31.437
378.420 31.261
378.600 31.160
378.780 31.061
378.959 30.866
379.139 30.920
379.319 30.830
379.499 30.560
379.678 30.734
379.858 30.987
380.038 31.089
380.217 31.060
380.397 30.902
380.577 30.690
380.757 30.412
380.936 30.520
381.116 30.702
381.296 30.672
381.476 30.658
381.655 30.664
381.835 30.393
382.015 30.477
382.194 30.579
382.374 30.588
382.554 30.747
382.734 30.901
382.913 30.845
383.093 30.546
383.273 30.403
383.452 30.376
383.632 30.260
383.812 30.223
383.992 30.198
384.171 30.325
384.351 30.259
384.531 30.092
384.711 29.825
384.890 29.502
385.070 29.342
385.250 29.174
385.429 29.242
385.609 29.429
385.789 29.044
385.969 28.559
386.148 28.439
386.328 28.314
386.508 28.164
386.688 28.174
386.867 28.227
387.047 28.124
387.227 27.739
387.406 27.341
387.586 27.128
387.766 26.939
387.946 26.822
388.125 26.717
388.305 26.928
388.485 26.858
388.664 26.820
388.844 26.934
389.024 26.967
389.204 26.686
389.383 26.484
389.563 26.621
389.743 26.901
389.923 26.942
390.102 26.755
390.282 26.475
390.462 26.305
390.641 26.144
390.821 26.162
391.001 26.350
391.181 26.564
391.360 26.677
391.540 26.923
391.720 26.995
391.900 27.007
392.079 26.783
392.259 26.787
392.439 26.720
392.618 26.502
392.798 26.286
392.978 26.168
393.158 26.158
393.337 26.029
393.517 25.671
393.697 25.464
393.877 25.432
394.056 25.458
394.236 25.548
394.416 25.614
394.595 25.602
394.775 25.457
394.955 25.209
395.135 25.040
395.314 24.888
395.494 24.688
395.674 24.495
395.853 24.422
396.033 24.382
396.213 24.400
396.393 24.311
396.572 24.310
396.752 24.384
396.932 24.319
397.112 24.500
397.291 24.716
397.471 24.653
397.651 24.540
397.830 24.404
398.010 24.376
398.190 24.422
398.370 24.309
398.549 24.350
398.729 24.364
398.909 24.371
399.089 24.188
399.268 24.195
399.448 24.453
399.628 24.529
399.807 24.585
399.987 24.400
400.167 24.324
400.347 24.227
400.526 24.201
400.706 24.256
400.886 23.993
401.065 23.689
401.245 23.696
401.425 23.612
401.605 23.543
401.784 23.363
401.964 23.243
402.144 23.422
402.324 23.584
402.503 23.743
402.683 23.672
402.863 23.677
403.042 23.486
403.222 23.242
403.402 23.228
403.582 23.115
403.761 23.069
403.941 23.112
404.121 23.022
404.301 22.801
404.480 22.671
404.660 22.717
404.844 22.816
405.029 22.940
405.213 23.089
405.398 23.422
405.582 23.518
405.767 23.481
405.951 23.301
406.136 23.041
406.320 22.806
406.505 22.785
406.689 22.835
406.874 22.879
407.058 22.760
407.243 22.642
407.427 22.701
407.612 22.739
407.796 22.655
407.981 22.668
408.165 22.737
408.350 22.690
408.534 22.620
408.719 22.693
408.903 22.482
409.088 22.401
409.272 22.320
409.457 22.272
409.641 22.243
409.826 22.252
410.010 22.273
410.195 22.311
410.379 22.244
410.564 22.046
410.748 21.930
410.933 21.916
411.117 21.997
411.302 21.972
411.486 22.000
411.671 21.980
411.855 21.996
412.040 22.061
412.224 22.166
412.409 22.116
412.593 21.869
412.778 21.928
412.962 21.864
413.147 21.743
413.331 21.702
413.516 21.594
413.700 21.584
413.885 22.077
414.069 22.985
414.254 22.974
414.438 23.100
414.623 23.373
414.807 23.454
414.992 23.337
415.176 23.281
415.361 23.196
415.545 23.136
415.730 23.242
415.914 23.276
416.099 23.199
416.283 23.242
416.468 23.448
416.652 23.467
416.837 23.582
417.021 23.677
417.206 23.690
417.390 23.736
417.575 23.762
417.759 23.302
417.944 22.300
418.128 22.317
418.313 22.165
418.497 21.873
418.682 21.772
418.866 21.833
419.051 21.875
419.235 21.836
419.420 21.889
419.604 21.764
419.789 21.702
419.973 21.728
420.158 21.730
420.342 21.562
420.527 21.495
420.711 21.340
420.896 21.236
421.080 21.209
421.265 21.137
421.449 21.028
421.634 20.944
421.818 20.998
422.003 20.906
422.187 20.921
422.372 21.120
422.556 21.162
422.741 21.167
422.925 21.236
423.110 21.444
423.294 21.435
423.479 21.360
423.663 21.218
423.848 21.108
424.032 21.065
424.217 21.047
424.401 20.987
424.586 20.994
424.770 21.015
424.955 21.010
425.139 21.002
425.324 20.921
425.508 20.715
425.693 20.576
425.877 20.648
426.062 20.708
426.246 20.560
426.431 20.465
426.615 20.367
426.800 20.239
426.984 20.057
427.169 20.040
427.353 20.123
427.538 20.169
427.722 20.202
427.907 20.293
428.091 20.383
428.276 20.340
428.460 20.311
428.645 20.374
428.829 20.485
429.014 20.465
429.198 20.570
429.383 20.775
429.567 20.846
429.752 20.779
429.936 20.711
430.121 20.732
430.305 20.892
430.490 20.970
430.674 20.991
430.859 20.974
431.043 20.975
431.228 20.942
431.412 20.997
431.597 21.030
431.781 20.963
431.966 20.881
432.150 20.960
432.335 21.051
432.519 20.903
432.704 20.651
432.888 20.564
433.073 20.484
433.257 20.404
433.442 20.306
433.626 20.302
433.811 20.312
433.995 20.276
434.180 20.172
434.364 20.039
434.549 19.943
434.733 19.949
434.918 19.848
435.102 19.808
435.287 19.705
435.471 19.593
435.656 19.566
435.840 19.612
436.030 19.571
436.220 19.475
436.410 19.569
436.600 19.781
436.790 19.956
436.980 20.035
437.170 20.071
437.360 20.136
437.550 20.147
437.741 20.164
437.931 20.161
438.121 20.180
438.311 20.257
438.501 20.327
438.691 20.392
438.881 20.454
439.071 20.470
439.261 20.477
439.451 20.550
439.641 20.502
439.831 20.494
440.021 20.592
440.211 20.675
440.401 20.614
440.591 20.410
440.781 20.326
440.971 20.304
441.161 20.332
441.351 20.373
441.542 20.407
441.732 20.462
441.922 20.404
442.112 20.324
442.302 20.306
442.492 20.273
442.682 20.207
442.872 20.323
443.062 20.305
443.252 20.314
443.442 20.284
443.632 20.307
443.822 20.360
444.012 20.290
444.202 20.156
444.392 20.069
444.582 20.357
444.772 20.808
444.962 20.805
445.153 20.761
445.343 20.702
445.533 20.614
445.723 20.534
445.913 20.669
446.103 20.769
446.293 20.814
446.483 20.857
446.673 20.885
446.863 20.788
447.053 20.750
447.243 20.727
447.433 20.718
447.623 20.724
447.813 20.654
448.003 20.629
448.193 20.684
448.383 20.713
448.573 20.522
448.764 20.090
448.954 20.101
449.144 20.085
449.334 20.063
449.524 20.133
449.714 20.229
449.904 20.187
450.094 20.202
450.284 20.239
450.474 20.260
450.664 20.214
450.854 20.189
451.044 20.237
451.234 20.225
451.424 20.174
451.614 20.131
451.804 20.063
451.994 20.048
452.184 20.046
452.375 20.086
452.565 20.774
452.755 21.993
452.945 21.963
453.135 21.983
453.325 22.008
453.515 22.069
453.705 22.051
453.895 21.966
454.085 21.833
454.275 21.690
454.465 21.577
454.655 21.567
454.845 21.599
455.035 21.567
455.225 21.611
455.415 21.658
455.605 21.708
455.795 21.776
455.985 21.832
456.176 21.854
456.366 21.896
456.556 21.267
456.746 20.126
456.936 20.153
457.126 20.165
457.316 20.246
457.506 20.186
457.696 20.106
457.886 20.115
458.076 20.080
458.266 20.083
458.456 20.133
458.646 20.200
458.836 20.244
459.026 20.371
459.216 20.415
459.406 20.467
459.596 20.407
459.787 20.359
459.977 20.317
460.167 20.325
460.357 20.261
460.547 20.151
460.737 20.071
460.927 20.077
461.117 20.069
461.307 19.979
461.497 19.919
461.687 19.941
461.877 19.983
462.067 20.048
462.257 20.106
462.447 20.089
462.637 20.123
462.827 20.144
463.017 20.051
463.207 20.015
463.397 19.974
463.588 20.004
463.778 20.052
463.968 20.091
464.158 20.066
464.348 20.060
464.538 20.127
464.728 20.164
464.918 20.186
465.108 20.232
465.298 20.265
465.488 20.336
465.678 20.284
465.868 20.212
466.058 20.215
466.248 20.163
466.438 20.200
466.628 20.169
466.818 20.084
467.008 20.090
467.199 20.087
467.389 20.114
467.579 20.154
467.769 20.122
467.959 20.138
468.149 20.189
468.339 20.217
468.529 20.213
468.719 20.208
468.909 20.176
469.099 20.158
469.289 20.091
469.479 20.021
469.669 20.072
469.859 20.119
470.049 20.143
470.239 20.167
470.429 20.176
470.619 20.158
470.810 20.144
471.000 20.102
471.190 20.087
471.380 20.059
471.570 20.017
471.760 19.984
471.950 19.927
472.140 19.895
472.330 19.922
472.520 19.902
472.710 19.881
472.900 19.875
473.090 19.854
473.280 19.917
473.470 19.928
473.660 19.922
473.850 19.957
474.040 20.023
474.230 20.049
474.421 20.049
474.611 20.033
474.801 20.071
474.991 20.120
475.181 20.139
475.371 20.161
475.561 20.188
475.751 20.252
475.941 20.269
476.131 20.229
476.321 20.150
476.511 20.141
476.701 20.166
476.891 20.142
477.081 20.131
477.271 20.128
477.461 20.170
477.651 20.157
477.841 20.133
478.031 20.120
478.222 20.127
478.412 20.143
478.602 20.144
478.792 20.085
478.982 20.061
479.172 20.069
479.362 20.020
479.552 20.019
479.742 19.994
479.932 19.992
480.122 19.992
480.312 20.020
480.502 20.047
480.692 20.026
480.882 20.015
481.072 19.989
481.262 20.010
481.452 19.969
481.642 19.940
481.833 19.955
482.023 19.952
482.213 19.955
482.403 19.921
482.593 19.914
482.783 19.949
482.973 19.977
483.163 19.948
483.353 19.957
483.543 19.918
483.733 19.937
483.923 19.927
484.113 19.941
484.303 19.964
484.493 19.945
484.683 19.949
484.873 19.972
485.063 20.006
485.253 19.970
485.443 19.946
485.634 19.948
485.824 19.931
486.014 19.876
486.204 19.870
486.394 19.893
486.584 19.937
486.774 19.934
486.964 19.921
487.154 19.952
487.344 19.958
487.534 19.918
487.724 19.881
487.914 19.870
488.104 19.887
488.294 19.867
488.484 19.873
488.674 19.888
488.864 19.859
489.054 19.820
489.245 19.800
489.435 19.819
489.625 19.850
489.815 19.855
490.005 19.853
490.195 19.842
490.385 19.828
490.575 19.798
490.765 19.799
490.955 19.836
491.145 19.862
491.335 19.863
491.525 19.842
491.715 19.821
491.905 19.846
492.095 19.860
492.285 19.915
492.475 19.931
492.665 19.916
492.856 19.922
493.046 19.970
493.236 19.984
493.426 19.978
493.616 19.991
493.806 19.995
493.996 20.054
494.186 20.065
494.376 20.039
494.566 20.050
494.756 20.072
494.946 20.058
495.136 20.028
495.326 20.022
495.516 20.096
495.706 20.136
495.896 20.140
496.086 20.123
496.276 20.075
496.467 20.008
496.657 19.991
496.847 19.983
497.037 19.923
497.227 19.899
497.417 19.900
497.607 19.872
497.797 19.866
497.987 19.794
498.177 19.739
498.367 19.682
498.557 19.631
498.747 19.595
498.937 19.521
499.127 19.445
499.317 19.427
499.507 19.415
499.697 19.402
499.887 19.367
500.077 19.337
500.268 19.349
500.458 19.387
500.648 19.399
500.838 19.425
501.028 19.491
501.218 19.477
501.408 19.459
501.598 19.425
501.788 19.394
501.978 19.414
502.168 19.445
502.358 19.526
502.548 19.583
502.738 19.584
502.928 19.653
503.118 19.734
503.308 19.733
503.498 19.695
503.688 19.702
503.879 19.730
504.069 19.730
504.259 19.703
504.449 19.684
504.639 19.654
504.829 19.644
505.019 19.621
505.209 19.642
505.399 19.657
505.589 19.685
505.779 19.706
505.969 19.711
506.159 19.700
506.349 19.615
506.539 19.561
506.729 19.553
506.919 19.531
507.109 19.508
507.299 19.532
507.490 19.552
507.680 19.500
507.870 19.471
508.060 19.437
508.250 19.394
508.440 19.345
508.630 19.306
508.820 19.285
509.010 19.208
509.200 19.136
509.390 19.119
509.580 19.106
509.770 19.073
509.960 19.032
510.150 19.018
510.340 19.054
510.530 19.050
510.720 19.053
510.910 19.043
511.100 18.988
511.291 18.922
511.481 18.899
511.671 18.888
511.861 18.835
512.051 18.861
512.241 18.911
512.431 18.910
512.621 18.941
512.811 18.959
513.001 19.012
513.191 19.023
513.381 19.025
513.571 19.032
513.761 19.036
513.951 19.025
514.141 18.998
514.331 18.973
514.521 18.953
514.711 18.908
514.902 18.863
515.092 18.916
515.282 18.956
515.472 18.913
515.662 18.903
515.852 18.909
516.042 18.863
516.232 18.835
516.422 18.874
516.612 18.866
516.802 18.838
516.992 18.769
517.182 18.770
517.372 18.746
517.562 18.710
517.752 18.701
517.942 18.715
518.132 18.685
518.322 18.650
518.513 18.627
518.703 18.618
518.893 18.625
519.083 18.583
519.273 18.511
519.463 18.527
519.653 18.525
519.843 18.515
520.033 18.528
520.223 18.482
520.413 18.419
520.603 18.417
520.793 18.422
520.983 18.448
521.173 18.439
521.363 18.444
521.553 18.454
521.743 18.433
521.933 18.405
522.123 18.422
522.314 18.448
522.504 18.467
522.694 18.482
522.884 18.466
523.074 18.432
523.264 18.417
523.454 18.391
523.644 18.372
523.834 18.347
524.024 18.307
524.214 18.256
524.404 18.205
524.594 18.126
524.784 18.092
524.974 18.041
525.164 18.026
525.354 18.013
525.544 17.973
525.734 17.946
525.925 17.922
526.115 17.908
526.305 17.862
526.495 17.819
526.685 17.765
526.875 17.715
527.065 17.685
527.255 17.668
527.445 17.619
527.635 17.578
527.825 17.566
528.015 17.568
528.205 17.629
528.395 17.702
528.585 17.737
528.775 17.709
528.965 17.741
529.155 17.740
529.345 17.672
529.535 17.627
529.726 17.564
529.916 17.525
530.106 17.487
530.296 17.462
530.486 17.431
530.676 17.421
530.866 17.423
531.056 17.417
531.246 17.428
531.436 17.430
531.626 17.431
531.816 17.413
532.006 17.409
532.196 17.389
532.386 17.338
532.576 17.285
532.766 17.221
532.956 17.167
533.146 17.118
533.337 17.126
533.527 17.121
533.717 17.155
533.907 17.121
534.097 17.083
534.287 17.103
534.477 17.083
534.667 17.045
534.857 17.015
535.047 16.972
535.237 16.954
535.427 16.953
535.617 16.916
535.807 16.893
535.997 16.842
536.187 16.785
536.377 16.744
536.567 16.725
536.757 16.726
536.948 16.688
537.138 16.647
537.328 16.600
537.518 16.554
537.708 16.520
537.898 16.513
538.088 16.508
538.278 16.455
538.468 16.427
538.658 16.391
538.848 16.369
539.038 16.377
539.228 16.333
539.418 16.282
539.608 16.271
539.798 16.242
539.988 16.246
540.178 16.256
540.368 16.223
540.558 16.225
540.749 16.215
540.939 16.211
541.129 16.231
541.319 16.249
541.509 16.261
541.699 16.274
541.889 16.279
542.079 16.265
542.269 16.262
542.459 16.240
542.649 16.186
542.839 16.131
543.029 16.092
543.219 16.088
543.409 16.081
543.599 16.063
543.789 16.062
543.979 16.009
544.169 15.927
544.360 15.907
544.550 15.871
544.740 15.867
544.930 15.836
545.120 15.766
545.310 15.702
545.500 15.663
545.690 15.586
545.880 15.546
546.070 15.530
546.267 15.482
546.463 15.463
546.660 15.489
546.857 15.495
547.054 15.476
547.251 15.416
547.447 15.352
547.644 15.302
547.841 15.263
548.038 15.261
548.234 15.279
548.431 15.276
548.628 15.277
548.825 15.223
549.021 15.159
549.218 15.126
549.415 15.104
549.612 15.112
549.808 15.112
550.005 15.112
550.202 15.079
550.399 15.060
550.595 15.077
550.792 15.087
550.989 15.087
551.186 15.060
551.382 15.064
551.579 15.095
551.776 15.082
551.973 15.047
552.169 14.994
552.366 14.931
552.563 14.891
552.760 14.820
552.956 14.800
553.153 14.812
553.350 14.805
553.547 14.784
553.743 14.727
553.940 14.704
554.137 14.657
554.334 14.619
554.530 14.610
554.727 14.536
554.924 14.464
555.121 14.425
555.317 14.412
555.514 14.371
555.711 14.320
555.908 14.317
556.104 14.322
556.301 14.334
556.498 14.355
556.695 14.336
556.891 14.309
557.088 14.268
557.285 14.260
557.482 14.283
557.678 14.287
557.875 14.272
558.072 14.238
558.269 14.212
558.465 14.225
558.662 14.207
558.859 14.194
559.056 14.191
559.252 14.144
559.449 14.094
559.646 14.088
559.843 14.070
560.039 14.060
560.236 14.025
560.433 13.970
560.630 13.915
560.826 13.882
561.023 13.862
561.220 13.857
561.417 13.825
561.613 13.735
561.810 13.669
562.007 13.635
562.204 13.614
562.400 13.596
562.597 13.521
562.794 13.495
562.991 13.494
563.187 13.473
563.384 13.472
563.581 13.459
563.778 13.475
563.974 13.506
564.171 13.466
564.368 13.451
564.565 13.473
564.761 13.488
564.958 13.485
565.155 13.495
565.352 13.488
565.548 13.452
565.745 13.466
565.942 13.444
566.139 13.433
566.335 13.418
566.532 13.381
566.729 13.353
566.926 13.335
567.122 13.334
567.319 13.287
567.516 13.249
567.713 13.255
567.909 13.213
568.106 13.142
568.303 13.101
568.500 13.064
568.696 13.011
568.893 12.928
569.090 12.871
569.287 12.802
569.483 12.781
569.680 12.812
569.877 12.831
570.074 12.857
570.270 12.842
570.467 12.814
570.664 12.819
570.861 12.826
571.057 12.771
571.254 12.721
571.451 12.741
571.648 12.740
571.844 12.708
572.041 12.684
572.238 12.662
572.435 12.655
572.631 12.640
572.828 12.617
573.025 12.633
573.222 12.618
573.418 12.603
573.615 12.556
573.812 12.495
574.009 12.450
574.205 12.403
574.402 12.377
574.599 12.366
574.796 12.323
574.992 12.287
575.189 12.259
575.386 12.214
575.583 12.183
575.779 12.165
575.976 12.115
576.173 12.055
576.370 12.038
576.567 12.034
576.763 12.003
576.960 11.978
577.160 11.954
577.359 11.940
577.559 11.922
577.759 11.911
577.958 11.888
578.158 11.816
578.357 11.794
578.557 11.778
578.757 11.750
578.956 11.721
579.156 11.699
579.356 11.690
579.555 11.674
579.755 11.634
579.954 11.597
580.154 11.599
580.354 11.590
580.553 11.550
580.753 11.489
580.953 11.456
581.152 11.436
581.352 11.438
581.552 11.443
581.751 11.433
581.951 11.399
582.150 11.361
582.350 11.350
582.550 11.360
582.749 11.350
582.949 11.351
583.149 11.366
583.348 11.357
583.548 11.359
583.748 11.397
583.947 11.363
584.147 11.320
584.346 11.284
584.546 11.281
584.746 11.251
584.945 11.222
585.145 11.206
585.345 11.183
585.544 11.139
585.744 11.094
585.943 11.063
586.143 11.035
586.343 11.015
586.542 11.043
586.742 11.021
586.942 10.980
587.141 10.934
587.341 10.894
587.541 10.893
587.740 10.845
587.940 10.783
588.139 10.802
588.339 10.817
588.539 10.827
588.738 10.837
588.938 10.854
589.138 10.863
589.337 10.845
589.537 10.835
589.736 10.823
589.936 10.814
590.136 10.795
590.335 10.804
590.535 10.803
590.735 10.742
590.934 10.697
591.134 10.674
591.334 10.662
591.533 10.615
591.733 10.544
591.932 10.522
592.132 10.510
592.332 10.475
592.531 10.446
592.731 10.393
592.931 10.343
593.130 10.313
593.330 10.285
593.530 10.286
593.729 10.263
593.929 10.249
594.128 10.238
594.328 10.250
594.528 10.241
594.727 10.243
594.927 10.282
595.127 10.335
595.326 10.322
595.526 10.310
595.725 10.311
595.925 10.321
596.125 10.304
596.324 10.275
596.524 10.271
596.724 10.277
596.923 10.287
597.123 10.266
597.323 10.264
597.522 10.245
597.722 10.226
597.921 10.226
598.121 10.209
598.321 10.173
598.520 10.143
598.720 10.121
598.920 10.075
599.119 10.029
599.319 9.974
599.519 9.973
599.718 9.959
599.918 9.947
600.117 9.923
600.317 9.930
600.517 9.927
600.716 9.900
600.916 9.867
601.116 9.837
601.315 9.829
601.515 9.813
601.714 9.816
601.914 9.790
602.114 9.746
602.313 9.714
602.513 9.719
602.713 9.708
602.912 9.679
603.112 9.669
603.312 9.627
603.511 9.597
603.711 9.602
603.910 9.578
604.110 9.553
604.310 9.557
604.509 9.567
604.709 9.573
604.909 9.562
605.108 9.571
605.308 9.557
605.507 9.558
605.707 9.555
605.907 9.538
606.106 9.523
606.306 9.511
606.506 9.486
606.705 9.484
606.905 9.487
607.105 9.485
607.304 9.477
607.504 9.497
607.703 9.485
607.903 9.434
608.103 9.409
608.302 9.416
608.502 9.417
608.702 9.379
608.901 9.344
609.101 9.326
609.301 9.288
609.500 9.294
609.700 9.266
609.899 9.232
610.099 9.218
610.299 9.223
610.498 9.237
610.698 9.248
610.898 9.224
611.097 9.198
611.297 9.203
611.496 9.207
611.696 9.203
611.896 9.189
612.095 9.178
612.295 9.176
612.495 9.157
612.694 9.154
612.894 9.162
613.094 9.160
613.293 9.159
613.493 9.154
613.692 9.117
613.892 9.085
614.092 9.080
614.291 9.068
614.491 9.054
614.691 9.052
614.890 9.057
615.090 9.060
615.289 9.060
615.489 9.021
615.689 8.987
615.888 8.945
616.088 8.949
616.288 8.968
616.487 8.965
616.687 8.945
616.887 8.907
617.086 8.862
617.286 8.838
617.485 8.827
617.685 8.805
617.885 8.811
618.084 8.826
618.284 8.811
618.484 8.818
618.683 8.844
618.883 8.834
619.082 8.818
619.282 8.818
619.482 8.797
619.681 8.802
619.881 8.813
620.081 8.802
620.280 8.735
620.480 8.692
620.680 8.682
620.879 8.688
621.079 8.710
621.278 8.733
621.478 8.723
621.678 8.684
621.877 8.673
622.077 8.657
622.277 8.671
622.476 8.689
622.676 8.653
622.876 8.595
623.075 8.589
623.275 8.596
623.474 8.575
623.674 8.571
623.874 8.583
624.073 8.588
624.273 8.605
624.473 8.616
624.672 8.609
624.872 8.619
625.071 8.615
625.271 8.584
625.471 8.571
625.670 8.583
625.870 8.629
626.070 8.629
626.269 8.591
626.469 8.553
626.669 8.507
626.868 8.500
627.068 8.493
627.267 8.455
627.467 8.406
627.667 8.375
627.866 8.356
628.066 8.320
628.266 8.280
628.465 8.271
628.665 8.297
628.865 8.301
629.064 8.286
629.264 8.272
629.463 8.281
629.663 8.274
629.863 8.260
630.062 8.220
630.262 8.190
630.462 8.203
630.661 8.181
630.861 8.320
631.060 8.573
631.260 8.592
631.460 8.616
631.659 8.635
631.859 8.629
632.059 8.637
632.258 8.650
632.458 8.659
632.658 8.633
632.857 8.599
633.057 8.583
633.256 8.556
633.456 8.548
633.656 8.520
633.855 8.490
634.055 8.461
634.255 8.462
634.454 8.478
634.654 8.479
634.853 8.495
635.053 8.370
635.253 8.119
635.452 8.110
635.652 8.082
635.852 8.036
636.051 8.030
636.251 8.027
636.451 8.031
636.650 8.022
636.850 8.043
637.049 8.043
637.249 8.037
637.449 8.036
637.648 8.017
637.848 7.990
638.048 7.990
638.247 8.003
638.447 7.978
638.647 7.967
638.846 7.973
639.046 7.932
639.245 7.888
639.445 7.877
639.645 7.849
639.844 7.825
640.044 7.827
640.244 7.843
640.443 7.870
640.643 7.858
640.842 7.837
641.042 7.822
641.242 7.861
641.441 7.876
641.641 7.881
641.841 7.843
642.040 7.830
642.240 7.821
642.440 7.797
642.639 7.820
642.839 7.830
643.038 7.816
643.238 7.845
643.438 7.879
643.637 7.897
643.837 7.898
644.037 7.917
644.236 7.954
644.436 7.960
644.635 7.905
644.835 7.867
645.035 7.867
645.234 7.851
645.434 7.811
645.634 7.766
645.833 7.757
646.033 7.808
646.233 7.832
646.432 7.857
646.632 7.890
646.831 7.870
647.031 7.864
647.231 7.871
647.430 7.853
647.630 7.824
647.830 7.785
648.029 7.775
648.229 7.723
648.429 7.659
648.628 7.611
648.828 7.613
649.027 7.603
649.227 7.586
649.427 7.584
649.626 7.593
649.826 7.615
650.026 7.592
650.225 7.556
650.425 7.544
650.624 7.527
650.824 7.505
651.024 7.502
651.223 7.474
651.423 7.448
651.623 7.471
651.822 7.497
652.022 7.516
652.222 7.524
652.421 7.550
652.621 7.590
652.820 7.627
653.020 7.626
653.220 7.620
653.419 7.636
653.619 7.624
653.819 7.599
654.018 7.598
654.218 7.616
654.418 7.645
654.617 7.652
654.817 7.636
655.016 7.616
655.216 7.623
655.416 7.640
655.615 7.634
655.815 7.598
656.015 7.585
656.214 7.621
656.414 7.647
656.613 7.636
656.813 7.639
657.013 7.645
657.212 7.628
657.412 7.650
657.612 7.658
657.811 7.658
658.011 7.654
658.211 7.660
658.410 7.679
658.610 7.667
658.809 7.676
659.009 7.680
659.209 7.683
659.408 7.667
659.608 7.669
659.808 7.672
660.007 7.677
660.207 7.686
660.406 7.640
660.606 7.572
660.806 7.582
661.005 7.587
661.205 7.531
661.405 7.525
661.604 7.526
661.804 7.525
662.004 7.533
662.203 7.549
662.403 7.535
662.602 7.513
662.802 7.530
663.002 7.524
663.201 7.525
663.401 7.521
663.601 7.529
663.800 7.522
664.000 7.528
664.199 7.560
664.399 7.563
664.599 7.543
664.798 7.556
664.998 7.585
665.198 7.565
665.397 7.579
665.597 7.617
665.797 7.625
665.996 7.619
666.196 7.593
666.395 7.551
666.595 7.531
666.795 7.536
666.994 7.536
667.194 7.526
667.394 7.505
667.593 7.497
667.793 7.507
667.993 7.537
668.192 7.546
668.392 7.518
668.591 7.468
668.791 7.462
668.991 7.517
669.190 7.489
669.390 7.486
669.590 7.507
669.789 7.482
669.989 7.467
670.188 7.430
670.388 7.425
670.588 7.457
670.787 7.472
670.987 7.464
671.187 7.440
671.386 7.471
671.586 7.500
671.786 7.515
671.985 7.479
672.185 7.417
672.384 7.392
672.584 7.379
672.784 7.403
672.983 7.415
673.183 7.361
673.383 7.343
673.582 7.320
673.782 7.317
673.981 7.328
674.181 7.290
674.381 7.289
674.580 7.290
674.780 7.259
674.980 7.229
675.179 7.215
675.379 7.233
675.579 7.187
675.778 7.146
675.978 7.124
676.177 7.127
676.377 7.129
676.577 7.147
676.776 7.144
676.976 7.110
677.176 7.107
677.375 7.127
677.575 7.149
677.775 7.183
677.974 7.161
678.174 7.154
678.373 7.187
678.573 7.211
678.773 7.220
678.972 7.240
679.172 7.264
679.372 7.289
679.571 7.289
679.771 7.309
679.970 7.325
680.170 7.317
680.370 7.293
680.569 7.299
680.769 7.295
680.969 7.297
681.168 7.344
681.368 7.367
681.568 7.367
681.767 7.346
681.967 7.317
682.166 7.333
682.366 7.332
682.566 7.318
682.765 7.309
682.965 7.310
683.165 7.317
683.364 7.326
683.564 7.300
683.764 7.269
683.963 7.235
684.163 7.206
684.362 7.224
684.562 7.279
684.762 7.298
684.961 7.313
685.161 7.350
685.361 7.327
685.560 7.283
685.760 7.257
685.959 7.257
686.159 7.265
686.359 7.239
686.558 7.200
686.758 7.192
686.958 7.199
687.157 7.210
687.357 7.222
687.557 7.246
687.756 7.249
687.956 7.253
688.155 7.269
688.355 7.308
688.555 7.310
688.754 7.297
688.954 7.323
689.154 7.301
689.353 7.280
689.553 7.299
689.752 7.312
689.952 7.323
690.152 7.323
690.351 7.320
690.551 7.316
690.751 7.308
690.950 7.293
691.150 7.305
691.350 7.312
691.549 7.306
691.749 7.259
691.948 7.260
692.148 7.285
692.348 7.268
692.547 7.234
692.747 7.243
692.947 7.260
693.146 7.241
693.346 7.234
693.546 7.232
693.745 7.208
693.945 7.213
694.144 7.209
694.344 7.221
694.544 7.243
694.743 7.258
694.943 7.289
695.143 7.343
695.342 7.349
695.542 7.335
695.741 7.307
695.941 7.312
696.141 7.332
696.340 7.356
696.540 7.365
696.745 7.386
696.951 7.377
697.156 7.375
697.362 7.351
697.567 7.350
697.772 7.352
697.978 7.339
698.183 7.337
698.389 7.360
698.594 7.373
698.799 7.355
699.005 7.387
699.210 7.417
699.416 7.387
699.621 7.338
699.826 7.318
700.032 7.342
700.237 7.358
700.443 7.312
700.648 7.277
700.853 7.315
701.059 7.357
701.264 7.328
701.470 7.295
701.675 7.347
701.880 7.401
702.086 7.418
702.291 7.403
702.497 7.384
702.702 7.361
702.907 7.341
703.113 7.345
703.318 7.291
703.524 7.229
703.729 7.224
703.934 7.235
704.140 7.223
704.345 7.207
704.551 7.172
704.756 7.168
704.961 7.167
705.167 7.141
705.372 7.086
705.578 7.130
705.783 7.145
705.988 7.102
706.194 7.034
706.399 7.015
706.605 7.056
706.810 7.105
707.015 7.141
707.221 7.117
707.426 7.095
707.632 7.102
707.837 7.111
708.042 7.106
708.248 7.115
708.453 7.143
708.659 7.126
708.864 7.156
709.069 7.198
709.275 7.191
709.480 7.161
709.686 7.145
709.891 7.127
710.096 7.134
710.302 7.147
710.507 7.175
710.713 7.151
710.918 7.114
711.123 7.082
711.329 7.030
711.534 7.064
711.740 7.108
711.945 7.151
712.150 7.193
712.356 7.238
712.561 7.264
712.766 7.267
712.972 7.265
713.177 7.237
713.383 7.183
713.588 7.156
713.793 7.173
713.999 7.186
714.204 7.177
714.410 7.154
714.615 7.154
714.820 7.163
715.026 7.170
715.231 7.198
715.437 7.224
715.642 7.279
715.847 7.311
716.053 7.295
716.258 7.290
716.464 7.291
716.669 7.297
716.874 7.304
717.080 7.350
717.285 7.487
717.491 7.538
717.696 7.579
717.901 7.588
718.107 7.586
718.312 7.599
718.518 7.613
718.723 7.625
718.928 7.647
719.134 7.625
719.339 7.607
719.545 7.584
719.750 7.541
719.955 7.501
720.161 7.449
720.366 7.413
720.572 7.398
720.777 7.388
720.982 7.306
721.188 7.259
721.393 7.203
721.599 7.101
721.804 7.106
722.009 7.136
722.215 7.176
722.420 7.187
722.626 7.201
722.831 7.210
723.036 7.201
723.242 7.187
723.447 7.229
723.653 7.270
723.858 7.290
724.063 7.337
724.269 7.386
724.474 7.429
724.680 7.507
724.885 7.538
725.090 7.500
725.296 7.510
725.501 7.514
725.707 7.521
725.912 7.514
726.117 7.482
726.323 7.477
726.528 7.464
726.734 7.476
726.939 7.516
727.144 7.534
727.350 7.559
727.555 7.566
727.761 7.587
727.966 7.573
728.171 7.612
728.377 7.646
728.582 7.578
728.788 7.517
728.993 7.451
729.198 7.411
729.404 7.453
729.609 7.528
729.815 7.547
730.020 7.527
730.225 7.524
730.431 7.510
730.636 7.473
730.842 7.458
731.047 7.414
731.252 7.333
731.458 7.311
731.663 7.353
731.869 7.350
732.074 7.306
732.279 7.308
732.485 7.306
732.690 7.270
732.896 7.301
733.101 7.344
733.306 7.383
733.512 7.390
733.717 7.391
733.923 7.328
734.128 7.339
734.333 7.390
734.539 7.420
734.744 7.432
734.950 7.425
735.155 7.432
735.360 7.517
735.566 7.569
735.771 7.587
735.977 7.546
736.182 7.550
736.387 7.588
736.593 7.654
736.798 7.708
737.004 7.715
737.209 7.741
737.414 7.765
737.620 7.779
737.825 7.788
738.031 7.803
738.236 7.831
738.441 7.817
738.647 7.812
738.852 7.800
739.058 7.830
739.263 7.880
739.468 7.897
739.674 7.878
739.879 7.892
740.085 7.923
740.290 7.920
740.495 7.879
740.701 7.859
740.906 7.820
741.112 7.782
741.317 7.768
741.522 7.750
741.728 7.728
741.933 7.748
742.139 7.796
742.344 7.826
742.549 7.820
742.755 7.815
742.960 7.795
743.166 7.756
743.371 7.719
743.576 7.728
743.782 7.736
743.987 7.754
744.193 7.742
744.398 7.683
744.603 7.677
744.809 7.714
745.014 7.694
745.220 7.652
745.425 7.564
745.630 7.546
745.836 7.550
746.041 7.539
746.246 7.519
746.452 7.505
746.657 7.470
746.863 7.495
747.068 7.573
747.274 7.642
747.479 7.728
747.684 7.780
747.890 7.771
748.095 7.734
748.300 7.718
748.506 7.737
748.711 7.765
748.917 7.748
749.122 7.719
749.327 7.711
749.533 7.712
749.738 7.745
749.944 7.756
750.149 7.726
750.354 7.722
750.560 7.745
750.765 7.737
750.971 7.753
751.176 7.748
751.381 7.735
751.587 7.684
751.792 7.656
751.998 7.626
752.203 7.603
752.408 7.653
752.614 7.647
752.819 7.663
753.025 7.701
753.230 7.743
753.435 7.789
753.641 7.831
753.846 7.911
754.052 7.961
754.257 7.934
754.462 7.945
754.668 7.967
754.873 7.942
755.079 7.928
755.284 7.930
755.489 7.967
755.695 7.909
755.900 7.933
756.106 7.939
756.311 7.958
756.516 7.925
756.722 7.903
756.927 7.900
757.133 7.877
757.338 7.840
757.543 7.831
757.749 7.793
757.954 7.753
758.160 7.678
758.365 7.648
758.570 7.697
758.776 7.719
758.981 7.723
759.187 7.742
759.392 7.796
759.597 7.795
759.803 7.723
760.008 7.739
760.214 7.729
760.419 7.684
760.624 7.655
760.830 7.767
761.035 7.775
761.241 7.727
761.446 7.690
761.651 7.671
761.857 7.694
762.062 7.721
762.268 7.728
762.473 7.726
762.678 7.738
762.884 7.771
763.089 7.789
763.295 7.824
763.500 7.898
763.709 7.895
763.918 7.888
764.126 7.910
764.335 7.946
764.544 7.990
764.753 8.013
764.962 8.065
765.171 8.047
765.379 8.021
765.588 8.083
765.797 8.141
766.006 8.190
766.215 8.205
766.424 8.225
766.632 8.244
766.841 8.292
767.050 8.303
767.259 8.280
767.468 8.321
767.677 8.315
767.885 8.221
768.094 8.194
768.303 8.213
768.512 8.235
768.721 8.252
768.929 8.221
769.138 8.275
769.347 8.293
769.556 8.281
769.765 8.325
769.974 8.332
770.182 8.285
770.391 8.257
770.600 8.257
770.809 8.252
771.018 8.281
771.227 8.268
771.435 8.259
771.644 8.251
771.853 8.257
772.062 8.286
772.271 8.335
772.480 8.330
772.688 8.320
772.897 8.319
773.106 8.286
773.315 8.327
773.524 8.357
773.732 8.410
773.941 8.410
774.150 8.373
774.359 8.336
774.568 8.349
774.777 8.337
774.985 8.328
775.194 8.336
775.403 8.352
775.612 8.397
775.821 8.473
776.030 8.547
776.238 8.510
776.447 8.497
776.656 8.550
776.865 8.601
777.074 8.637
777.283 8.710
777.491 8.768
777.700 8.687
777.909 8.598
778.118 8.466
778.327 8.459
778.535 8.549
778.744 8.624
778.953 8.653
779.162 8.666
779.371 8.669
779.580 8.707
779.788 8.770
779.997 8.773
780.206 8.675
780.415 8.604
780.624 8.611
780.833 8.610
781.041 8.532
781.250 8.478
781.459 8.470
781.668 8.468
781.877 8.455
782.086 8.533
782.294 8.563
782.503 8.659
782.712 8.703
782.921 8.692
783.130 8.664
783.338 8.719
783.547 8.767
783.756 8.743
783.965 8.731
784.174 8.732
784.383 8.810
784.591 8.893
784.800 8.967
785.009 8.985
785.218 9.005
785.427 9.068
785.636 9.098
785.844 9.099
786.053 9.085
786.262 9.094
786.471 9.094
786.680 9.155
786.889 9.130
787.097 9.089
787.306 9.090
787.515 9.076
787.724 9.005
787.933 8.994
788.141 9.049
788.350 8.999
788.559 8.920
788.768 8.885
788.977 8.863
789.186 8.820
789.394 8.838
789.603 8.791
789.812 8.709
790.021 8.722
790.230 8.776
790.439 8.886
790.647 8.860
790.856 8.849
791.065 8.833
791.274 8.877
791.483 8.918
791.692 8.932
791.900 8.983
792.109 9.018
792.318 9.038
792.527 9.057
792.736 9.160
792.944 9.201
793.153 9.187
793.362 9.190
793.571 9.173
793.780 9.197
793.989 9.261
794.197 9.321
794.406 9.338
794.615 9.287
794.824 9.126
795.033 9.114
795.242 9.140
795.450 9.142
795.659 9.126
795.868 9.092
796.077 9.087
796.286 9.138
796.495 9.153
796.703 9.157
796.912 9.169
797.121 9.188
797.330 9.200
797.539 9.213
797.747 9.347
797.956 9.414
798.165 9.365
798.374 9.364
798.583 9.390
798.792 9.380
799.000 9.460
799.209 9.584
799.418 9.704
799.627 9.788
799.836 9.825
800.045 9.902
800.253 10.040
800.462 10.121
800.671 10.041
800.880 10.053
801.089 10.082
801.298 10.071
801.506 10.020
801.715 10.124
801.924 10.240
802.133 10.229
802.342 10.265
802.550 10.306
802.759 10.391
802.968 10.455
803.177 10.473
803.386 10.403
803.595 10.346
803.803 10.312
804.012 10.248
804.221 10.274
804.430 10.277
804.639 10.311
804.848 10.262
805.056 10.306
805.265 10.325
805.474 10.382
805.683 10.389
805.892 10.427
806.101 10.429
806.309 10.342
806.518 10.225
806.727 10.210
806.936 10.276
807.145 10.209
807.353 10.141
807.562 10.126
807.771 10.180
807.980 10.195
808.189 10.150
808.398 10.142
808.606 10.195
808.815 10.268
809.024 10.226
809.233 10.288
809.442 10.317
809.651 10.252
809.859 10.166
810.068 10.204
810.277 10.267
810.486 10.194
810.695 10.178
810.904 10.264
811.112 10.250
811.321 10.253
811.530 10.310
811.741 10.387
811.953 10.499
812.164 10.551
812.375 10.573
812.586 10.603
812.798 10.632
813.009 10.647
813.220 10.657
813.431 10.663
813.643 10.690
813.854 10.801
814.065 10.901
814.276 10.957
814.488 10.981
814.699 10.928
814.910 10.991
815.121 10.968
815.333 10.874
815.544 10.881
815.755 10.843
815.966 10.826
816.178 10.848
816.389 10.799
816.600 10.732
816.811 10.759
817.023 10.831
817.234 10.894
817.445 10.866
817.656 10.893
817.868 11.029
818.079 11.051
818.290 11.022
818.502 11.020
818.713 11.037
818.924 11.031
819.135 11.071
819.347 11.054
819.558 11.103
819.769 11.318
819.980 11.395
820.192 11.438
820.403 11.447
820.614 11.445
820.825 11.519
821.037 11.597
821.248 11.702
821.459 11.722
821.670 11.716
821.882 11.666
822.093 11.575
822.304 11.492
822.515 11.502
822.727 11.508
822.938 11.548
823.149 11.588
823.360 11.645
823.572 11.779
823.783 11.877
823.994 11.932
824.205 11.770
824.417 11.727
824.628 11.770
824.839 11.772
825.051 11.748
825.262 11.719
825.473 11.767
825.684 11.775
825.896 11.754
826.107 11.699
826.318 11.739
826.529 11.827
826.741 11.799
826.952 11.715
827.163 11.748
827.374 11.812
827.586 11.805
827.797 11.858
828.008 11.836
828.219 11.835
828.431 11.953
828.642 12.209
828.853 12.393
829.064 12.443
829.276 12.527
829.487 12.513
829.698 12.474
829.909 12.459
830.121 12.450
830.332 12.482
830.543 12.493
830.754 12.574
830.966 12.578
831.177 12.570
831.388 12.640
831.600 12.571
831.811 12.592
832.022 12.840
832.233 12.964
832.445 12.790
832.656 12.744
832.867 12.711
833.078 12.598
833.290 12.476
833.501 12.556
833.712 12.655
833.923 12.733
834.135 12.783
834.346 12.805
834.557 12.758
834.768 12.829
834.980 13.046
835.191 13.083
835.402 13.140
835.613 13.252
835.825 13.431
836.036 13.536
836.247 13.609
836.458 13.625
836.670 13.546
836.881 13.710
837.092 13.775
837.303 13.782
837.515 13.915
837.726 13.976
837.937 13.916
838.148 13.927
838.360 14.000
838.571 14.094
838.782 14.111
838.994 14.122
839.205 14.029
839.416 13.892
839.627 13.916
839.839 13.877
840.050 13.835
840.261 13.759
840.472 13.812
840.684 13.745
840.895 13.607
841.106 13.516
841.317 13.479
841.529 13.533
841.740 13.500
841.951 13.351
842.162 13.381
842.374 13.470
842.585 13.451
842.796 13.389
843.007 13.438
843.219 13.565
843.430 13.634
843.641 13.623
843.852 13.619
844.064 13.589
844.275 13.630
844.486 13.766
844.697 13.805
844.909 13.764
845.120 13.826
845.331 13.830
845.543 13.944
845.754 14.006
845.965 13.945
846.176 13.988
846.388 14.136
846.599 14.229
846.810 14.325
847.021 14.304
847.233 14.510
847.444 14.633
847.655 14.727
847.866 14.752
848.078 14.939
848.289 15.152
848.500 15.219
848.711 15.324
848.923 15.370
849.134 15.313
849.345 15.282
849.556 15.216
849.768 15.212
849.979 15.206
850.190 15.246
850.401 15.321
850.613 15.483
850.824 15.504
851.035 15.471
851.246 15.377
851.458 15.498
851.669 15.430
851.880 15.173
852.092 15.101
852.303 15.283
852.514 15.499
852.725 15.626
852.937 15.624
853.148 15.581
853.359 15.484
853.570 15.577
853.782 15.759
853.993 15.865
854.204 15.835
854.415 15.825
854.627 15.900
854.838 15.975
855.049 16.046
855.260 16.155
855.472 16.088
855.683 16.119
855.894 16.254
856.105 16.394
856.317 16.522
856.528 16.485
856.739 16.301
856.950 16.149
857.162 15.942
857.373 15.930
857.584 15.865
857.795 15.896
858.007 15.904
858.218 15.722
858.429 15.977
858.640 16.474
858.852 16.321
859.063 16.259
859.274 16.312
859.486 16.063
859.697 15.788
859.908 16.045
860.119 16.256
860.331 16.176
860.542 16.226
860.753 16.462
860.964 16.608
861.176 16.766
861.387 16.766
861.598 16.908
861.809 17.050
862.021 17.058
862.232 17.075
862.443 17.080
862.654 17.222
862.866 17.065
863.077 16.807
863.288 17.186
863.499 17.472
863.711 17.608
863.922 17.860
864.133 18.173
864.344 17.948
864.556 17.594
864.767 17.383
864.978 17.074
865.189 16.992
865.401 17.015
865.612 16.983
865.823 16.902
866.035 16.771
866.246 16.708
866.457 16.976
866.668 17.133
866.880 17.230
867.091 17.308
867.302 17.256
867.513 17.292
867.725 17.384
867.936 17.492
868.147 17.471
868.358 17.535
868.570 17.499
868.781 17.759
868.992 18.153
869.203 18.483
869.415 18.784
869.626 19.023
869.837 19.054
870.048 19.213
870.260 19.372
870.471 19.573
870.682 19.607
870.893 19.428
871.105 19.495
871.316 19.654
871.527 19.660
871.738 19.919
871.950 20.098
872.161 19.972
872.372 19.709
872.584 19.505
872.795 19.405
873.006 19.298
873.217 19.237
873.429 19.159
873.640 19.023
873.851 18.827
874.062 18.525
874.274 18.361
874.485 18.273
874.696 18.374
874.907 18.283
875.119 18.283
875.330 18.266
875.541 18.054
875.752 17.773
875.964 17.749
876.175 17.618
876.386 17.454
876.597 17.573
876.809 17.748
877.020 17.981
877.231 18.002
877.442 18.101
877.654 18.120
877.865 18.096
878.076 18.109
878.287 18.076
878.499 18.016
878.710 18.111
878.921 18.044
879.133 17.873
879.344 18.057
879.555 18.301
879.766 18.543
879.978 18.603
880.189 18.771
880.400 18.954
880.611 19.008
880.823 19.105
881.034 19.100
881.245 19.039
881.456 18.851
881.668 18.662
881.879 18.707
882.090 18.928
882.301 18.921
882.513 18.771
882.724 18.917
882.935 18.994
883.146 18.969
883.358 19.268
883.569 19.271
883.780 19.111
883.991 19.114
884.203 19.051
884.414 19.160
884.625 19.156
884.836 18.924
885.048 18.976
885.259 19.118
885.470 19.135
885.682 19.137
885.893 19.271
886.104 19.608
886.315 19.609
886.527 19.399
886.738 19.485
886.949 19.685
887.160 19.779
887.372 19.788
887.583 19.934
887.794 19.731
888.005 19.858
888.217 19.917
888.428 19.778
888.639 19.831
888.850 19.852
889.062 19.794
889.273 19.915
889.484 19.784
889.695 19.499
889.907 19.492
890.118 19.479
890.329 19.526
890.540 19.513
890.752 19.627
890.963 19.733
891.174 19.815
891.385 20.055
891.597 20.080
891.808 20.204
892.019 20.176
892.231 20.296
892.442 20.431
892.653 20.584
892.864 20.523
893.076 20.938
893.287 21.717
893.498 21.786
893.709 21.900
893.921 21.896
894.132 22.044
894.343 22.063
894.554 22.014
894.766 22.215
894.977 22.353
895.188 22.284
895.399 22.193
895.611 21.942
895.822 21.748
896.033 21.740
896.244 21.667
896.456 21.811
896.667 21.896
896.878 21.939
897.089 21.968
897.301 21.987
897.512 21.497
897.723 20.865
897.934 20.982
898.146 21.099
898.357 21.199
898.568 21.186
898.779 21.285
898.991 21.549
899.202 21.488
899.413 21.351
899.625 21.415
899.836 21.734
900.047 22.297
900.258 22.359
900.470 22.461
900.681 22.656
900.892 22.698
901.103 22.762
901.315 22.765
901.526 22.750
901.737 22.986
901.948 23.173
902.160 23.025
902.371 22.966
902.582 22.801
902.793 22.808
903.005 22.863
903.216 23.021
903.427 23.044
903.638 22.876
903.850 23.041
904.061 23.347
904.272 23.354
904.483 22.867
904.695 22.799
904.906 22.835
905.117 22.773
905.328 22.499
905.540 22.337
905.751 21.949
905.962 21.905
906.174 22.066
906.385 21.741
906.596 21.655
906.807 21.867
907.019 22.241
907.230 22.445
907.441 22.613
907.652 22.693
907.864 22.788
908.075 22.774
908.286 22.282
908.497 21.834
908.709 21.553
908.920 21.793
909.131 21.926
909.342 21.988
909.554 22.343
909.765 22.907
909.976 23.040
910.187 23.396
910.399 23.453
910.610 23.368
910.821 23.740
911.032 23.977
911.244 23.762
911.455 23.381
911.666 23.456
911.877 23.704
912.089 23.634
912.300 23.564
912.515 23.786
912.730 24.278
912.944 24.612
913.159 25.225
913.374 25.522
913.589 25.656
913.803 25.813
914.018 25.648
914.233 25.049
914.448 25.148
914.663 25.448
914.877 25.861
915.092 25.973
915.307 26.131
915.522 26.303
915.736 26.588
915.951 26.777
916.166 26.826
916.381 26.503
916.596 26.512
916.810 27.048
917.025 27.307
917.240 27.340
917.455 27.269
917.669 26.560
917.884 25.899
918.099 25.731
918.314 25.845
918.529 26.325
918.743 27.268
918.958 27.607
919.173 27.464
919.388 27.155
919.602 27.140
919.817 27.334
920.032 27.729
920.247 28.255
920.462 28.915
920.676 29.228
920.891 29.338
921.106 29.208
921.321 28.651
921.535 28.489
921.750 28.603
921.965 28.997
922.180 29.579
922.395 30.076
922.609 30.523
922.824 30.548
923.039 30.308
923.254 29.596
923.469 29.250
923.683 29.242
923.898 28.923
924.113 28.685
924.328 28.722
924.542 28.637
924.757 28.092
924.972 27.808
925.187 27.400
925.402 27.437
925.616 27.666
925.831 28.099
926.046 28.117
926.261 28.429
926.475 28.465
926.690 28.624
926.905 29.252
927.120 29.373
927.335 29.285
927.549 29.601
927.764 30.258
927.979 30.265
928.194 30.407
928.408 30.994
928.623 31.421
928.838 31.695
929.053 32.172
929.268 32.401
929.482 31.724
929.697 31.728
929.912 31.999
930.127 32.013
930.341 32.504
930.556 33.397
930.771 33.449
930.986 33.540
931.201 33.172
931.415 32.626
931.630 32.939
931.845 33.554
932.060 33.665
932.274 34.117
932.489 34.503
932.704 34.862
932.919 35.109
933.134 34.948
933.348 34.982
933.563 34.596
933.778 34.628
933.993 35.932
934.207 36.526
934.422 36.430
934.637 36.724
934.852 36.198
935.067 35.688
935.281 35.894
935.496 36.716
935.711 37.782
935.926 38.167
936.140 38.451
936.355 38.918
936.570 39.025
936.785 38.452
937.000 38.398
937.214 38.984
937.429 39.531
937.644 40.209
937.859 40.358
938.073 40.543
938.288 40.866
938.503 40.898
938.718 41.541
938.933 43.144
939.147 44.659
939.362 45.624
939.577 46.226
939.792 46.046
940.007 45.457
940.221 45.051
940.436 45.246
940.651 45.138
940.866 45.247
941.080 45.474
941.295 46.211
941.510 46.584
941.725 46.171
941.940 46.499
942.154 46.799
942.369 47.134
942.584 47.664
942.799 48.397
943.013 48.771
943.228 48.447
943.443 47.670
943.658 46.370
943.873 46.078
944.087 46.345
944.302 46.684
944.517 46.710
944.732 46.871
944.946 46.253
945.161 46.334
945.376 45.810
945.591 45.947
945.806 45.913
946.020 46.646
946.235 48.172
946.450 48.192
946.665 47.859
946.879 47.486
947.094 47.323
947.309 46.879
947.524 47.228
947.739 47.204
947.953 46.576
948.168 46.748
948.383 46.436
948.598 46.014
948.812 46.647
949.027 45.855
949.242 45.081
949.457 46.474
949.672 47.140
949.886 46.844
950.101 46.732
950.316 47.142
950.531 47.174
950.745 46.331
950.960 46.628
951.175 47.606
951.390 48.606
951.605 49.079
951.819 50.115
952.034 50.923
952.249 52.024
952.464 52.128
952.678 52.370
952.893 52.673
953.108 51.745
953.323 50.522
953.538 51.452
953.752 51.747
953.967 50.476
954.182 49.399
954.397 50.567
954.611 50.921
954.826 50.060
955.041 49.873
955.256 49.881
955.471 48.937
955.685 48.319
955.900 47.782
956.115 49.063
956.330 51.015
956.544 49.363
956.759 47.586
956.974 48.071
957.189 48.339
957.404 48.367
957.618 49.250
957.833 49.627
958.048 49.234
958.263 49.652
958.478 50.474
958.692 50.857
958.907 50.259
959.122 49.679
959.337 49.841
959.551 49.501
959.766 48.870
959.981 49.607
960.196 49.688
960.411 49.284
960.625 47.161
960.840 43.757
961.055 42.960
961.270 43.454
961.484 43.103
961.699 43.032
961.914 43.293
962.129 44.127
962.344 45.871
962.558 47.477
962.773 48.078
962.988 49.290
963.203 50.955
963.417 51.497
963.632 52.358
963.847 52.916
964.062 53.309
964.277 53.562
964.491 52.552
964.706 52.764
964.921 53.175
965.136 53.547
965.350 54.417
965.565 55.414
965.780 55.483
965.987 55.784
966.194 56.530
966.402 56.527
966.609 55.577
966.816 54.404
967.023 52.843
967.231 52.647
967.438 52.102
967.645 50.549
967.852 49.702
968.059 49.060
968.267 49.201
968.474 50.354
968.681 50.884
968.888 51.965
969.096 51.587
969.303 51.235
969.510 51.888
969.717 52.036
969.925 52.762
970.132 52.613
970.339 51.835
970.546 50.159
970.753 49.617
970.961 50.560
971.168 50.859
971.375 51.407
971.582 50.407
971.790 49.241
971.997 49.701
972.204 49.694
972.411 49.865
972.618 51.075
972.826 50.393
973.033 49.927
973.240 49.385
973.447 49.615
973.655 50.197
973.862 49.722
974.069 49.451
974.276 50.044
974.483 50.555
974.691 51.679
974.898 52.955
975.105 53.778
975.312 54.087
975.520 53.903
975.727 54.042
975.934 54.750
976.141 55.193
976.349 54.692
976.556 55.662
976.763 55.653
976.970 54.762
977.177 53.692
977.385 53.675
977.592 53.923
977.799 53.968
978.006 54.848
978.214 56.137
978.421 57.200
978.628 55.892
978.835 55.723
979.042 54.259
979.250 53.799
979.457 54.287
979.664 53.689
979.871 53.862
980.079 55.173
980.286 54.541
980.493 53.973
980.700 54.910
980.907 56.736
981.115 56.874
981.322 56.062
981.529 57.201
981.736 56.988
981.944 57.001
982.151 57.900
982.358 56.952
982.565 55.639
982.773 54.337
982.980 55.282
983.187 57.553
983.394 60.823
983.601 60.281
983.809 58.898
984.016 57.574
984.223 56.652
984.430 55.025
984.638 55.014
984.845 57.019
985.052 59.126
985.259 57.745
985.466 58.469
985.674 58.695
985.881 59.414
986.088 61.375
986.295 62.972
986.503 63.048
986.710 63.602
986.917 63.793
987.124 64.451
987.331 64.148
987.539 63.503
987.746 62.317
987.953 62.870
988.160 64.817
988.368 67.165
988.575 68.835
988.782 70.349
988.989 70.501
989.197 69.607
989.404 68.304
989.611 68.280
989.818 65.447
990.025 65.227
990.233 64.985
990.440 63.302
990.647 60.416
990.854 59.567
991.062 60.592
991.269 60.864
991.476 59.791
991.683 60.063
991.890 60.070
992.098 59.920
992.305 61.139
992.512 59.680
992.719 59.525
992.927 60.726
993.134 60.655
993.341 62.001
993.548 61.986
993.755 60.302
993.963 59.236
994.170 60.147
994.377 59.666
994.584 58.687
994.792 62.728
994.999 68.031
995.206 69.446
995.413 68.715
995.621 69.903
995.828 71.305
996.035 70.276
996.242 68.990
996.449 69.787
996.657 69.981
996.864 69.997
997.071 69.211
997.278 67.156
997.486 68.273
997.693 67.699
997.900 67.727
998.107 68.209
998.314 67.911
998.522 69.921
998.729 71.925
998.936 72.083
999.143 70.469
999.351 70.117
999.558 69.328
999.765 69.939
999.972 69.465
1000.179 69.384
1000.387 70.781
1000.594 71.771
1000.801 71.538
1001.008 71.911
1001.216 72.105
1001.423 73.330
1001.630 74.257
1001.837 71.809
1002.045 72.536
1002.252 74.720
1002.459 76.233
1002.666 79.146
1002.873 80.673
1003.081 80.528
1003.288 79.618
1003.495 77.435
1003.702 74.759
1003.910 76.191
1004.117 78.269
1004.324 77.862
1004.531 78.877
1004.738 79.624
1004.946 79.438
1005.153 78.908
1005.360 79.481
1005.567 83.630
1005.775 83.694
1005.982 82.030
1006.189 82.160
1006.396 81.801
1006.603 79.533
1006.811 77.983
1007.018 74.536
1007.225 73.521
1007.432 75.201
1007.640 80.139
1007.847 81.801
1008.054 82.240
1008.261 79.123
1008.469 76.673
1008.676 79.496
1008.883 82.087
1009.090 84.375
1009.297 83.137
1009.505 84.046
1009.712 83.561
1009.919 79.430
1010.126 78.353
1010.334 80.293
1010.541 80.075
1010.748 81.147
1010.955 83.215
1011.162 84.806
1011.370 90.495
1011.577 90.677
1011.784 89.352
1011.991 86.160
1012.199 81.646
1012.406 80.091
1012.613 84.268
1012.820 82.813
1013.027 76.632
1013.235 72.182
1013.442 69.252
1013.649 72.406
1013.856 75.072
1014.064 77.371
1014.271 77.603
1014.478 75.849
1014.685 75.652
1014.893 77.306
1015.100 77.111
1015.307 75.794
1015.514 74.874
1015.721 69.814
1015.929 68.786
1016.136 67.689
1016.343 67.021
1016.550 73.660
