292.253 95.044
292.450 97.161
292.647 97.874
292.845 98.208
293.042 98.685
293.239 98.967
293.437 98.141
293.634 96.412
293.831 95.825
294.029 96.334
294.226 96.591
294.423 99.807
294.621 100.057
294.818 99.266
295.015 98.596
295.213 99.492
295.410 101.448
295.607 102.541
295.805 102.550
296.002 101.729
296.199 101.471
296.397 100.984
296.594 99.344
296.791 98.126
296.989 98.137
297.186 97.083
297.383 95.729
297.581 96.755
297.778 98.434
297.975 98.821
298.173 97.800
298.370 97.751
298.567 98.484
298.765 98.415
298.962 99.628
299.159 100.055
299.357 99.608
299.554 98.998
299.751 99.046
299.949 98.064
300.146 98.606
300.343 98.036
300.541 96.343
300.738 96.907
300.935 98.129
301.133 97.994
301.330 98.918
301.527 100.744
301.725 100.173
301.922 99.011
302.119 99.146
302.317 100.855
302.514 100.483
302.711 98.995
302.909 98.520
303.106 97.050
303.303 96.575
303.501 97.024
303.698 96.649
303.895 95.794
304.093 95.534
304.290 95.428
304.487 96.370
304.685 96.723
304.882 95.639
305.079 94.769
305.277 94.147
305.474 93.557
305.671 92.044
305.869 91.903
306.066 92.536
306.263 91.879
306.461 90.389
306.658 90.572
306.855 90.580
307.053 89.829
307.250 90.247
307.447 91.025
307.645 91.248
307.842 91.077
308.039 90.916
308.237 90.779
308.434 90.233
308.631 89.751
308.829 90.089
309.026 89.880
309.223 89.823
309.421 90.160
309.618 89.740
309.815 90.290
310.013 90.541
310.210 90.093
310.407 90.174
310.605 90.089
310.802 90.012
310.999 90.499
311.197 92.192
311.394 92.688
311.591 91.880
311.789 90.853
311.986 90.110
312.183 89.328
312.381 89.071
312.578 89.030
312.775 87.728
312.973 86.870
313.170 87.241
313.347 87.379
313.523 86.937
313.700 86.747
313.877 86.989
314.054 86.840
314.230 87.254
314.407 87.988
314.584 88.023
314.761 87.094
314.937 86.617
315.114 85.863
315.291 84.129
315.467 83.747
315.644 84.408
315.821 84.794
315.998 85.013
316.174 84.680
316.351 84.879
316.528 85.362
316.704 84.966
316.881 84.440
317.058 83.365
317.235 83.200
317.411 83.201
317.588 82.843
317.765 82.830
317.942 82.164
318.118 80.906
318.295 81.427
318.472 82.267
318.648 82.676
318.825 83.034
319.002 83.135
319.179 81.960
319.355 80.601
319.532 80.560
319.709 81.121
319.885 81.663
320.062 81.080
320.239 81.223
320.416 80.834
320.592 81.099
320.769 81.315
320.946 80.619
321.123 81.264
321.299 80.883
321.476 80.786
321.653 81.228
321.829 81.140
322.006 80.294
322.183 80.185
322.360 79.385
322.536 77.950
322.713 77.959
322.890 78.889
323.066 79.750
323.243 79.410
323.420 78.553
323.597 78.007
323.773 77.415
323.950 77.375
324.127 78.393
324.304 78.052
324.480 78.331
324.657 79.379
324.834 78.660
325.010 77.891
325.187 77.190
325.364 77.853
325.541 79.185
325.717 77.949
325.894 76.460
326.071 76.128
326.248 76.461
326.424 75.850
326.601 75.057
326.778 74.083
326.954 73.331
327.131 73.161
327.308 72.691
327.485 73.072
327.661 72.983
327.838 73.083
328.015 73.719
328.191 73.587
328.368 73.169
328.545 73.282
328.722 74.124
328.898 73.472
329.075 71.600
329.252 70.326
329.429 70.977
329.605 71.479
329.782 70.600
329.959 69.711
330.135 70.458
330.312 70.996
330.489 71.628
330.666 72.411
330.842 72.884
331.019 72.873
331.196 72.457
331.372 71.912
331.549 71.103
331.726 71.108
331.903 70.982
332.079 71.557
332.256 71.461
332.433 70.366
332.610 70.523
332.786 70.490
332.963 70.440
333.140 70.309
333.316 70.241
333.493 70.495
333.670 70.515
333.847 70.342
334.023 70.128
334.200 69.669
334.377 69.670
334.553 69.409
334.730 69.016
334.907 67.917
335.084 67.012
335.260 66.675
335.437 65.852
335.614 65.331
335.791 63.749
335.967 63.702
336.144 65.184
336.321 65.871
336.497 65.836
336.674 64.948
336.851 64.781
337.028 64.650
337.204 64.960
337.381 65.149
337.558 64.796
337.734 64.407
337.911 64.052
338.088 63.890
338.265 63.809
338.441 63.425
338.618 64.094
338.795 65.706
338.972 66.420
339.148 66.129
339.325 65.843
339.502 65.870
339.678 65.492
339.855 63.854
340.032 62.792
340.209 62.689
340.385 62.802
340.562 62.406
340.739 62.177
340.916 62.423
341.092 62.165
341.269 61.973
341.446 62.008
341.622 61.089
341.799 59.866
341.976 59.243
342.153 59.094
342.329 58.641
342.506 57.689
342.683 57.823
342.859 58.504
343.036 58.431
343.213 58.480
343.390 58.107
343.566 57.930
343.743 57.713
343.920 57.435
344.097 57.225
344.273 57.099
344.450 56.942
344.627 56.388
344.803 56.010
344.980 56.265
345.157 56.210
345.334 56.954
345.510 57.285
345.687 57.231
345.864 57.456
346.040 57.851
346.217 57.095
346.394 55.696
346.571 54.978
346.747 55.371
346.924 55.673
347.101 56.146
347.278 56.451
347.454 56.180
347.631 56.174
347.808 56.336
347.984 56.112
348.161 55.492
348.338 55.016
348.515 55.192
348.691 54.732
348.868 54.371
349.045 53.796
349.221 53.208
349.398 53.213
349.575 52.965
349.752 51.955
349.928 51.976
350.105 52.364
350.282 52.089
350.459 51.683
350.635 51.144
350.812 50.323
350.989 49.793
351.165 49.765
351.342 49.681
351.519 49.363
351.696 49.422
351.872 49.456
352.049 49.059
352.226 48.659
352.402 48.515
352.579 48.729
352.756 49.198
352.933 49.427
353.109 48.978
353.286 49.241
353.463 49.913
353.640 49.875
353.816 49.535
353.993 49.111
354.170 48.979
354.346 48.813
354.523 48.444
354.700 48.430
354.877 48.242
355.053 48.080
355.230 48.275
355.407 48.624
355.584 49.049
355.760 48.901
355.937 48.237
356.114 47.544
356.290 46.923
356.467 46.518
356.644 46.362
356.821 46.298
356.997 46.032
357.174 45.929
357.351 45.664
357.527 45.507
357.704 45.589
357.881 45.257
358.058 45.167
358.234 45.385
358.411 45.333
358.588 45.920
358.765 45.761
358.941 45.233
359.118 44.831
359.295 44.249
359.471 44.619
359.648 44.704
359.825 45.080
360.002 45.103
360.178 45.277
360.355 45.820
360.532 45.759
360.708 44.957
360.885 44.730
361.062 45.000
361.239 45.129
361.415 45.573
361.592 45.784
361.769 45.224
361.946 44.791
362.122 44.701
362.299 43.957
362.476 43.890
362.652 43.873
362.829 43.138
363.006 42.284
363.183 41.833
363.359 41.838
363.536 41.479
363.713 41.074
363.889 40.230
364.066 39.175
364.243 38.913
364.420 39.355
364.596 39.101
364.773 38.640
364.950 38.632
365.127 37.920
365.303 37.517
365.480 37.535
365.660 37.395
365.839 37.245
366.019 37.294
366.199 37.466
366.379 37.370
366.558 37.549
366.738 38.183
366.918 38.265
367.098 38.380
367.277 38.447
367.457 38.661
367.637 38.454
367.816 38.622
367.996 38.883
368.176 38.529
368.356 38.285
368.535 37.972
368.715 37.359
368.895 37.226
369.075 36.847
369.254 36.839
369.434 36.931
369.614 36.384
369.793 36.080
369.973 35.627
370.153 35.503
370.333 35.732
370.512 35.594
370.692 35.559
370.872 35.638
371.051 35.448
371.231 35.070
371.411 35.140
371.591 34.662
371.770 33.955
371.950 33.682
372.130 33.698
372.310 34.205
372.489 34.533
372.669 34.370
372.849 34.638
373.028 34.658
373.208 34.381
373.388 34.338
373.568 34.087
373.747 33.835
373.927 33.503
374.107 32.654
374.287 32.499
374.466 32.637
374.646 32.428
374.826 32.253
375.005 32.191
375.185 32.049
375.365 32.006
375.545 32.332
375.724 32.602
375.904 32.170
376.084 31.610
376.263 31.195
376.443 31.117
376.623 30.698
376.803 30.396
376.982 30.320
377.162 30.164
377.342 30.122
377.522 30.221
377.701 30.363
377.881 30.662
378.061 30.614
378.240 30.109
378.420 29.968
378.600 29.909
378.780 29.842
378.959 29.685
379.139 29.683
379.319 29.589
379.499 29.270
379.678 29.443
379.858 29.612
380.038 29.571
380.217 29.477
380.397 29.272
380.577 29.047
380.757 28.750
380.936 28.818
381.116 28.935
381.296 28.786
381.476 28.784
381.655 28.847
381.835 28.529
382.015 28.645
382.194 28.688
382.374 28.650
382.554 28.726
382.734 28.780
382.913 28.630
383.093 28.296
383.273 28.166
383.452 28.160
383.632 28.059
383.812 28.024
383.992 28.003
384.171 28.219
384.351 28.254
384.531 28.205
384.711 27.982
384.890 27.671
385.070 27.507
385.250 27.190
385.429 27.125
385.609 27.311
385.789 26.891
385.969 26.365
386.148 26.214
386.328 26.017
386.508 25.887
386.688 25.999
386.867 26.021
387.047 25.888
387.227 25.473
387.406 25.083
387.586 24.853
387.766 24.682
387.946 24.522
388.125 24.367
388.305 24.514
388.485 24.386
388.664 24.306
388.844 24.427
389.024 24.458
389.204 24.197
389.383 23.998
389.563 24.059
389.743 24.283
389.923 24.288
390.102 24.093
390.282 23.776
390.462 23.544
390.641 23.358
390.821 23.293
391.001 23.439
391.181 23.613
391.360 23.679
391.540 23.877
391.720 23.881
391.900 23.770
392.079 23.438
392.259 23.423
392.439 23.377
392.618 23.093
392.798 22.846
392.978 22.706
393.158 22.635
393.337 22.494
393.517 22.148
393.697 21.933
393.877 21.892
394.056 21.884
394.236 21.950
394.416 22.023
394.595 22.011
394.775 21.786
394.955 21.492
395.135 21.344
395.314 21.148
395.494 20.884
395.674 20.698
395.853 20.632
396.033 20.507
396.213 20.483
396.393 20.379
396.572 20.372
396.752 20.405
396.932 20.276
397.112 20.409
397.291 20.636
397.471 20.582
397.651 20.460
397.830 20.329
398.010 20.312
398.190 20.320
398.370 20.176
398.549 20.166
398.729 20.127
398.909 20.054
399.089 19.847
399.268 19.852
399.448 20.071
399.628 20.110
399.807 20.154
399.987 19.933
400.167 19.841
400.347 19.706
400.526 19.652
400.706 19.701
400.886 19.418
401.065 19.021
401.245 18.937
401.425 18.831
401.605 18.727
401.784 18.462
401.964 18.264
402.144 18.448
402.324 18.648
402.503 18.799
402.683 18.699
402.863 18.679
403.042 18.475
403.222 18.215
403.402 18.191
403.582 18.073
403.761 18.025
403.941 18.030
404.121 17.914
404.301 17.700
404.480 17.543
404.660 17.549
404.844 17.678
405.029 17.810
405.213 17.947
405.398 18.245
405.582 18.300
405.767 18.221
405.951 17.959
406.136 17.649
406.320 17.374
406.505 17.368
406.689 17.380
406.874 17.403
407.058 17.288
407.243 17.176
407.427 17.186
407.612 17.150
407.796 17.065
407.981 17.078
408.165 17.110
408.350 17.046
408.534 16.953
408.719 16.954
408.903 16.699
409.088 16.551
409.272 16.424
409.457 16.350
409.641 16.356
409.826 16.383
410.010 16.391
410.195 16.460
410.379 16.385
410.564 16.187
410.748 16.036
410.933 15.987
411.117 15.989
411.302 15.932
411.486 15.928
411.671 15.837
411.855 15.834
412.040 15.902
412.224 15.980
412.409 15.918
412.593 15.682
412.778 15.746
412.962 15.685
413.147 15.529
413.331 15.473
413.516 15.331
413.700 15.295
413.885 15.802
414.069 16.657
414.254 16.620
414.438 16.749
414.623 16.999
414.807 17.082
414.992 16.969
415.176 16.901
415.361 16.857
415.545 16.848
415.730 16.925
415.914 16.859
416.099 16.730
416.283 16.778
416.468 16.969
416.652 16.932
416.837 17.004
417.021 17.124
417.206 17.134
417.390 17.197
417.575 17.204
417.759 16.643
417.944 15.573
418.128 15.525
418.313 15.334
418.497 15.041
418.682 14.886
418.866 14.878
419.051 14.899
419.235 14.792
419.420 14.790
419.604 14.623
419.789 14.538
419.973 14.541
420.158 14.497
420.342 14.286
420.527 14.224
420.711 14.065
420.896 13.950
421.080 13.906
421.265 13.774
421.449 13.656
421.634 13.588
421.818 13.658
422.003 13.569
422.187 13.554
422.372 13.734
422.556 13.776
422.741 13.791
422.925 13.824
423.110 14.037
423.294 14.028
423.479 13.967
423.663 13.829
423.848 13.694
424.032 13.644
424.217 13.643
424.401 13.570
424.586 13.572
424.770 13.541
424.955 13.528
425.139 13.525
425.324 13.406
425.508 13.204
425.693 13.061
425.877 13.102
426.062 13.130
426.246 12.961
426.431 12.841
426.615 12.707
426.800 12.576
426.984 12.384
427.169 12.337
427.353 12.396
427.538 12.441
427.722 12.491
427.907 12.561
428.091 12.606
428.276 12.552
428.460 12.506
428.645 12.554
428.829 12.613
429.014 12.549
429.198 12.645
429.383 12.835
429.567 12.888
429.752 12.801
429.936 12.729
430.121 12.745
430.305 12.872
430.490 12.937
430.674 12.922
430.859 12.844
431.043 12.819
431.228 12.769
431.412 12.792
431.597 12.816
431.781 12.757
431.966 12.685
432.150 12.744
432.335 12.793
432.519 12.613
432.704 12.335
432.888 12.248
433.073 12.150
433.257 12.028
433.442 11.884
433.626 11.862
433.811 11.838
433.995 11.769
434.180 11.639
434.364 11.493
434.549 11.412
434.733 11.414
434.918 11.292
435.102 11.220
435.287 11.092
435.471 10.947
435.656 10.880
435.840 10.884
436.030 10.808
436.220 10.689
436.410 10.777
436.600 10.989
436.790 11.156
436.980 11.221
437.170 11.236
437.360 11.301
437.550 11.297
437.741 11.302
437.931 11.285
438.121 11.307
438.311 11.377
438.501 11.410
438.691 11.465
438.881 11.494
439.071 11.450
439.261 11.415
439.451 11.446
439.641 11.376
439.831 11.332
440.021 11.426
440.211 11.527
440.401 11.445
440.591 11.219
440.781 11.100
440.971 11.048
441.161 11.070
441.351 11.083
441.542 11.100
441.732 11.150
441.922 11.063
442.112 10.950
442.302 10.907
442.492 10.865
442.682 10.784
442.872 10.886
443.062 10.902
443.252 10.942
443.442 10.905
443.632 10.915
443.822 10.956
444.012 10.853
444.202 10.692
444.392 10.628
444.582 10.904
444.772 11.331
444.962 11.335
445.153 11.294
445.343 11.228
445.533 11.116
445.723 11.013
445.913 11.095
446.103 11.166
446.293 11.201
446.483 11.225
446.673 11.244
446.863 11.152
447.053 11.101
447.243 11.055
447.433 11.021
447.623 11.012
447.813 10.944
448.003 10.907
448.193 10.948
448.383 10.927
448.573 10.697
448.764 10.235
448.954 10.203
449.144 10.158
449.334 10.124
449.524 10.201
449.714 10.265
449.904 10.211
450.094 10.200
450.284 10.200
450.474 10.189
450.664 10.111
450.854 10.069
451.044 10.102
451.234 10.065
451.424 10.023
451.614 9.980
451.804 9.910
451.994 9.886
452.184 9.857
452.375 9.883
452.565 10.607
452.755 11.883
452.945 11.856
453.135 11.860
453.325 11.867
453.515 11.912
453.705 11.912
453.895 11.866
454.085 11.743
454.275 11.585
454.465 11.474
454.655 11.453
454.845 11.472
455.035 11.443
455.225 11.464
455.415 11.482
455.605 11.488
455.795 11.537
455.985 11.588
456.176 11.603
456.366 11.626
456.556 10.942
456.746 9.712
456.936 9.724
457.126 9.734
457.316 9.777
457.506 9.698
457.696 9.599
457.886 9.587
458.076 9.540
458.266 9.535
458.456 9.564
458.646 9.615
458.836 9.632
459.026 9.728
459.216 9.765
459.406 9.804
459.596 9.743
459.787 9.659
459.977 9.574
460.167 9.543
460.357 9.449
460.547 9.327
460.737 9.257
460.927 9.244
461.117 9.221
461.307 9.143
461.497 9.054
461.687 9.045
461.877 9.050
462.067 9.090
462.257 9.137
462.447 9.115
462.637 9.139
462.827 9.155
463.017 9.056
463.207 9.016
463.397 8.968
463.588 8.980
463.778 9.041
463.968 9.084
464.158 9.059
464.348 9.065
464.538 9.117
464.728 9.146
464.918 9.173
465.108 9.206
465.298 9.220
465.488 9.252
465.678 9.185
465.868 9.101
466.058 9.089
466.248 9.051
466.438 9.079
466.628 9.029
466.818 8.918
467.008 8.893
467.199 8.883
467.389 8.906
467.579 8.940
467.769 8.891
467.959 8.886
468.149 8.904
468.339 8.909
468.529 8.902
468.719 8.872
468.909 8.822
469.099 8.779
469.289 8.701
469.479 8.636
469.669 8.671
469.859 8.719
470.049 8.731
470.239 8.715
470.429 8.717
470.619 8.705
470.810 8.703
471.000 8.678
471.190 8.636
471.380 8.572
471.570 8.512
471.760 8.461
471.950 8.410
472.140 8.388
472.330 8.403
472.520 8.379
472.710 8.359
472.900 8.348
473.090 8.325
473.280 8.391
473.470 8.414
473.660 8.406
473.850 8.442
474.040 8.496
474.230 8.504
474.421 8.491
474.611 8.472
474.801 8.496
474.991 8.513
475.181 8.535
475.371 8.578
475.561 8.625
475.751 8.691
475.941 8.698
476.131 8.669
476.321 8.615
476.511 8.612
476.701 8.616
476.891 8.570
477.081 8.540
477.271 8.532
477.461 8.587
477.651 8.581
477.841 8.526
478.031 8.495
478.222 8.527
478.412 8.535
478.602 8.528
478.792 8.478
478.982 8.464
479.172 8.471
479.362 8.424
479.552 8.408
479.742 8.351
479.932 8.337
480.122 8.308
480.312 8.295
480.502 8.309
480.692 8.282
480.882 8.268
481.072 8.246
481.262 8.225
481.452 8.143
481.642 8.105
481.833 8.125
482.023 8.140
482.213 8.120
482.403 8.059
482.593 8.038
482.783 8.049
482.973 8.065
483.163 8.032
483.353 8.017
483.543 7.966
483.733 7.990
483.923 7.986
484.113 8.004
484.303 8.014
484.493 7.972
484.683 7.982
484.873 8.013
485.063 8.040
485.253 8.007
485.443 7.978
485.634 7.960
485.824 7.944
486.014 7.901
486.204 7.908
486.394 7.939
486.584 7.970
486.774 7.939
486.964 7.910
487.154 7.940
487.344 7.975
487.534 7.949
487.724 7.907
487.914 7.882
488.104 7.900
488.294 7.916
488.484 7.924
488.674 7.912
488.864 7.872
489.054 7.836
489.245 7.846
489.435 7.903
489.625 7.972
489.815 7.986
490.005 7.978
490.195 7.973
490.385 7.970
490.575 7.938
490.765 7.964
490.955 8.025
491.145 8.042
491.335 8.007
491.525 7.974
491.715 7.963
491.905 7.982
492.095 7.969
492.285 8.002
492.475 8.033
492.665 8.029
492.856 8.026
493.046 8.071
493.236 8.076
493.426 8.052
493.616 8.060
493.806 8.081
493.996 8.146
494.186 8.129
494.376 8.101
494.566 8.124
494.756 8.163
494.946 8.151
495.136 8.136
495.326 8.142
495.516 8.215
495.706 8.266
495.896 8.287
496.086 8.325
496.276 8.308
496.467 8.248
496.657 8.250
496.847 8.263
497.037 8.201
497.227 8.167
497.417 8.150
497.607 8.106
497.797 8.088
497.987 8.009
498.177 7.974
498.367 7.934
498.557 7.897
498.747 7.864
498.937 7.784
499.127 7.697
499.317 7.675
499.507 7.662
499.697 7.642
499.887 7.595
500.077 7.525
500.268 7.520
500.458 7.558
500.648 7.574
500.838 7.598
501.028 7.655
501.218 7.639
501.408 7.631
501.598 7.612
501.788 7.578
501.978 7.604
502.168 7.634
502.358 7.710
502.548 7.771
502.738 7.775
502.928 7.847
503.118 7.936
503.308 7.959
503.498 7.945
503.688 7.959
503.879 8.007
504.069 8.030
504.259 8.011
504.449 7.991
504.639 7.957
504.829 7.948
505.019 7.938
505.209 7.973
505.399 8.002
505.589 8.017
505.779 8.036
505.969 8.041
506.159 8.029
506.349 7.948
506.539 7.894
506.729 7.885
506.919 7.868
507.109 7.847
507.299 7.852
507.490 7.855
507.680 7.808
507.870 7.783
508.060 7.768
508.250 7.724
508.440 7.674
508.630 7.650
508.820 7.644
509.010 7.597
509.200 7.545
509.390 7.541
509.580 7.542
509.770 7.516
509.960 7.486
510.150 7.496
510.340 7.548
510.530 7.560
510.720 7.573
510.910 7.570
511.100 7.531
511.291 7.483
511.481 7.480
511.671 7.482
511.861 7.457
512.051 7.493
512.241 7.558
512.431 7.575
512.621 7.607
512.811 7.635
513.001 7.693
513.191 7.719
513.381 7.729
513.571 7.755
513.761 7.774
513.951 7.766
514.141 7.740
514.331 7.713
514.521 7.698
514.711 7.671
514.902 7.652
515.092 7.711
515.282 7.757
515.472 7.718
515.662 7.720
515.852 7.735
516.042 7.696
516.232 7.683
516.422 7.739
516.612 7.754
516.802 7.726
516.992 7.672
517.182 7.682
517.372 7.675
517.562 7.652
517.752 7.653
517.942 7.690
518.132 7.689
518.322 7.687
518.513 7.685
518.703 7.694
518.893 7.717
519.083 7.714
519.273 7.677
519.463 7.723
519.653 7.743
519.843 7.747
520.033 7.763
520.223 7.731
520.413 7.678
520.603 7.678
520.793 7.711
520.983 7.757
521.173 7.775
521.363 7.791
521.553 7.811
521.743 7.812
521.933 7.809
522.123 7.840
522.314 7.877
522.504 7.901
522.694 7.912
522.884 7.899
523.074 7.874
523.264 7.874
523.454 7.849
523.644 7.825
523.834 7.815
524.024 7.805
524.214 7.779
524.404 7.760
524.594 7.714
524.784 7.685
524.974 7.638
525.164 7.635
525.354 7.648
525.544 7.636
525.734 7.633
525.925 7.624
526.115 7.634
526.305 7.600
526.495 7.583
526.685 7.557
526.875 7.524
527.065 7.500
527.255 7.500
527.445 7.485
527.635 7.468
527.825 7.462
528.015 7.479
528.205 7.547
528.395 7.635
528.585 7.683
528.775 7.680
528.965 7.730
529.155 7.741
529.345 7.690
529.535 7.666
529.726 7.636
529.916 7.626
530.106 7.608
530.296 7.616
530.486 7.609
530.676 7.631
530.866 7.652
531.056 7.669
531.246 7.708
531.436 7.730
531.626 7.750
531.816 7.762
532.006 7.783
532.196 7.784
532.386 7.755
532.576 7.729
532.766 7.698
532.956 7.682
533.146 7.663
533.337 7.685
533.527 7.712
533.717 7.753
533.907 7.723
534.097 7.716
534.287 7.751
534.477 7.755
534.667 7.744
534.857 7.749
535.047 7.742
535.237 7.740
535.427 7.758
535.617 7.757
535.807 7.753
535.997 7.737
536.187 7.721
536.377 7.711
536.567 7.722
536.757 7.739
536.948 7.714
537.138 7.686
537.328 7.662
537.518 7.635
537.708 7.618
537.898 7.637
538.088 7.652
538.278 7.628
538.468 7.614
538.658 7.588
538.848 7.594
539.038 7.622
539.228 7.596
539.418 7.564
539.608 7.578
539.798 7.565
539.988 7.560
540.178 7.566
540.368 7.548
540.558 7.561
540.749 7.570
540.939 7.591
541.129 7.639
541.319 7.683
541.509 7.700
541.699 7.733
541.889 7.760
542.079 7.754
542.269 7.762
542.459 7.767
542.649 7.738
542.839 7.690
543.029 7.659
543.219 7.675
543.409 7.677
543.599 7.667
543.789 7.693
543.979 7.675
544.169 7.619
544.360 7.620
544.550 7.621
544.740 7.648
544.930 7.636
545.120 7.593
545.310 7.562
545.500 7.556
545.690 7.512
545.880 7.488
546.070 7.491
546.267 7.466
546.463 7.460
546.660 7.502
546.857 7.530
547.054 7.522
547.251 7.494
547.447 7.481
547.644 7.460
547.841 7.449
548.038 7.469
548.234 7.518
548.431 7.549
548.628 7.571
548.825 7.545
549.021 7.515
549.218 7.504
549.415 7.499
549.612 7.526
549.808 7.549
550.005 7.581
550.202 7.569
550.399 7.576
550.595 7.628
550.792 7.658
550.989 7.676
551.186 7.686
551.382 7.707
551.579 7.748
551.776 7.769
551.973 7.757
552.169 7.740
552.366 7.697
552.563 7.663
552.760 7.614
552.956 7.620
553.153 7.648
553.350 7.658
553.547 7.660
553.743 7.631
553.940 7.629
554.137 7.605
554.334 7.600
554.530 7.617
554.727 7.565
554.924 7.534
555.121 7.524
555.317 7.526
555.514 7.520
555.711 7.499
555.908 7.510
556.104 7.542
556.301 7.560
556.498 7.603
556.695 7.615
556.891 7.609
557.088 7.586
557.285 7.619
557.482 7.689
557.678 7.732
557.875 7.755
558.072 7.754
558.269 7.764
558.465 7.807
558.662 7.816
558.859 7.835
559.056 7.856
559.252 7.854
559.449 7.859
559.646 7.886
559.843 7.908
560.039 7.926
560.236 7.910
560.433 7.894
560.630 7.882
560.826 7.886
561.023 7.902
561.220 7.930
561.417 7.919
561.613 7.849
561.810 7.802
562.007 7.785
562.204 7.802
562.400 7.831
562.597 7.800
562.794 7.801
562.991 7.833
563.187 7.840
563.384 7.863
563.581 7.876
563.778 7.920
563.974 7.969
564.171 7.970
564.368 8.003
564.565 8.057
564.761 8.095
564.958 8.123
565.155 8.161
565.352 8.182
565.548 8.187
565.745 8.242
565.942 8.278
566.139 8.315
566.335 8.323
566.532 8.309
566.729 8.316
566.926 8.352
567.122 8.398
567.319 8.396
567.516 8.394
567.713 8.425
567.909 8.413
568.106 8.376
568.303 8.372
568.500 8.366
568.696 8.359
568.893 8.323
569.090 8.303
569.287 8.276
569.483 8.288
569.680 8.328
569.877 8.370
570.074 8.416
570.270 8.428
570.467 8.448
570.664 8.480
570.861 8.510
571.057 8.480
571.254 8.453
571.451 8.499
571.648 8.529
571.844 8.530
572.041 8.537
572.238 8.558
572.435 8.581
572.631 8.600
572.828 8.603
573.025 8.660
573.222 8.699
573.418 8.718
573.615 8.714
573.812 8.706
574.009 8.702
574.205 8.692
574.402 8.716
574.599 8.740
574.796 8.734
574.992 8.737
575.189 8.737
575.386 8.723
575.583 8.732
575.779 8.769
575.976 8.766
576.173 8.745
576.370 8.775
576.567 8.818
576.763 8.824
576.960 8.831
577.160 8.845
577.359 8.857
577.559 8.885
577.759 8.920
577.958 8.943
578.158 8.925
578.357 8.950
578.557 8.974
578.757 8.987
578.956 9.021
579.156 9.054
579.356 9.096
579.555 9.125
579.755 9.116
579.954 9.103
580.154 9.141
580.354 9.179
580.553 9.172
580.753 9.150
580.953 9.177
581.152 9.211
581.352 9.240
581.552 9.281
581.751 9.314
581.951 9.326
582.150 9.341
582.350 9.370
582.550 9.414
582.749 9.449
582.949 9.498
583.149 9.542
583.348 9.570
583.548 9.616
583.748 9.695
583.947 9.726
584.147 9.747
584.346 9.764
584.546 9.819
584.746 9.851
584.945 9.874
585.145 9.898
585.345 9.932
585.544 9.952
585.744 9.968
585.943 9.979
586.143 9.998
586.343 10.029
586.542 10.111
586.742 10.149
586.942 10.159
587.141 10.160
587.341 10.171
587.541 10.217
587.740 10.215
587.940 10.207
588.139 10.280
588.339 10.344
588.539 10.408
588.738 10.465
588.938 10.532
589.138 10.608
589.337 10.656
589.537 10.700
589.736 10.742
589.936 10.781
590.136 10.816
590.335 10.872
590.535 10.903
590.735 10.883
590.934 10.888
591.134 10.931
591.334 10.977
591.533 10.995
591.733 10.995
591.932 11.050
592.132 11.112
592.332 11.137
592.531 11.168
592.731 11.177
592.931 11.183
593.130 11.208
593.330 11.221
593.530 11.269
593.729 11.297
593.929 11.328
594.128 11.367
594.328 11.441
594.528 11.501
594.727 11.588
594.927 11.681
595.127 11.759
595.326 11.790
595.526 11.818
595.725 11.859
595.925 11.920
596.125 11.941
596.324 11.956
596.524 11.997
596.724 12.055
596.923 12.110
597.123 12.146
597.323 12.203
597.522 12.237
597.722 12.265
597.921 12.324
598.121 12.375
598.321 12.395
598.520 12.410
598.720 12.428
598.920 12.410
599.119 12.414
599.319 12.433
599.519 12.483
599.718 12.528
599.918 12.573
600.117 12.594
600.317 12.657
600.517 12.700
600.716 12.720
600.916 12.716
601.116 12.725
601.315 12.758
601.515 12.772
601.714 12.820
601.914 12.847
602.114 12.855
602.313 12.870
602.513 12.922
602.713 12.957
602.912 12.986
603.112 13.026
603.312 13.032
603.511 13.056
603.711 13.097
603.910 13.124
604.110 13.158
604.310 13.198
604.509 13.245
604.709 13.303
604.909 13.336
605.108 13.404
605.308 13.453
605.507 13.506
605.707 13.553
605.907 13.575
606.106 13.599
606.306 13.620
606.506 13.634
606.705 13.680
606.905 13.736
607.105 13.776
607.304 13.812
607.504 13.876
607.703 13.900
607.903 13.909
608.103 13.929
608.302 13.969
608.502 14.016
608.702 14.025
608.901 14.016
609.101 14.030
609.301 14.031
609.500 14.072
609.700 14.082
609.899 14.084
610.099 14.122
610.299 14.165
610.498 14.215
610.698 14.254
610.898 14.254
611.097 14.258
611.297 14.288
611.496 14.324
611.696 14.369
611.896 14.390
612.095 14.405
612.295 14.434
612.495 14.463
612.694 14.507
612.894 14.558
613.094 14.600
613.293 14.648
613.493 14.679
613.692 14.685
613.892 14.690
614.092 14.733
614.291 14.759
614.491 14.777
614.691 14.805
614.890 14.849
615.090 14.903
615.289 14.951
615.489 14.958
615.689 14.967
615.888 14.957
616.088 14.993
616.288 15.045
616.487 15.066
616.687 15.061
616.887 15.050
617.086 15.037
617.286 15.048
617.485 15.071
617.685 15.079
617.885 15.115
618.084 15.175
618.284 15.182
618.484 15.201
618.683 15.280
618.883 15.323
619.082 15.344
619.282 15.375
619.482 15.382
619.681 15.409
619.881 15.440
620.081 15.466
620.280 15.452
620.480 15.430
620.680 15.455
620.879 15.507
621.079 15.554
621.278 15.605
621.478 15.633
621.678 15.626
621.877 15.648
622.077 15.659
622.277 15.678
622.476 15.721
622.676 15.729
622.876 15.693
623.075 15.701
623.275 15.737
623.474 15.743
623.674 15.770
623.874 15.818
624.073 15.840
624.273 15.863
624.473 15.885
624.672 15.915
624.872 15.943
625.071 15.946
625.271 15.944
625.471 15.949
625.670 15.979
625.870 16.045
626.070 16.061
626.269 16.045
626.469 16.041
626.669 16.026
626.868 16.034
627.068 16.045
627.267 16.040
627.467 16.028
627.667 16.014
627.866 16.006
628.066 15.991
628.266 15.985
628.465 16.006
628.665 16.056
628.865 16.086
629.064 16.090
629.264 16.092
629.463 16.103
629.663 16.113
629.863 16.108
630.062 16.082
630.262 16.071
630.462 16.106
630.661 16.108
630.861 16.278
631.060 16.588
631.260 16.625
631.460 16.652
631.659 16.675
631.859 16.702
632.059 16.729
632.258 16.758
632.458 16.801
632.658 16.800
632.857 16.786
633.057 16.784
633.256 16.783
633.456 16.815
633.656 16.835
633.855 16.842
634.055 16.855
634.255 16.893
634.454 16.936
634.654 16.967
634.853 17.003
635.053 16.883
635.253 16.622
635.452 16.636
635.652 16.636
635.852 16.618
636.051 16.624
636.251 16.637
636.451 16.662
636.650 16.661
636.850 16.697
637.049 16.720
637.249 16.740
637.449 16.768
637.648 16.766
637.848 16.753
638.048 16.766
638.247 16.783
638.447 16.780
638.647 16.795
638.846 16.806
639.046 16.786
639.245 16.771
639.445 16.776
639.645 16.774
639.844 16.779
640.044 16.802
640.244 16.844
640.443 16.894
640.643 16.903
640.842 16.902
641.042 16.904
641.242 16.948
641.441 16.975
641.641 16.996
641.841 16.971
642.040 16.969
642.240 16.973
642.440 16.980
642.639 17.004
642.839 17.018
643.038 17.032
643.238 17.085
643.438 17.138
643.637 17.178
643.837 17.178
644.037 17.201
644.236 17.251
644.436 17.258
644.635 17.214
644.835 17.180
645.035 17.204
645.234 17.205
645.434 17.192
645.634 17.181
645.833 17.196
646.033 17.261
646.233 17.303
646.432 17.345
646.632 17.389
646.831 17.396
647.031 17.412
647.231 17.437
647.430 17.432
647.630 17.419
647.830 17.396
648.029 17.408
648.229 17.380
648.429 17.322
648.628 17.287
648.828 17.312
649.027 17.323
649.227 17.303
649.427 17.316
649.626 17.351
649.826 17.391
650.026 17.375
650.225 17.362
650.425 17.376
650.624 17.368
650.824 17.353
651.024 17.356
651.223 17.353
651.423 17.341
651.623 17.376
651.822 17.413
652.022 17.445
652.222 17.472
652.421 17.495
652.621 17.542
652.820 17.590
653.020 17.612
653.220 17.625
653.419 17.669
653.619 17.666
653.819 17.634
654.018 17.622
654.218 17.652
654.418 17.700
654.617 17.705
654.817 17.709
655.016 17.720
655.216 17.747
655.416 17.776
655.615 17.776
655.815 17.743
656.015 17.738
656.214 17.774
656.414 17.810
656.613 17.833
656.813 17.862
657.013 17.884
657.212 17.859
657.412 17.878
657.612 17.907
657.811 17.927
658.011 17.939
658.211 17.962
658.410 17.985
658.610 17.967
658.809 17.994
659.009 18.004
659.209 18.003
659.408 17.980
659.608 17.974
659.808 17.984
660.007 17.995
660.207 18.007
660.406 17.979
660.606 17.927
660.806 17.937
661.005 17.962
661.205 17.932
661.405 17.955
661.604 17.991
661.804 17.978
662.004 17.968
662.203 17.987
662.403 17.976
662.602 17.970
662.802 17.990
663.002 17.989
663.201 18.004
663.401 18.006
663.601 18.033
663.800 18.052
664.000 18.058
664.199 18.109
664.399 18.125
664.599 18.116
664.798 18.127
664.998 18.155
665.198 18.122
665.397 18.137
665.597 18.173
665.797 18.176
665.996 18.187
666.196 18.194
666.395 18.166
666.595 18.163
666.795 18.174
666.994 18.191
667.194 18.195
667.394 18.184
667.593 18.188
667.793 18.199
667.993 18.225
668.192 18.252
668.392 18.236
668.591 18.203
668.791 18.208
668.991 18.276
669.190 18.264
669.390 18.268
669.590 18.276
669.789 18.251
669.989 18.251
670.188 18.233
670.388 18.230
670.588 18.262
670.787 18.274
670.987 18.273
671.187 18.253
671.386 18.286
671.586 18.318
671.786 18.351
671.985 18.329
672.185 18.273
672.384 18.245
672.584 18.226
672.784 18.237
672.983 18.230
673.183 18.168
673.383 18.155
673.582 18.144
673.782 18.158
673.981 18.174
674.181 18.138
674.381 18.135
674.580 18.149
674.780 18.125
674.980 18.105
675.179 18.101
675.379 18.120
675.579 18.074
675.778 18.041
675.978 18.012
676.177 18.020
676.377 18.033
676.577 18.070
676.776 18.086
676.976 18.080
677.176 18.102
677.375 18.144
677.575 18.169
677.775 18.205
677.974 18.193
678.174 18.209
678.373 18.252
678.573 18.279
678.773 18.290
678.972 18.312
679.172 18.338
679.372 18.366
679.571 18.383
679.771 18.419
679.970 18.439
680.170 18.444
680.370 18.434
680.569 18.443
680.769 18.432
680.969 18.429
681.168 18.470
681.368 18.503
681.568 18.509
681.767 18.507
681.967 18.492
682.166 18.516
682.366 18.509
682.566 18.503
682.765 18.497
682.965 18.490
683.165 18.503
683.364 18.531
683.564 18.531
683.764 18.499
683.963 18.473
684.163 18.450
684.362 18.479
684.562 18.542
684.762 18.572
684.961 18.593
685.161 18.621
685.361 18.601
685.560 18.559
685.760 18.535
685.959 18.525
686.159 18.541
686.359 18.516
686.558 18.474
686.758 18.461
686.958 18.480
687.157 18.502
687.357 18.532
687.557 18.547
687.756 18.528
687.956 18.544
688.155 18.560
688.355 18.605
688.555 18.594
688.754 18.574
688.954 18.613
689.154 18.611
689.353 18.622
689.553 18.665
689.752 18.687
689.952 18.703
690.152 18.718
690.351 18.719
690.551 18.710
690.751 18.717
690.950 18.707
691.150 18.730
691.350 18.758
691.549 18.761
691.749 18.716
691.948 18.731
692.148 18.758
692.348 18.726
692.547 18.698
692.747 18.710
692.947 18.716
693.146 18.682
693.346 18.661
693.546 18.657
693.745 18.634
693.945 18.641
694.144 18.644
694.344 18.671
694.544 18.708
694.743 18.747
694.943 18.774
695.143 18.833
695.342 18.836
695.542 18.824
695.741 18.799
695.941 18.818
696.141 18.831
696.340 18.857
696.540 18.896
696.745 18.932
696.951 18.939
697.156 18.947
697.362 18.926
697.567 18.935
697.772 18.945
697.978 18.912
698.183 18.904
698.389 18.922
698.594 18.908
698.799 18.871
699.005 18.902
699.210 18.956
699.416 18.933
699.621 18.880
699.826 18.856
700.032 18.874
700.237 18.894
700.443 18.877
700.648 18.855
700.853 18.896
701.059 18.939
701.264 18.924
701.470 18.913
701.675 18.970
701.880 19.031
702.086 19.037
702.291 19.032
702.497 19.021
702.702 19.010
702.907 19.017
703.113 19.029
703.318 18.986
703.524 18.918
703.729 18.900
703.934 18.918
704.140 18.918
704.345 18.923
704.551 18.908
704.756 18.903
704.961 18.909
705.167 18.893
705.372 18.833
705.578 18.858
705.783 18.860
705.988 18.818
706.194 18.753
706.399 18.738
706.605 18.784
706.810 18.839
707.015 18.883
707.221 18.860
707.426 18.855
707.632 18.855
707.837 18.858
708.042 18.877
708.248 18.896
708.453 18.904
708.659 18.869
708.864 18.887
709.069 18.923
709.275 18.920
709.480 18.893
709.686 18.891
709.891 18.892
710.096 18.924
710.302 18.958
710.507 18.994
710.713 18.980
710.918 18.958
711.123 18.929
711.329 18.865
711.534 18.895
711.740 18.936
711.945 18.984
712.150 19.035
712.356 19.063
712.561 19.072
712.766 19.084
712.972 19.088
713.177 19.065
713.383 19.038
713.588 19.010
713.793 19.018
713.999 19.024
714.204 19.011
714.410 18.971
714.615 18.965
714.820 18.977
715.026 18.986
715.231 19.020
715.437 19.046
715.642 19.095
715.847 19.116
716.053 19.083
716.258 19.064
716.464 19.066
716.669 19.065
716.874 19.073
717.080 19.129
717.285 19.260
717.491 19.298
717.696 19.327
717.901 19.330
718.107 19.339
718.312 19.353
718.518 19.372
718.723 19.386
718.928 19.426
719.134 19.404
719.339 19.398
719.545 19.386
719.750 19.367
719.955 19.339
720.161 19.298
720.366 19.265
720.572 19.257
720.777 19.255
720.982 19.198
721.188 19.165
721.393 19.121
721.599 19.038
721.804 19.055
722.009 19.066
722.215 19.108
722.420 19.116
722.626 19.149
722.831 19.166
723.036 19.151
723.242 19.097
723.447 19.118
723.653 19.144
723.858 19.146
724.063 19.173
724.269 19.239
724.474 19.285
724.680 19.383
724.885 19.424
725.090 19.355
725.296 19.353
725.501 19.358
725.707 19.355
725.912 19.338
726.117 19.314
726.323 19.324
726.528 19.324
726.734 19.334
726.939 19.349
727.144 19.369
727.350 19.397
727.555 19.411
727.761 19.456
727.966 19.464
728.171 19.509
728.377 19.548
728.582 19.460
728.788 19.400
728.993 19.339
729.198 19.304
729.404 19.391
729.609 19.476
729.815 19.496
730.020 19.479
730.225 19.488
730.431 19.485
730.636 19.453
730.842 19.419
731.047 19.366
731.252 19.281
731.458 19.251
731.663 19.321
731.869 19.343
732.074 19.288
732.279 19.258
732.485 19.245
732.690 19.199
732.896 19.232
733.101 19.280
733.306 19.306
733.512 19.295
733.717 19.257
733.923 19.188
734.128 19.194
734.333 19.232
734.539 19.244
734.744 19.225
734.950 19.206
735.155 19.203
735.360 19.270
735.566 19.338
735.771 19.370
735.977 19.303
736.182 19.291
736.387 19.338
736.593 19.415
736.798 19.471
737.004 19.480
737.209 19.495
737.414 19.493
737.620 19.494
737.825 19.514
738.031 19.563
738.236 19.617
738.441 19.620
738.647 19.621
738.852 19.611
739.058 19.643
739.263 19.678
739.468 19.696
739.674 19.682
739.879 19.679
740.085 19.681
740.290 19.666
740.495 19.639
740.701 19.623
740.906 19.596
741.112 19.553
741.317 19.537
741.522 19.531
741.728 19.531
741.933 19.579
742.139 19.630
742.344 19.636
742.549 19.601
742.755 19.583
742.960 19.562
743.166 19.526
743.371 19.495
743.576 19.506
743.782 19.516
743.987 19.542
744.193 19.547
744.398 19.495
744.603 19.495
744.809 19.522
745.014 19.501
745.220 19.469
745.425 19.390
745.630 19.383
745.836 19.404
746.041 19.394
746.246 19.355
746.452 19.334
746.657 19.308
746.863 19.351
747.068 19.431
747.274 19.511
747.479 19.596
747.684 19.655
747.890 19.675
748.095 19.666
748.300 19.658
748.506 19.658
748.711 19.686
748.917 19.685
749.122 19.667
749.327 19.657
749.533 19.648
749.738 19.674
749.944 19.684
750.149 19.659
750.354 19.670
750.560 19.692
750.765 19.661
750.971 19.673
751.176 19.667
751.381 19.660
751.587 19.588
751.792 19.562
751.998 19.529
752.203 19.484
752.408 19.511
752.614 19.492
752.819 19.503
753.025 19.529
753.230 19.570
753.435 19.605
753.641 19.638
753.846 19.730
754.052 19.799
754.257 19.771
754.462 19.764
754.668 19.752
754.873 19.725
755.079 19.721
755.284 19.711
755.489 19.738
755.695 19.675
755.900 19.703
756.106 19.697
756.311 19.697
756.516 19.661
756.722 19.638
756.927 19.642
757.133 19.638
757.338 19.617
757.543 19.598
757.749 19.554
757.954 19.515
758.160 19.432
758.365 19.382
758.570 19.442
758.776 19.468
758.981 19.464
759.187 19.488
759.392 19.558
759.597 19.575
759.803 19.511
760.008 19.521
760.214 19.523
760.419 19.483
760.624 19.464
760.830 19.574
761.035 19.585
761.241 19.540
761.446 19.486
761.651 19.468
761.857 19.510
762.062 19.541
762.268 19.528
762.473 19.511
762.678 19.528
762.884 19.544
763.089 19.543
763.295 19.616
763.500 19.714
763.709 19.709
763.918 19.694
764.126 19.703
764.335 19.736
764.544 19.774
764.753 19.798
764.962 19.851
765.171 19.823
765.379 19.788
765.588 19.836
765.797 19.906
766.006 19.946
766.215 19.942
766.424 19.944
766.632 19.966
766.841 20.022
767.050 20.033
767.259 20.007
767.468 20.059
767.677 20.021
767.885 19.896
768.094 19.866
768.303 19.890
768.512 19.909
768.721 19.927
768.929 19.883
769.138 19.926
769.347 19.960
769.556 19.966
769.765 20.008
769.974 20.038
770.182 20.016
770.391 19.989
770.600 19.992
770.809 20.023
771.018 20.073
771.227 20.058
771.435 20.048
771.644 20.037
771.853 20.019
772.062 20.053
772.271 20.085
772.480 20.057
772.688 20.034
772.897 20.033
773.106 19.995
773.315 20.043
773.524 20.082
773.732 20.113
773.941 20.114
774.150 20.086
774.359 20.035
774.568 20.015
774.777 19.989
774.985 19.961
775.194 19.916
775.403 19.899
775.612 19.916
775.821 19.989
776.030 20.075
776.238 20.025
776.447 20.000
776.656 20.064
776.865 20.145
777.074 20.187
777.283 20.252
777.491 20.309
777.700 20.230
777.909 20.123
778.118 19.972
778.327 19.963
778.535 20.058
778.744 20.121
778.953 20.153
779.162 20.177
779.371 20.166
779.580 20.225
779.788 20.290
779.997 20.293
780.206 20.180
780.415 20.107
780.624 20.138
780.833 20.134
781.041 20.024
781.250 19.937
781.459 19.925
781.668 19.932
781.877 19.910
782.086 19.986
782.294 20.018
782.503 20.138
782.712 20.183
782.921 20.159
783.130 20.134
783.338 20.178
783.547 20.244
783.756 20.259
783.965 20.249
784.174 20.259
784.383 20.354
784.591 20.444
784.800 20.493
785.009 20.493
785.218 20.503
785.427 20.604
785.636 20.633
785.844 20.606
786.053 20.581
786.262 20.592
786.471 20.563
786.680 20.620
786.889 20.604
787.097 20.564
787.306 20.571
787.515 20.562
787.724 20.497
787.933 20.455
788.141 20.474
788.350 20.429
788.559 20.366
788.768 20.327
788.977 20.305
789.186 20.274
789.394 20.327
789.603 20.305
789.812 20.210
790.021 20.248
790.230 20.320
790.439 20.453
790.647 20.427
790.856 20.410
791.065 20.378
791.274 20.387
791.483 20.403
791.692 20.408
791.900 20.468
792.109 20.505
792.318 20.526
792.527 20.548
792.736 20.657
792.944 20.694
793.153 20.688
793.362 20.700
793.571 20.690
793.780 20.696
793.989 20.766
794.197 20.838
794.406 20.831
794.615 20.793
794.824 20.628
795.033 20.612
795.242 20.687
795.450 20.705
795.659 20.670
795.868 20.625
796.077 20.615
796.286 20.649
796.495 20.662
796.703 20.671
796.912 20.700
797.121 20.713
797.330 20.708
797.539 20.702
797.747 20.820
797.956 20.871
798.165 20.812
798.374 20.803
798.583 20.830
798.792 20.805
799.000 20.831
799.209 20.930
799.418 21.044
799.627 21.105
799.836 21.159
800.045 21.266
800.253 21.386
800.462 21.438
800.671 21.335
800.880 21.326
801.089 21.333
801.298 21.301
801.506 21.221
801.715 21.300
801.924 21.405
802.133 21.378
802.342 21.397
802.550 21.415
802.759 21.479
802.968 21.529
803.177 21.579
803.386 21.552
803.595 21.510
803.803 21.487
804.012 21.410
804.221 21.393
804.430 21.376
804.639 21.434
804.848 21.424
805.056 21.507
805.265 21.566
805.474 21.672
805.683 21.672
805.892 21.692
806.101 21.719
806.309 21.647
806.518 21.509
806.727 21.476
806.936 21.562
807.145 21.501
807.353 21.426
807.562 21.369
807.771 21.385
807.980 21.366
808.189 21.299
808.398 21.291
808.606 21.368
808.815 21.464
809.024 21.430
809.233 21.480
809.442 21.481
809.651 21.359
809.859 21.227
810.068 21.240
810.277 21.323
810.486 21.204
810.695 21.169
810.904 21.296
811.112 21.327
811.321 21.344
811.530 21.386
811.741 21.457
811.953 21.616
812.164 21.695
812.375 21.707
812.586 21.718
812.798 21.718
813.009 21.720
813.220 21.725
813.431 21.709
813.643 21.717
813.854 21.809
814.065 21.916
814.276 21.970
814.488 22.011
814.699 21.957
814.910 22.065
815.121 22.076
815.333 21.987
815.544 21.994
815.755 21.917
815.966 21.914
816.178 21.968
816.389 21.912
816.600 21.845
816.811 21.917
817.023 22.046
817.234 22.144
817.445 22.111
817.656 22.087
817.868 22.252
818.079 22.307
818.290 22.300
818.502 22.325
818.713 22.357
818.924 22.354
819.135 22.395
819.347 22.363
819.558 22.354
819.769 22.526
819.980 22.570
820.192 22.614
820.403 22.621
820.614 22.616
820.825 22.708
821.037 22.806
821.248 22.897
821.459 22.876
821.670 22.869
821.882 22.828
822.093 22.776
822.304 22.662
822.515 22.623
822.727 22.614
822.938 22.643
823.149 22.656
823.360 22.684
823.572 22.836
823.783 22.952
823.994 23.024
824.205 22.841
824.417 22.793
824.628 22.869
824.839 22.877
825.051 22.851
825.262 22.802
825.473 22.818
825.684 22.798
825.896 22.750
826.107 22.670
826.318 22.735
826.529 22.825
826.741 22.803
826.952 22.737
827.163 22.787
827.374 22.859
827.586 22.882
827.797 22.964
828.008 22.973
828.219 22.953
828.431 23.033
828.642 23.316
828.853 23.507
829.064 23.517
829.276 23.588
829.487 23.538
829.698 23.470
829.909 23.472
830.121 23.481
830.332 23.567
830.543 23.604
830.754 23.628
830.966 23.606
831.177 23.587
831.388 23.628
831.600 23.556
831.811 23.561
832.022 23.769
832.233 23.873
832.445 23.656
832.656 23.606
832.867 23.602
833.078 23.486
833.290 23.338
833.501 23.408
833.712 23.477
833.923 23.537
834.135 23.552
834.346 23.497
834.557 23.411
834.768 23.478
834.980 23.728
835.191 23.789
835.402 23.821
835.613 23.939
835.825 24.153
836.036 24.237
836.247 24.297
836.458 24.332
836.670 24.293
836.881 24.471
837.092 24.485
837.303 24.508
837.515 24.638
837.726 24.686
837.937 24.614
838.148 24.640
838.360 24.743
838.571 24.826
838.782 24.857
838.994 24.907
839.205 24.814
839.416 24.620
839.627 24.638
839.839 24.689
840.050 24.671
840.261 24.589
840.472 24.663
840.684 24.589
840.895 24.419
841.106 24.272
841.317 24.227
841.529 24.341
841.740 24.308
841.951 24.171
842.162 24.231
842.374 24.417
842.585 24.428
842.796 24.353
843.007 24.445
843.219 24.617
843.430 24.694
843.641 24.636
843.852 24.578
844.064 24.560
844.275 24.560
844.486 24.677
844.697 24.719
844.909 24.657
845.120 24.729
845.331 24.728
845.543 24.837
845.754 24.903
845.965 24.853
846.176 24.880
846.388 24.980
846.599 25.035
846.810 25.026
847.021 24.933
847.233 25.126
847.444 25.225
847.655 25.312
847.866 25.308
848.078 25.480
848.289 25.700
848.500 25.707
848.711 25.790
848.923 25.854
849.134 25.774
849.345 25.701
849.556 25.634
849.768 25.668
849.979 25.685
850.190 25.684
850.401 25.731
850.613 25.907
850.824 25.945
851.035 25.961
851.246 25.863
851.458 25.997
851.669 25.944
851.880 25.650
852.092 25.510
852.303 25.654
852.514 25.871
852.725 26.055
852.937 26.095
853.148 26.054
853.359 25.972
853.570 26.068
853.782 26.275
853.993 26.415
854.204 26.409
854.415 26.397
854.627 26.441
854.838 26.489
855.049 26.543
855.260 26.662
855.472 26.579
855.683 26.616
855.894 26.754
856.105 26.877
856.317 27.054
856.528 27.067
856.739 26.896
856.950 26.717
857.162 26.503
857.373 26.524
857.584 26.482
857.795 26.471
858.007 26.473
858.218 26.305
858.429 26.559
858.640 27.063
858.852 26.900
859.063 26.853
859.274 26.944
859.486 26.711
859.697 26.376
859.908 26.614
860.119 26.855
860.331 26.761
860.542 26.789
860.753 27.024
860.964 27.148
861.176 27.307
861.387 27.344
861.598 27.460
861.809 27.588
862.021 27.566
862.232 27.536
862.443 27.538
862.654 27.718
862.866 27.547
863.077 27.252
863.288 27.660
863.499 27.986
863.711 28.097
863.922 28.316
864.133 28.646
864.344 28.397
864.556 28.072
864.767 27.879
864.978 27.518
865.189 27.412
865.401 27.441
865.612 27.445
865.823 27.411
866.035 27.335
866.246 27.286
866.457 27.554
866.668 27.729
866.880 27.793
867.091 27.807
867.302 27.686
867.513 27.684
867.725 27.752
867.936 27.846
868.147 27.827
868.358 27.910
868.570 27.893
868.781 28.157
868.992 28.473
869.203 28.769
869.415 29.125
869.626 29.405
869.837 29.477
870.048 29.627
870.260 29.718
870.471 29.853
870.682 29.823
870.893 29.604
871.105 29.651
871.316 29.801
871.527 29.819
871.738 30.138
871.950 30.381
872.161 30.279
872.372 29.968
872.584 29.713
872.795 29.564
873.006 29.460
873.217 29.447
873.429 29.472
873.640 29.414
873.851 29.228
874.062 28.911
874.274 28.678
874.485 28.608
874.696 28.711
874.907 28.644
875.119 28.691
875.330 28.693
875.541 28.561
875.752 28.369
875.964 28.387
876.175 28.224
876.386 27.979
876.597 28.017
876.809 28.265
877.020 28.566
877.231 28.650
877.442 28.778
877.654 28.815
877.865 28.761
878.076 28.751
878.287 28.705
878.499 28.604
878.710 28.720
878.921 28.695
879.133 28.579
879.344 28.760
879.555 28.988
879.766 29.249
879.978 29.252
880.189 29.369
880.400 29.525
880.611 29.586
880.823 29.719
881.034 29.760
881.245 29.670
881.456 29.486
881.668 29.286
881.879 29.306
882.090 29.462
882.301 29.461
882.513 29.343
882.724 29.510
882.935 29.583
883.146 29.535
883.358 29.728
883.569 29.788
883.780 29.704
883.991 29.683
884.203 29.599
884.414 29.714
884.625 29.728
884.836 29.422
885.048 29.405
885.259 29.512
885.470 29.541
885.682 29.546
885.893 29.620
886.104 29.973
886.315 30.043
886.527 29.884
886.738 29.917
886.949 30.049
887.160 30.086
887.372 30.103
887.583 30.261
887.794 30.075
888.005 30.092
888.217 30.065
888.428 29.955
888.639 30.036
888.850 30.074
889.062 30.035
889.273 30.177
889.484 30.050
889.695 29.778
889.907 29.774
890.118 29.764
890.329 29.832
890.540 29.774
890.752 29.806
890.963 29.872
891.174 29.974
891.385 30.303
891.597 30.424
891.808 30.631
892.019 30.658
892.231 30.787
892.442 30.878
892.653 30.973
892.864 30.871
893.076 31.261
893.287 31.996
893.498 32.040
893.709 32.214
893.921 32.253
894.132 32.410
894.343 32.477
894.554 32.415
894.766 32.590
894.977 32.770
895.188 32.757
895.399 32.696
895.611 32.492
895.822 32.343
896.033 32.347
896.244 32.189
896.456 32.315
896.667 32.446
896.878 32.607
897.089 32.779
897.301 32.903
897.512 32.452
897.723 31.817
897.934 31.930
898.146 32.046
898.357 32.180
898.568 32.165
898.779 32.132
898.991 32.315
899.202 32.257
899.413 32.080
899.625 32.092
899.836 32.400
900.047 32.924
900.258 32.891
900.470 32.972
900.681 33.257
900.892 33.408
901.103 33.434
901.315 33.357
901.526 33.283
901.737 33.403
901.948 33.555
902.160 33.398
902.371 33.295
902.582 33.068
902.793 33.047
903.005 33.116
903.216 33.283
903.427 33.367
903.638 33.231
903.850 33.354
904.061 33.586
904.272 33.553
904.483 33.051
904.695 32.951
904.906 33.043
905.117 33.014
905.328 32.624
905.540 32.502
905.751 32.223
905.962 32.193
906.174 32.376
906.385 32.051
906.596 32.033
906.807 32.339
907.019 32.743
907.230 33.028
907.441 33.264
907.652 33.397
907.864 33.471
908.075 33.367
908.286 32.866
908.497 32.510
908.709 32.255
908.920 32.579
909.131 32.826
909.342 32.827
909.554 32.978
909.765 33.426
909.976 33.518
910.187 33.884
910.399 33.929
910.610 33.930
910.821 34.386
911.032 34.704
911.244 34.459
911.455 34.096
911.666 34.089
911.877 34.288
912.089 34.280
912.300 34.248
912.515 34.521
912.730 35.109
912.944 35.416
913.159 35.948
913.374 36.274
913.589 36.465
913.803 36.589
914.018 36.508
914.233 36.044
914.448 36.174
914.663 36.239
914.877 36.550
915.092 36.571
915.307 36.573
915.522 36.620
915.736 36.910
915.951 37.048
916.166 37.079
916.381 36.746
916.596 36.694
916.810 37.195
917.025 37.446
917.240 37.417
917.455 37.326
917.669 36.744
917.884 36.047
918.099 35.744
918.314 35.855
918.529 36.361
918.743 37.189
918.958 37.416
919.173 37.392
919.388 37.162
919.602 37.196
919.817 37.555
920.032 37.967
920.247 38.408
920.462 39.126
920.676 39.554
920.891 39.689
921.106 39.597
921.321 39.095
921.535 39.010
921.750 39.332
921.965 39.839
922.180 40.314
922.395 40.677
922.609 41.204
922.824 41.315
923.039 41.094
923.254 40.472
923.469 40.277
923.683 40.373
923.898 40.092
924.113 39.785
924.328 39.754
924.542 39.740
924.757 39.122
924.972 38.723
925.187 38.218
925.402 38.259
925.616 38.494
925.831 38.893
926.046 38.982
926.261 39.136
926.475 39.029
926.690 39.257
926.905 39.987
927.120 40.179
927.335 40.041
927.549 40.288
927.764 40.840
927.979 40.816
928.194 40.911
928.408 41.444
928.623 41.858
928.838 42.234
929.053 42.746
929.268 43.057
929.482 42.511
929.697 42.577
929.912 42.866
930.127 42.792
930.341 43.341
930.556 44.067
930.771 44.100
930.986 44.259
931.201 43.936
931.415 43.460
931.630 43.587
931.845 44.250
932.060 44.457
932.274 45.056
932.489 45.393
932.704 45.642
932.919 45.830
933.134 45.752
933.348 45.668
933.563 45.067
933.778 45.161
933.993 46.344
934.207 46.778
934.422 46.745
934.637 47.220
934.852 46.721
935.067 46.207
935.281 46.191
935.496 46.873
935.711 47.903
935.926 48.110
936.140 48.340
936.355 48.697
936.570 48.861
936.785 48.433
937.000 48.411
937.214 49.051
937.429 49.834
937.644 50.601
937.859 50.752
938.073 50.904
938.288 51.090
938.503 51.144
938.718 51.853
938.933 53.412
939.147 54.852
939.362 55.685
939.577 56.397
939.792 56.368
940.007 55.722
940.221 55.257
940.436 55.469
940.651 55.365
940.866 55.542
941.080 55.669
941.295 56.104
941.510 56.462
941.725 56.034
941.940 56.053
942.154 56.190
942.369 56.515
942.584 57.147
942.799 57.953
943.013 58.471
943.228 58.334
943.443 57.452
943.658 55.784
943.873 55.384
944.087 55.506
944.302 55.809
944.517 55.946
944.732 55.830
944.946 55.221
945.161 55.552
945.376 54.859
945.591 55.097
945.806 55.222
946.020 55.730
946.235 57.207
946.450 57.329
946.665 57.006
946.879 56.781
947.094 56.808
947.309 56.359
947.524 56.566
947.739 56.403
947.953 55.751
948.168 56.176
948.383 56.111
948.598 55.886
948.812 56.855
949.027 56.259
949.242 55.644
949.457 56.990
949.672 57.425
949.886 57.284
950.101 57.079
950.316 57.558
950.531 57.724
950.745 56.927
950.960 57.348
951.175 58.201
951.390 59.031
951.605 59.408
951.819 60.571
952.034 61.733
952.249 62.992
952.464 62.999
952.678 63.127
952.893 63.391
953.108 62.337
953.323 60.883
953.538 61.643
953.752 62.053
953.967 60.931
954.182 59.941
954.397 61.113
954.611 61.621
954.826 60.682
955.041 60.565
955.256 60.515
955.471 59.310
955.685 58.793
955.900 58.324
956.115 61.489
956.330 67.267
956.544 65.596
956.759 63.911
956.974 64.637
957.189 65.137
957.404 64.969
957.618 65.804
957.833 66.287
958.048 65.999
958.263 66.612
958.478 67.430
958.692 67.789
958.907 67.381
959.122 66.855
959.337 66.882
959.551 66.487
959.766 66.004
959.981 66.953
960.196 67.014
960.411 66.540
960.625 62.524
960.840 55.084
961.055 54.129
961.270 54.543
961.484 54.316
961.699 54.256
961.914 54.558
962.129 55.344
962.344 57.097
962.558 58.706
962.773 59.063
962.988 60.346
963.203 62.438
963.417 63.009
963.632 63.567
963.847 64.162
964.062 64.424
964.277 64.454
964.491 63.337
964.706 63.660
964.921 64.238
965.136 64.510
965.350 65.632
965.565 66.622
965.780 66.809
965.987 66.903
966.194 67.600
966.402 67.703
966.609 66.961
966.816 65.783
967.023 64.207
967.231 63.950
967.438 62.739
967.645 60.674
967.852 59.767
968.059 59.427
968.267 59.758
968.474 61.175
968.681 61.823
968.888 62.940
969.096 62.526
969.303 62.151
969.510 62.768
969.717 62.821
969.925 63.582
970.132 62.966
970.339 62.049
970.546 60.700
970.753 60.580
970.961 61.827
971.168 61.904
971.375 62.296
971.582 61.458
971.790 60.841
971.997 61.281
972.204 61.086
972.411 61.154
972.618 62.292
972.826 61.678
973.033 61.407
973.240 60.870
973.447 61.070
973.655 61.546
973.862 60.993
974.069 61.020
974.276 61.838
974.483 62.703
974.691 64.027
974.898 65.075
975.105 65.721
975.312 65.445
975.520 65.316
975.727 65.422
975.934 66.051
976.141 66.489
976.349 66.045
976.556 67.145
976.763 67.123
976.970 66.254
977.177 65.143
977.385 64.846
977.592 65.027
977.799 64.848
978.006 66.029
978.214 67.684
978.421 68.641
978.628 67.093
978.835 66.619
979.042 65.217
979.250 64.628
979.457 64.706
979.664 64.472
979.871 64.801
980.079 66.536
980.286 66.049
980.493 65.550
980.700 66.797
980.907 68.390
981.115 67.732
981.322 66.332
981.529 67.079
981.736 67.051
981.944 67.132
982.151 68.139
982.358 67.027
982.565 65.726
982.773 64.235
982.980 64.989
983.187 67.417
983.394 70.409
983.601 69.308
983.809 67.931
984.016 66.390
984.223 65.169
984.430 63.314
984.638 63.573
984.845 65.522
985.052 67.399
985.259 66.059
985.466 67.109
985.674 67.689
985.881 68.885
986.088 70.938
986.295 72.752
986.503 73.475
986.710 74.083
986.917 74.045
987.124 74.729
987.331 74.613
987.539 73.625
987.746 72.852
987.953 74.338
988.160 76.685
988.368 79.371
988.575 81.512
988.782 82.924
988.989 82.716
989.197 81.851
989.404 80.430
989.611 80.381
989.818 77.793
990.025 77.351
990.233 76.514
990.440 75.003
990.647 72.230
990.854 70.922
991.062 71.341
991.269 71.343
991.476 70.611
991.683 70.965
991.890 71.136
992.098 70.864
992.305 72.374
992.512 71.311
992.719 70.549
992.927 71.026
993.134 70.792
993.341 72.256
993.548 72.255
993.755 70.859
993.963 69.873
994.170 70.600
994.377 70.188
994.584 69.317
994.792 72.428
994.999 76.940
995.206 77.855
995.413 77.249
995.621 78.718
995.828 79.524
996.035 78.456
996.242 77.582
996.449 78.493
996.657 78.325
996.864 77.175
997.071 76.177
997.278 74.398
997.486 75.985
997.693 75.546
997.900 75.962
998.107 76.374
998.314 75.972
998.522 78.496
998.729 80.635
998.936 81.060
999.143 80.090
999.351 79.725
999.558 79.136
999.765 80.175
999.972 79.827
1000.179 79.881
1000.387 81.117
1000.594 82.017
1000.801 81.424
1001.008 80.882
1001.216 81.484
1001.423 83.637
1001.630 84.826
1001.837 81.751
1002.045 81.887
1002.252 83.048
1002.459 84.348
1002.666 87.025
1002.873 87.897
1003.081 87.446
1003.288 86.402
1003.495 84.203
1003.702 82.003
1003.910 83.924
1004.117 86.110
1004.324 85.434
1004.531 85.768
1004.738 85.970
1004.946 85.172
1005.153 83.868
1005.360 84.529
1005.567 89.303
1005.775 89.253
1005.982 87.534
1006.189 87.355
1006.396 86.416
1006.603 84.143
1006.811 82.026
1007.018 78.328
1007.225 77.334
1007.432 79.193
1007.640 83.985
1007.847 85.179
1008.054 85.565
1008.261 82.461
1008.469 79.565
1008.676 82.478
1008.883 86.441
1009.090 89.105
1009.297 88.044
1009.505 89.311
1009.712 89.398
1009.919 84.526
1010.126 83.259
1010.334 85.460
1010.541 85.765
1010.748 87.265
1010.955 89.491
1011.162 91.092
1011.370 97.166
1011.577 97.953
1011.784 96.656
1011.991 93.618
1012.199 89.720
1012.406 88.426
1012.613 91.763
1012.820 89.747
1013.027 83.933
1013.235 79.558
1013.442 76.695
1013.649 80.611
1013.856 84.327
1014.064 86.798
1014.271 87.351
1014.478 85.355
1014.685 84.808
1014.893 86.593
1015.100 86.936
1015.307 86.091
1015.514 85.980
1015.721 81.278
1015.929 80.063
1016.136 79.477
1016.343 79.215
1016.550 85.725
