292.253 98.428
292.450 100.536
292.647 101.227
292.845 101.510
293.042 101.842
293.239 102.016
293.437 101.018
293.634 99.292
293.831 98.591
294.029 98.811
294.226 98.970
294.423 102.004
294.621 102.297
294.818 101.340
295.015 100.610
295.213 101.676
295.410 103.403
295.607 104.208
295.805 104.434
296.002 104.035
296.199 103.520
296.397 102.407
296.594 100.667
296.791 99.453
296.989 99.696
297.186 98.864
297.383 97.783
297.581 98.991
297.778 100.714
297.975 101.337
298.173 100.605
298.370 100.624
298.567 101.659
298.765 101.754
298.962 103.107
299.159 103.418
299.357 102.846
299.554 102.532
299.751 102.695
299.949 101.537
300.146 101.608
300.343 101.135
300.541 99.900
300.738 100.669
300.935 102.053
301.133 101.878
301.330 102.753
301.527 104.261
301.725 103.631
301.922 102.412
302.119 102.294
302.317 103.808
302.514 103.426
302.711 101.920
302.909 101.330
303.106 99.859
303.303 99.534
303.501 100.003
303.698 99.641
303.895 98.819
304.093 98.322
304.290 98.209
304.487 99.081
304.685 99.030
304.882 97.782
305.079 96.654
305.277 95.773
305.474 94.994
305.671 93.369
305.869 93.284
306.066 94.073
306.263 93.518
306.461 92.154
306.658 92.442
306.855 92.601
307.053 92.111
307.250 92.787
307.447 93.452
307.645 93.555
307.842 93.415
308.039 93.286
308.237 93.397
308.434 92.826
308.631 92.434
308.829 93.197
309.026 93.158
309.223 93.200
309.421 93.488
309.618 93.159
309.815 93.963
310.013 94.093
310.210 93.545
310.407 93.906
310.605 94.172
310.802 94.027
310.999 94.185
311.197 95.773
311.394 96.256
311.591 95.777
311.789 95.012
311.986 94.251
312.183 93.562
312.381 93.327
312.578 93.194
312.775 91.981
312.973 91.136
313.170 91.486
313.347 91.384
313.523 91.113
313.700 90.899
313.877 90.986
314.054 91.127
314.230 91.680
314.407 91.977
314.584 91.935
314.761 91.181
314.937 90.850
315.114 89.936
315.291 88.008
315.467 87.377
315.644 87.957
315.821 88.408
315.998 88.431
316.174 87.968
316.351 88.322
316.528 88.650
316.704 88.150
316.881 87.524
317.058 86.594
317.235 86.647
317.411 86.873
317.588 86.678
317.765 86.444
317.942 85.513
318.118 84.185
318.295 84.400
318.472 85.238
318.648 85.663
318.825 86.111
319.002 86.596
319.179 85.664
319.355 84.317
319.532 84.104
319.709 84.676
319.885 85.319
320.062 84.714
320.239 84.731
320.416 84.127
320.592 84.409
320.769 84.614
320.946 83.681
321.123 84.207
321.299 83.716
321.476 83.540
321.653 83.932
321.829 83.851
322.006 83.199
322.183 82.977
322.360 82.029
322.536 80.519
322.713 80.141
322.890 81.105
323.066 82.237
323.243 82.165
323.420 81.471
323.597 80.848
323.773 79.937
323.950 79.882
324.127 81.090
324.304 80.889
324.480 81.248
324.657 82.058
324.834 81.087
325.010 80.428
325.187 79.754
325.364 80.498
325.541 82.153
325.717 81.001
325.894 79.550
326.071 79.627
326.248 80.274
326.424 79.879
326.601 78.962
326.778 77.749
326.954 76.808
327.131 76.384
327.308 75.958
327.485 76.789
327.661 76.986
327.838 77.072
328.015 77.787
328.191 77.794
328.368 77.597
328.545 77.841
328.722 78.665
328.898 78.198
329.075 76.551
329.252 75.296
329.429 75.790
329.605 76.206
329.782 75.050
329.959 73.842
330.135 74.393
330.312 75.034
330.489 75.820
330.666 76.662
330.842 77.300
331.019 77.248
331.196 76.541
331.372 75.843
331.549 75.100
331.726 74.829
331.903 74.407
332.079 74.877
332.256 74.754
332.433 73.603
332.610 73.711
332.786 73.638
332.963 73.389
333.140 73.055
333.316 72.858
333.493 73.043
333.670 73.140
333.847 73.118
334.023 72.749
334.200 72.194
334.377 72.357
334.553 72.122
334.730 71.805
334.907 70.765
335.084 69.838
335.260 69.332
335.437 68.372
335.614 68.056
335.791 66.823
335.967 66.945
336.144 68.422
336.321 69.022
336.497 69.014
336.674 68.297
336.851 68.337
337.028 68.383
337.204 68.875
337.381 69.010
337.558 68.477
337.734 68.228
337.911 67.948
338.088 67.753
338.265 67.769
338.441 67.481
338.618 68.235
338.795 69.825
338.972 70.569
339.148 70.377
339.325 70.062
339.502 69.903
339.678 69.329
339.855 67.705
340.032 66.824
340.209 66.715
340.385 66.784
340.562 66.502
340.739 66.509
340.916 66.820
341.092 66.598
341.269 66.514
341.446 66.447
341.622 65.416
341.799 64.078
341.976 63.339
342.153 63.186
342.329 62.947
342.506 62.178
342.683 62.313
342.859 63.149
343.036 63.250
343.213 63.290
343.390 63.083
343.566 62.993
343.743 62.745
343.920 62.346
344.097 62.075
344.273 61.909
344.450 61.557
344.627 60.672
344.803 60.234
344.980 60.462
345.157 60.392
345.334 61.218
345.510 61.619
345.687 61.632
345.864 61.973
346.040 62.252
346.217 61.458
346.394 60.085
346.571 59.099
346.747 59.363
346.924 59.698
347.101 60.143
347.278 60.532
347.454 60.238
347.631 60.275
347.808 60.559
347.984 60.442
348.161 59.951
348.338 59.810
348.515 60.060
348.691 59.669
348.868 59.425
349.045 58.921
349.221 58.492
349.398 58.596
349.575 58.307
349.752 57.294
349.928 57.342
350.105 57.791
350.282 57.877
350.459 57.478
350.635 56.790
350.812 56.065
350.989 55.508
351.165 55.443
351.342 55.354
351.519 55.132
351.696 55.185
351.872 55.070
352.049 54.588
352.226 54.324
352.402 54.321
352.579 54.589
352.756 55.041
352.933 55.190
353.109 54.695
353.286 55.005
353.463 55.636
353.640 55.396
353.816 54.948
353.993 54.458
354.170 54.539
354.346 54.662
354.523 54.313
354.700 54.235
354.877 54.041
355.053 53.920
355.230 53.952
355.407 54.230
355.584 54.724
355.760 54.629
355.937 54.034
356.114 53.368
356.290 52.785
356.467 52.435
356.644 52.306
356.821 52.263
356.997 51.869
357.174 51.658
357.351 51.599
357.527 51.612
357.704 51.730
357.881 51.273
358.058 51.067
358.234 51.268
358.411 51.294
358.588 51.915
358.765 51.782
358.941 51.406
359.118 51.095
359.295 50.600
359.471 50.907
359.648 50.916
359.825 51.323
360.002 51.366
360.178 51.494
360.355 51.902
360.532 51.788
360.708 51.127
360.885 51.114
361.062 51.404
361.239 51.521
361.415 51.966
361.592 52.248
361.769 51.749
361.946 51.393
362.122 51.397
362.299 50.711
362.476 50.660
362.652 50.704
362.829 50.126
363.006 49.346
363.183 49.084
363.359 49.295
363.536 48.996
363.713 48.558
363.889 47.761
364.066 46.867
364.243 46.651
364.420 46.991
364.596 46.645
364.773 46.059
364.950 46.089
365.127 45.547
365.303 45.174
365.480 45.336
365.660 45.334
365.839 45.215
366.019 45.320
366.199 45.565
366.379 45.450
366.558 45.538
366.738 46.061
366.918 46.083
367.098 46.214
367.277 46.248
367.457 46.495
367.637 46.197
367.816 46.321
367.996 46.569
368.176 46.259
368.356 46.159
368.535 45.994
368.715 45.302
368.895 44.994
369.075 44.496
369.254 44.488
369.434 44.528
369.614 43.970
369.793 43.680
369.973 43.240
370.153 43.101
370.333 43.264
370.512 43.169
370.692 43.143
370.872 43.118
371.051 42.897
371.231 42.546
371.411 42.746
371.591 42.325
371.770 41.680
371.950 41.397
372.130 41.316
372.310 41.819
372.489 42.209
372.669 42.059
372.849 42.423
373.028 42.383
373.208 42.060
373.388 42.074
373.568 41.864
373.747 41.645
373.927 41.342
374.107 40.542
374.287 40.427
374.466 40.656
374.646 40.534
374.826 40.439
375.005 40.442
375.185 40.375
375.365 40.380
375.545 40.696
375.724 41.041
375.904 40.729
376.084 40.216
376.263 39.859
376.443 39.914
376.623 39.546
376.803 39.322
376.982 39.345
377.162 39.183
377.342 39.141
377.522 39.232
377.701 39.444
377.881 39.834
378.061 39.885
378.240 39.410
378.420 39.206
378.600 39.071
378.780 38.897
378.959 38.576
379.139 38.491
379.319 38.417
379.499 38.174
379.678 38.349
379.858 38.491
380.038 38.475
380.217 38.404
380.397 38.267
380.577 38.000
380.757 37.572
380.936 37.601
381.116 37.762
381.296 37.659
381.476 37.654
381.655 37.641
381.835 37.253
382.015 37.276
382.194 37.357
382.374 37.417
382.554 37.575
382.734 37.760
382.913 37.743
383.093 37.410
383.273 37.222
383.452 37.289
383.632 37.269
383.812 37.280
383.992 37.315
384.171 37.485
384.351 37.480
384.531 37.470
384.711 37.248
384.890 36.971
385.070 36.816
385.250 36.558
385.429 36.604
385.609 36.857
385.789 36.569
385.969 36.093
386.148 35.959
386.328 35.775
386.508 35.667
386.688 35.796
386.867 35.902
387.047 35.845
387.227 35.434
387.406 35.026
387.586 34.760
387.766 34.546
387.946 34.447
388.125 34.419
388.305 34.636
388.485 34.541
388.664 34.454
388.844 34.569
389.024 34.596
389.204 34.296
389.383 34.034
389.563 34.056
389.743 34.301
389.923 34.305
390.102 34.143
390.282 33.820
390.462 33.589
390.641 33.419
390.821 33.400
391.001 33.530
391.181 33.738
391.360 33.916
391.540 34.167
391.720 34.126
391.900 34.001
392.079 33.705
392.259 33.742
392.439 33.693
392.618 33.485
392.798 33.275
392.978 33.102
393.158 33.040
393.337 32.904
393.517 32.571
393.697 32.367
393.877 32.360
394.056 32.385
394.236 32.445
394.416 32.514
394.595 32.474
394.775 32.254
394.955 31.961
395.135 31.750
395.314 31.585
395.494 31.380
395.674 31.184
395.853 31.117
396.033 31.013
396.213 30.987
396.393 30.884
396.572 30.883
396.752 30.992
396.932 30.996
397.112 31.206
397.291 31.450
397.471 31.448
397.651 31.303
397.830 31.182
398.010 31.189
398.190 31.243
398.370 31.108
398.549 31.139
398.729 31.133
398.909 31.103
399.089 30.921
399.268 30.977
399.448 31.226
399.628 31.303
399.807 31.393
399.987 31.240
400.167 31.165
400.347 31.052
400.526 31.035
400.706 31.066
400.886 30.785
401.065 30.428
401.245 30.331
401.425 30.236
401.605 30.072
401.784 29.754
401.964 29.531
402.144 29.714
402.324 29.942
402.503 30.164
402.683 30.077
402.863 29.999
403.042 29.801
403.222 29.546
403.402 29.503
403.582 29.391
403.761 29.350
403.941 29.395
404.121 29.279
404.301 29.010
404.480 28.840
404.660 28.856
404.844 28.959
405.029 29.097
405.213 29.251
405.398 29.638
405.582 29.819
405.767 29.810
405.951 29.592
406.136 29.305
406.320 29.016
406.505 29.031
406.689 29.084
406.874 29.076
407.058 28.978
407.243 28.874
407.427 28.916
407.612 28.890
407.796 28.770
407.981 28.785
408.165 28.852
408.350 28.818
408.534 28.709
408.719 28.726
408.903 28.500
409.088 28.400
409.272 28.319
409.457 28.261
409.641 28.263
409.826 28.294
410.010 28.249
410.195 28.275
410.379 28.186
410.564 28.018
410.748 27.920
410.933 27.900
411.117 27.982
411.302 27.954
411.486 27.974
411.671 27.921
411.855 27.931
412.040 27.988
412.224 28.101
412.409 28.096
412.593 27.864
412.778 27.903
412.962 27.805
413.147 27.614
413.331 27.497
413.516 27.334
413.700 27.319
413.885 27.899
414.069 28.856
414.254 28.847
414.438 28.990
414.623 29.223
414.807 29.272
414.992 29.101
415.176 29.002
415.361 28.963
415.545 28.914
415.730 28.989
415.914 28.933
416.099 28.771
416.283 28.777
416.468 29.008
416.652 29.042
416.837 29.169
417.021 29.261
417.206 29.257
417.390 29.296
417.575 29.303
417.759 28.746
417.944 27.637
418.128 27.637
418.313 27.420
418.497 27.117
418.682 26.977
418.866 27.014
419.051 27.054
419.235 26.973
419.420 27.024
419.604 26.891
419.789 26.862
419.973 26.914
420.158 26.961
420.342 26.759
420.527 26.667
420.711 26.478
420.896 26.393
421.080 26.407
421.265 26.369
421.449 26.301
421.634 26.262
421.818 26.339
422.003 26.219
422.187 26.236
422.372 26.477
422.556 26.555
422.741 26.559
422.925 26.619
423.110 26.807
423.294 26.813
423.479 26.796
423.663 26.684
423.848 26.546
424.032 26.427
424.217 26.404
424.401 26.362
424.586 26.406
424.770 26.381
424.955 26.374
425.139 26.375
425.324 26.259
425.508 26.063
425.693 25.906
425.877 25.947
426.062 26.015
426.246 25.852
426.431 25.744
426.615 25.648
426.800 25.525
426.984 25.321
427.169 25.252
427.353 25.297
427.538 25.295
427.722 25.308
427.907 25.403
428.091 25.513
428.276 25.502
428.460 25.469
428.645 25.564
428.829 25.640
429.014 25.553
429.198 25.655
429.383 25.843
429.567 25.892
429.752 25.821
429.936 25.730
430.121 25.728
430.305 25.868
430.490 25.926
430.674 25.930
430.859 25.887
431.043 25.881
431.228 25.815
431.412 25.881
431.597 25.933
431.781 25.867
431.966 25.762
432.150 25.788
432.335 25.855
432.519 25.703
432.704 25.452
432.888 25.391
433.073 25.283
433.257 25.144
433.442 25.043
433.626 25.045
433.811 25.057
433.995 25.030
434.180 24.917
434.364 24.759
434.549 24.662
434.733 24.694
434.918 24.606
435.102 24.576
435.287 24.466
435.471 24.357
435.656 24.330
435.840 24.371
436.030 24.354
436.220 24.249
436.410 24.311
436.600 24.528
436.790 24.717
436.980 24.802
437.170 24.842
437.360 24.925
437.550 24.916
437.741 24.899
437.931 24.901
438.121 24.950
438.311 25.058
438.501 25.114
438.691 25.177
438.881 25.226
439.071 25.216
439.261 25.205
439.451 25.257
439.641 25.201
439.831 25.164
440.021 25.261
440.211 25.345
440.401 25.265
440.591 25.044
440.781 24.926
440.971 24.909
441.161 24.957
441.351 24.986
441.542 25.048
441.732 25.145
441.922 25.043
442.112 24.931
442.302 24.927
442.492 24.879
442.682 24.780
442.872 24.873
443.062 24.864
443.252 24.884
443.442 24.852
443.632 24.865
443.822 24.897
444.012 24.798
444.202 24.658
444.392 24.610
444.582 24.928
444.772 25.381
444.962 25.353
445.153 25.326
445.343 25.258
445.533 25.150
445.723 25.025
445.913 25.139
446.103 25.213
446.293 25.243
446.483 25.295
446.673 25.358
446.863 25.306
447.053 25.255
447.243 25.228
447.433 25.207
447.623 25.217
447.813 25.175
448.003 25.142
448.193 25.198
448.383 25.214
448.573 24.990
448.764 24.519
448.954 24.518
449.144 24.503
449.334 24.494
449.524 24.549
449.714 24.611
449.904 24.548
450.094 24.536
450.284 24.522
450.474 24.516
450.664 24.434
450.854 24.356
451.044 24.378
451.234 24.348
451.424 24.289
451.614 24.232
451.804 24.148
451.994 24.109
452.184 24.080
452.375 24.087
452.565 24.782
452.755 26.118
452.945 26.053
453.135 25.999
453.325 25.988
453.515 26.041
453.705 26.056
453.895 26.010
454.085 25.894
454.275 25.771
454.465 25.660
454.655 25.640
454.845 25.657
455.035 25.628
455.225 25.664
455.415 25.702
455.605 25.737
455.795 25.796
455.985 25.850
456.176 25.888
456.366 25.936
456.556 25.275
456.746 24.014
456.936 24.045
457.126 24.082
457.316 24.163
457.506 24.129
457.696 24.059
457.886 24.042
458.076 23.995
458.266 23.984
458.456 24.013
458.646 24.069
458.836 24.129
459.026 24.251
459.216 24.266
459.406 24.295
459.596 24.241
459.787 24.168
459.977 24.080
460.167 24.041
460.357 23.958
460.547 23.840
460.737 23.768
460.927 23.773
461.117 23.756
461.307 23.658
461.497 23.561
461.687 23.545
461.877 23.565
462.067 23.618
462.257 23.667
462.447 23.672
462.637 23.714
462.827 23.756
463.017 23.684
463.207 23.681
463.397 23.680
463.588 23.711
463.778 23.798
463.968 23.872
464.158 23.861
464.348 23.859
464.538 23.930
464.728 23.977
464.918 24.046
465.108 24.124
465.298 24.147
465.488 24.207
465.678 24.159
465.868 24.100
466.058 24.117
466.248 24.089
466.438 24.093
466.628 24.042
466.818 23.934
467.008 23.918
467.199 23.887
467.389 23.876
467.579 23.901
467.769 23.813
467.959 23.810
468.149 23.843
468.339 23.869
468.529 23.875
468.719 23.855
468.909 23.792
469.099 23.730
469.289 23.652
469.479 23.585
469.669 23.623
469.859 23.661
470.049 23.690
470.239 23.693
470.429 23.712
470.619 23.690
470.810 23.662
471.000 23.609
471.190 23.588
471.380 23.534
471.570 23.471
471.760 23.438
471.950 23.387
472.140 23.352
472.330 23.377
472.520 23.343
472.710 23.302
472.900 23.279
473.090 23.280
473.280 23.388
473.470 23.410
473.660 23.403
473.850 23.450
474.040 23.481
474.230 23.491
474.421 23.479
474.611 23.479
474.801 23.526
474.991 23.552
475.181 23.573
475.371 23.623
475.561 23.654
475.751 23.727
475.941 23.743
476.131 23.708
476.321 23.637
476.511 23.646
476.701 23.703
476.891 23.684
477.081 23.632
477.271 23.587
477.461 23.610
477.651 23.593
477.841 23.548
478.031 23.549
478.222 23.561
478.412 23.577
478.602 23.570
478.792 23.513
478.982 23.523
479.172 23.529
479.362 23.485
479.552 23.508
479.742 23.469
479.932 23.454
480.122 23.438
480.312 23.442
480.502 23.454
480.692 23.400
480.882 23.382
481.072 23.354
481.262 23.352
481.452 23.306
481.642 23.281
481.833 23.313
482.023 23.324
482.213 23.327
482.403 23.292
482.593 23.279
482.783 23.304
482.973 23.324
483.163 23.319
483.353 23.328
483.543 23.267
483.733 23.294
483.923 23.320
484.113 23.346
484.303 23.349
484.493 23.307
484.683 23.325
484.873 23.346
485.063 23.389
485.253 23.365
485.443 23.347
485.634 23.331
485.824 23.307
486.014 23.252
486.204 23.263
486.394 23.288
486.584 23.319
486.774 23.284
486.964 23.255
487.154 23.256
487.344 23.275
487.534 23.269
487.724 23.254
487.914 23.237
488.104 23.270
488.294 23.292
488.484 23.311
488.674 23.301
488.864 23.271
489.054 23.244
489.245 23.252
489.435 23.292
489.625 23.356
489.815 23.386
490.005 23.406
490.195 23.421
490.385 23.429
490.575 23.416
490.765 23.454
490.955 23.520
491.145 23.542
491.335 23.528
491.525 23.479
491.715 23.445
491.905 23.460
492.095 23.443
492.285 23.494
492.475 23.531
492.665 23.520
492.856 23.536
493.046 23.601
493.236 23.625
493.426 23.626
493.616 23.646
493.806 23.654
493.996 23.700
494.186 23.677
494.376 23.640
494.566 23.651
494.756 23.691
494.946 23.691
495.136 23.695
495.326 23.703
495.516 23.809
495.706 23.883
495.896 23.905
496.086 23.935
496.276 23.910
496.467 23.857
496.657 23.878
496.847 23.891
497.037 23.821
497.227 23.806
497.417 23.810
497.607 23.778
497.797 23.765
497.987 23.696
498.177 23.672
498.367 23.642
498.557 23.623
498.747 23.601
498.937 23.530
499.127 23.466
499.317 23.466
499.507 23.442
499.697 23.408
499.887 23.364
500.077 23.332
500.268 23.352
500.458 23.388
500.648 23.408
500.838 23.437
501.028 23.499
501.218 23.468
501.408 23.473
501.598 23.480
501.788 23.453
501.978 23.462
502.168 23.501
502.358 23.580
502.548 23.640
502.738 23.641
502.928 23.695
503.118 23.759
503.308 23.765
503.498 23.763
503.688 23.800
503.879 23.864
504.069 23.897
504.259 23.883
504.449 23.868
504.639 23.827
504.829 23.810
505.019 23.796
505.209 23.850
505.399 23.862
505.589 23.848
505.779 23.891
505.969 23.932
506.159 23.923
506.349 23.862
506.539 23.834
506.729 23.854
506.919 23.879
507.109 23.896
507.299 23.925
507.490 23.951
507.680 23.900
507.870 23.870
508.060 23.835
508.250 23.781
508.440 23.745
508.630 23.733
508.820 23.743
509.010 23.701
509.200 23.654
509.390 23.672
509.580 23.708
509.770 23.694
509.960 23.654
510.150 23.664
510.340 23.712
510.530 23.709
510.720 23.703
510.910 23.691
511.100 23.648
511.291 23.612
511.481 23.608
511.671 23.623
511.861 23.596
512.051 23.642
512.241 23.715
512.431 23.734
512.621 23.780
512.811 23.818
513.001 23.897
513.191 23.902
513.381 23.887
513.571 23.906
513.761 23.935
513.951 23.963
514.141 23.941
514.331 23.913
514.521 23.909
514.711 23.885
514.902 23.859
515.092 23.934
515.282 23.982
515.472 23.923
515.662 23.932
515.852 23.960
516.042 23.923
516.232 23.930
516.422 23.983
516.612 23.984
516.802 23.950
516.992 23.893
517.182 23.932
517.372 23.945
517.562 23.929
517.752 23.921
517.942 23.933
518.132 23.937
518.322 23.940
518.513 23.944
518.703 23.962
518.893 23.978
519.083 23.944
519.273 23.886
519.463 23.941
519.653 23.966
519.843 23.975
520.033 23.988
520.223 23.943
520.413 23.909
520.603 23.935
520.793 23.968
520.983 24.005
521.173 24.024
521.363 24.047
521.553 24.068
521.743 24.068
521.933 24.091
522.123 24.156
522.314 24.242
522.504 24.284
522.694 24.323
522.884 24.342
523.074 24.345
523.264 24.371
523.454 24.365
523.644 24.348
523.834 24.341
524.024 24.353
524.214 24.346
524.404 24.327
524.594 24.278
524.784 24.279
524.974 24.263
525.164 24.254
525.354 24.267
525.544 24.265
525.734 24.274
525.925 24.274
526.115 24.277
526.305 24.225
526.495 24.208
526.685 24.175
526.875 24.143
527.065 24.134
527.255 24.138
527.445 24.103
527.635 24.084
527.825 24.090
528.015 24.098
528.205 24.175
528.395 24.276
528.585 24.349
528.775 24.347
528.965 24.388
529.155 24.400
529.345 24.347
529.535 24.321
529.726 24.286
529.916 24.283
530.106 24.264
530.296 24.284
530.486 24.289
530.676 24.322
530.866 24.355
531.056 24.380
531.246 24.426
531.436 24.473
531.626 24.518
531.816 24.547
532.006 24.598
532.196 24.598
532.386 24.567
532.576 24.551
532.766 24.534
532.956 24.531
533.146 24.538
533.337 24.592
533.527 24.637
533.717 24.698
533.907 24.676
534.097 24.669
534.287 24.701
534.477 24.704
534.667 24.698
534.857 24.712
535.047 24.726
535.237 24.740
535.427 24.774
535.617 24.777
535.807 24.776
535.997 24.755
536.187 24.744
536.377 24.739
536.567 24.730
536.757 24.758
536.948 24.754
537.138 24.731
537.328 24.697
537.518 24.674
537.708 24.663
537.898 24.671
538.088 24.680
538.278 24.656
538.468 24.657
538.658 24.624
538.848 24.624
539.038 24.636
539.228 24.601
539.418 24.554
539.608 24.545
539.798 24.541
539.988 24.547
540.178 24.576
540.368 24.553
540.558 24.586
540.749 24.591
540.939 24.610
541.129 24.669
541.319 24.730
541.509 24.756
541.699 24.779
541.889 24.817
542.079 24.831
542.269 24.843
542.459 24.845
542.649 24.848
542.839 24.825
543.029 24.814
543.219 24.844
543.409 24.885
543.599 24.930
543.789 24.966
543.979 24.970
544.169 24.917
544.360 24.935
544.550 24.936
544.740 24.977
544.930 24.964
545.120 24.901
545.310 24.855
545.500 24.854
545.690 24.831
545.880 24.823
546.070 24.848
546.267 24.854
546.463 24.866
546.660 24.918
546.857 24.959
547.054 24.958
547.251 24.937
547.447 24.916
547.644 24.883
547.841 24.873
548.038 24.877
548.234 24.914
548.431 24.938
548.628 24.961
548.825 24.937
549.021 24.916
549.218 24.931
549.415 24.938
549.612 24.965
549.808 24.983
550.005 25.012
550.202 24.996
550.399 24.998
550.595 25.061
550.792 25.078
550.989 25.077
551.186 25.077
551.382 25.101
551.579 25.156
551.776 25.163
551.973 25.147
552.169 25.138
552.366 25.108
552.563 25.107
552.760 25.058
552.956 25.051
553.153 25.077
553.350 25.092
553.547 25.100
553.743 25.082
553.940 25.103
554.137 25.092
554.334 25.084
554.530 25.078
554.727 25.004
554.924 24.980
555.121 24.982
555.317 25.003
555.514 25.009
555.711 24.983
555.908 25.005
556.104 25.043
556.301 25.058
556.498 25.103
556.695 25.105
556.891 25.122
557.088 25.109
557.285 25.146
557.482 25.224
557.678 25.267
557.875 25.287
558.072 25.268
558.269 25.273
558.465 25.322
558.662 25.343
558.859 25.371
559.056 25.401
559.252 25.402
559.449 25.399
559.646 25.423
559.843 25.458
560.039 25.483
560.236 25.471
560.433 25.461
560.630 25.442
560.826 25.442
561.023 25.450
561.220 25.481
561.417 25.480
561.613 25.418
561.810 25.385
562.007 25.377
562.204 25.390
562.400 25.429
562.597 25.395
562.794 25.410
562.991 25.436
563.187 25.442
563.384 25.464
563.581 25.479
563.778 25.521
563.974 25.557
564.171 25.548
564.368 25.579
564.565 25.647
564.761 25.710
564.958 25.751
565.155 25.791
565.352 25.815
565.548 25.806
565.745 25.840
565.942 25.852
566.139 25.881
566.335 25.888
566.532 25.853
566.729 25.857
566.926 25.882
567.122 25.922
567.319 25.908
567.516 25.903
567.713 25.932
567.909 25.918
568.106 25.888
568.303 25.888
568.500 25.875
568.696 25.844
568.893 25.777
569.090 25.753
569.287 25.719
569.483 25.728
569.680 25.772
569.877 25.830
570.074 25.900
570.270 25.913
570.467 25.930
570.664 25.963
570.861 25.999
571.057 25.977
571.254 25.955
571.451 25.993
571.648 26.026
571.844 26.036
572.041 26.026
572.238 26.021
572.435 26.031
572.631 26.053
572.828 26.055
573.025 26.116
573.222 26.145
573.418 26.155
573.615 26.145
573.812 26.147
574.009 26.134
574.205 26.098
574.402 26.098
574.599 26.112
574.796 26.096
574.992 26.073
575.189 26.057
575.386 26.027
575.583 26.019
575.779 26.015
575.976 25.992
576.173 25.980
576.370 26.001
576.567 26.035
576.763 26.036
576.960 26.048
577.160 26.058
577.359 26.067
577.559 26.087
577.759 26.113
577.958 26.103
578.158 26.053
578.357 26.063
578.557 26.093
578.757 26.103
578.956 26.118
579.156 26.153
579.356 26.182
579.555 26.205
579.755 26.207
579.954 26.196
580.154 26.208
580.354 26.215
580.553 26.201
580.753 26.166
580.953 26.168
581.152 26.177
581.352 26.191
581.552 26.201
581.751 26.209
581.951 26.192
582.150 26.201
582.350 26.224
582.550 26.260
582.749 26.276
582.949 26.310
583.149 26.340
583.348 26.328
583.548 26.351
583.748 26.433
583.947 26.439
584.147 26.438
584.346 26.431
584.546 26.464
584.746 26.468
584.945 26.460
585.145 26.460
585.345 26.471
585.544 26.458
585.744 26.455
585.943 26.456
586.143 26.447
586.343 26.436
586.542 26.482
586.742 26.491
586.942 26.478
587.141 26.450
587.341 26.442
587.541 26.477
587.740 26.448
587.940 26.376
588.139 26.402
588.339 26.446
588.539 26.490
588.738 26.510
588.938 26.554
589.138 26.611
589.337 26.615
589.537 26.617
589.736 26.625
589.936 26.631
590.136 26.636
590.335 26.671
590.535 26.687
590.735 26.655
590.934 26.633
591.134 26.633
591.334 26.649
591.533 26.635
591.733 26.611
591.932 26.630
592.132 26.648
592.332 26.649
592.531 26.644
592.731 26.609
592.931 26.579
593.130 26.552
593.330 26.535
593.530 26.563
593.729 26.549
593.929 26.543
594.128 26.548
594.328 26.575
594.528 26.588
594.727 26.623
594.927 26.684
595.127 26.733
595.326 26.737
595.526 26.731
595.725 26.728
595.925 26.754
596.125 26.762
596.324 26.767
596.524 26.771
596.724 26.779
596.923 26.805
597.123 26.817
597.323 26.833
597.522 26.828
597.722 26.825
597.921 26.872
598.121 26.910
598.321 26.908
598.520 26.896
598.720 26.908
598.920 26.886
599.119 26.850
599.319 26.820
599.519 26.825
599.718 26.837
599.918 26.859
600.117 26.848
600.317 26.867
600.517 26.880
600.716 26.878
600.916 26.861
601.116 26.851
601.315 26.872
601.515 26.902
601.714 26.934
601.914 26.925
602.114 26.890
602.313 26.855
602.513 26.884
602.713 26.898
602.912 26.872
603.112 26.870
603.312 26.848
603.511 26.838
603.711 26.851
603.910 26.855
604.110 26.862
604.310 26.881
604.509 26.905
604.709 26.929
604.909 26.938
605.108 26.977
605.308 26.982
605.507 26.984
605.707 26.985
605.907 26.980
606.106 26.980
606.306 26.984
606.506 26.986
606.705 27.009
606.905 27.036
607.105 27.046
607.304 27.047
607.504 27.089
607.703 27.099
607.903 27.081
608.103 27.035
608.302 27.028
608.502 27.035
608.702 27.016
608.901 26.992
609.101 26.988
609.301 26.961
609.500 26.986
609.700 26.979
609.899 26.954
610.099 26.957
610.299 26.979
610.498 26.993
610.698 26.988
610.898 26.943
611.097 26.918
611.297 26.953
611.496 26.993
611.696 27.004
611.896 26.994
612.095 26.984
612.295 27.005
612.495 27.009
612.694 27.017
612.894 27.033
613.094 27.037
613.293 27.049
613.493 27.057
613.692 27.020
613.892 26.992
614.092 27.011
614.291 27.008
614.491 27.009
614.691 27.029
614.890 27.067
615.090 27.109
615.289 27.128
615.489 27.101
615.689 27.076
615.888 27.048
616.088 27.081
616.288 27.136
616.487 27.154
616.687 27.143
616.887 27.126
617.086 27.089
617.286 27.085
617.485 27.089
617.685 27.073
617.885 27.125
618.084 27.176
618.284 27.157
618.484 27.175
618.683 27.226
618.883 27.233
619.082 27.231
619.282 27.230
619.482 27.225
619.681 27.243
619.881 27.255
620.081 27.252
620.280 27.201
620.480 27.151
620.680 27.160
620.879 27.193
621.079 27.231
621.278 27.274
621.478 27.279
621.678 27.249
621.877 27.265
622.077 27.232
622.277 27.225
622.476 27.248
622.676 27.237
622.876 27.189
623.075 27.185
623.275 27.195
623.474 27.181
623.674 27.178
623.874 27.216
624.073 27.237
624.273 27.279
624.473 27.300
624.672 27.312
624.872 27.329
625.071 27.322
625.271 27.299
625.471 27.293
625.670 27.318
625.870 27.395
626.070 27.415
626.269 27.417
626.469 27.429
626.669 27.420
626.868 27.413
627.068 27.398
627.267 27.381
627.467 27.365
627.667 27.347
627.866 27.327
628.066 27.269
628.266 27.220
628.465 27.198
628.665 27.233
628.865 27.257
629.064 27.259
629.264 27.259
629.463 27.269
629.663 27.266
629.863 27.255
630.062 27.213
630.262 27.177
630.462 27.170
630.661 27.131
630.861 27.289
631.060 27.597
631.260 27.651
631.460 27.697
631.659 27.708
631.859 27.707
632.059 27.740
632.258 27.796
632.458 27.841
632.658 27.828
632.857 27.810
633.057 27.808
633.256 27.795
633.456 27.807
633.656 27.795
633.855 27.785
634.055 27.784
634.255 27.796
634.454 27.824
634.654 27.854
634.853 27.892
635.053 27.755
635.253 27.481
635.452 27.469
635.652 27.428
635.852 27.403
636.051 27.406
636.251 27.414
636.451 27.431
636.650 27.445
636.850 27.505
637.049 27.510
637.249 27.498
637.449 27.500
637.648 27.483
637.848 27.460
638.048 27.472
638.247 27.494
638.447 27.487
638.647 27.508
638.846 27.514
639.046 27.481
639.245 27.465
639.445 27.456
639.645 27.427
639.844 27.407
640.044 27.412
640.244 27.457
640.443 27.491
640.643 27.457
640.842 27.413
641.042 27.375
641.242 27.421
641.441 27.465
641.641 27.486
641.841 27.452
642.040 27.445
642.240 27.438
642.440 27.428
642.639 27.445
642.839 27.438
643.038 27.431
643.238 27.467
643.438 27.515
643.637 27.557
643.837 27.575
644.037 27.619
644.236 27.673
644.436 27.680
644.635 27.638
644.835 27.636
645.035 27.674
645.234 27.669
645.434 27.634
645.634 27.576
645.833 27.572
646.033 27.655
646.233 27.718
646.432 27.768
646.632 27.809
646.831 27.799
647.031 27.811
647.231 27.833
647.430 27.820
647.630 27.762
647.830 27.714
648.029 27.719
648.229 27.680
648.429 27.619
648.628 27.583
648.828 27.611
649.027 27.610
649.227 27.588
649.427 27.613
649.626 27.640
649.826 27.679
650.026 27.659
650.225 27.620
650.425 27.600
650.624 27.583
650.824 27.548
651.024 27.541
651.223 27.518
651.423 27.511
651.623 27.553
651.822 27.623
652.022 27.661
652.222 27.683
652.421 27.710
652.621 27.762
652.820 27.813
653.020 27.803
653.220 27.785
653.419 27.806
653.619 27.804
653.819 27.784
654.018 27.793
654.218 27.828
654.418 27.869
654.617 27.886
654.817 27.888
655.016 27.898
655.216 27.925
655.416 27.952
655.615 27.951
655.815 27.915
656.015 27.900
656.214 27.935
656.414 27.959
656.613 27.953
656.813 27.958
657.013 27.969
657.212 27.954
657.412 27.987
657.612 28.003
657.811 28.007
658.011 28.009
658.211 28.013
658.410 28.037
658.610 28.034
658.809 28.048
659.009 28.035
659.209 28.020
659.408 28.003
659.608 28.010
659.808 28.013
660.007 28.024
660.207 28.029
660.406 28.000
660.606 27.962
660.806 27.982
661.005 27.990
661.205 27.941
661.405 27.956
661.604 27.977
661.804 27.976
662.004 27.969
662.203 27.976
662.403 27.966
662.602 27.944
662.802 27.959
663.002 27.949
663.201 27.967
663.401 27.991
663.601 28.022
663.800 28.036
664.000 28.047
664.199 28.095
664.399 28.101
664.599 28.072
664.798 28.056
664.998 28.078
665.198 28.058
665.397 28.075
665.597 28.113
665.797 28.128
665.996 28.141
666.196 28.126
666.395 28.084
666.595 28.072
666.795 28.097
666.994 28.107
667.194 28.106
667.394 28.091
667.593 28.087
667.793 28.100
667.993 28.127
668.192 28.145
668.392 28.102
668.591 28.058
668.791 28.058
668.991 28.135
669.190 28.124
669.390 28.129
669.590 28.136
669.789 28.086
669.989 28.061
670.188 28.017
670.388 28.010
670.588 28.054
670.787 28.082
670.987 28.067
671.187 28.048
671.386 28.089
671.586 28.112
671.786 28.125
671.985 28.082
672.185 28.013
672.384 28.009
672.584 28.028
672.784 28.065
672.983 28.089
673.183 28.038
673.383 28.019
673.582 28.006
673.782 28.029
673.981 28.065
674.181 28.041
674.381 28.050
674.580 28.077
674.780 28.059
674.980 28.025
675.179 28.014
675.379 28.032
675.579 27.993
675.778 27.971
675.978 27.953
676.177 27.973
676.377 27.987
676.577 27.992
676.776 27.984
676.976 27.962
677.176 27.967
677.375 27.994
677.575 28.027
677.775 28.062
677.974 28.030
678.174 28.021
678.373 28.032
678.573 28.056
678.773 28.069
678.972 28.102
679.172 28.121
679.372 28.142
679.571 28.140
679.771 28.149
679.970 28.157
680.170 28.151
680.370 28.127
680.569 28.134
680.769 28.120
680.969 28.136
681.168 28.180
681.368 28.197
681.568 28.173
681.767 28.152
681.967 28.136
682.166 28.171
682.366 28.185
682.566 28.193
682.765 28.194
682.965 28.200
683.165 28.204
683.364 28.237
683.564 28.238
683.764 28.229
683.963 28.209
684.163 28.178
684.362 28.195
684.562 28.251
684.762 28.271
684.961 28.288
685.161 28.291
685.361 28.242
685.560 28.198
685.760 28.180
685.959 28.166
686.159 28.176
686.359 28.152
686.558 28.117
686.758 28.114
686.958 28.121
687.157 28.128
687.357 28.157
687.557 28.195
687.756 28.176
687.956 28.164
688.155 28.178
688.355 28.241
688.555 28.242
688.754 28.234
688.954 28.269
689.154 28.264
689.353 28.272
689.553 28.316
689.752 28.315
689.952 28.333
690.152 28.358
690.351 28.347
690.551 28.317
690.751 28.294
690.950 28.273
691.150 28.279
691.350 28.280
691.549 28.267
691.749 28.205
691.948 28.235
692.148 28.288
692.348 28.270
692.547 28.240
692.747 28.252
692.947 28.263
693.146 28.242
693.346 28.228
693.546 28.213
693.745 28.211
693.945 28.252
694.144 28.278
694.344 28.315
694.544 28.354
694.743 28.404
694.943 28.446
695.143 28.502
695.342 28.534
695.542 28.541
695.741 28.513
695.941 28.525
696.141 28.551
696.340 28.570
696.540 28.594
696.745 28.630
696.951 28.640
697.156 28.627
697.362 28.591
697.567 28.611
697.772 28.649
697.978 28.629
698.183 28.621
698.389 28.640
698.594 28.632
698.799 28.613
699.005 28.626
699.210 28.645
699.416 28.618
699.621 28.550
699.826 28.534
700.032 28.573
700.237 28.580
700.443 28.509
700.648 28.472
700.853 28.507
701.059 28.539
701.264 28.509
701.470 28.506
701.675 28.580
701.880 28.633
702.086 28.637
702.291 28.631
702.497 28.607
702.702 28.593
702.907 28.593
703.113 28.588
703.318 28.546
703.524 28.515
703.729 28.530
703.934 28.562
704.140 28.550
704.345 28.534
704.551 28.531
704.756 28.536
704.961 28.527
705.167 28.510
705.372 28.443
705.578 28.475
705.783 28.464
705.988 28.407
706.194 28.334
706.399 28.325
706.605 28.349
706.810 28.396
707.015 28.422
707.221 28.378
707.426 28.371
707.632 28.374
707.837 28.366
708.042 28.357
708.248 28.349
708.453 28.363
708.659 28.338
708.864 28.355
709.069 28.405
709.275 28.413
709.480 28.386
709.686 28.383
709.891 28.369
710.096 28.418
710.302 28.438
710.507 28.440
710.713 28.400
710.918 28.392
711.123 28.383
711.329 28.314
711.534 28.341
711.740 28.371
711.945 28.426
712.150 28.464
712.356 28.493
712.561 28.528
712.766 28.548
712.972 28.536
713.177 28.500
713.383 28.470
713.588 28.437
713.793 28.455
713.999 28.467
714.204 28.457
714.410 28.389
714.615 28.402
714.820 28.446
715.026 28.461
715.231 28.476
715.437 28.480
715.642 28.541
715.847 28.578
716.053 28.565
716.258 28.580
716.464 28.615
716.669 28.643
716.874 28.653
717.080 28.702
717.285 28.847
717.491 28.891
717.696 28.910
717.901 28.908
718.107 28.906
718.312 28.933
718.518 28.972
718.723 29.008
718.928 29.030
719.134 29.014
719.339 29.009
719.545 29.004
719.750 28.997
719.955 28.975
720.161 28.936
720.366 28.906
720.572 28.868
720.777 28.841
720.982 28.753
721.188 28.706
721.393 28.652
721.599 28.569
721.804 28.604
722.009 28.637
722.215 28.691
722.420 28.719
722.626 28.747
722.831 28.748
723.036 28.734
723.242 28.710
723.447 28.722
723.653 28.736
723.858 28.730
724.063 28.767
724.269 28.821
724.474 28.872
724.680 28.962
724.885 28.998
725.090 28.949
725.296 28.971
725.501 28.974
725.707 28.960
725.912 28.936
726.117 28.882
726.323 28.864
726.528 28.843
726.734 28.829
726.939 28.833
727.144 28.860
727.350 28.913
727.555 28.931
727.761 28.975
727.966 28.985
728.171 29.032
728.377 29.063
728.582 28.975
728.788 28.902
728.993 28.845
729.198 28.821
729.404 28.878
729.609 28.937
729.815 28.956
730.020 28.947
730.225 28.955
730.431 28.959
730.636 28.920
730.842 28.918
731.047 28.886
731.252 28.822
731.458 28.803
731.663 28.846
731.869 28.840
732.074 28.800
732.279 28.802
732.485 28.803
732.690 28.756
732.896 28.796
733.101 28.857
733.306 28.888
733.512 28.882
733.717 28.879
733.923 28.821
734.128 28.831
734.333 28.882
734.539 28.895
734.744 28.861
734.950 28.849
735.155 28.856
735.360 28.955
735.566 29.023
735.771 29.040
735.977 28.968
736.182 28.949
736.387 28.980
736.593 29.022
736.798 29.069
737.004 29.057
737.209 29.069
737.414 29.066
737.620 29.086
737.825 29.105
738.031 29.110
738.236 29.129
738.441 29.105
738.647 29.082
738.852 29.085
739.058 29.170
739.263 29.234
739.468 29.261
739.674 29.229
739.879 29.214
740.085 29.221
740.290 29.208
740.495 29.193
740.701 29.163
740.906 29.131
741.112 29.095
741.317 29.099
741.522 29.080
741.728 29.060
741.933 29.067
742.139 29.101
742.344 29.127
742.549 29.111
742.755 29.131
742.960 29.143
743.166 29.116
743.371 29.084
743.576 29.105
743.782 29.091
743.987 29.086
744.193 29.074
744.398 29.019
744.603 29.026
744.809 29.062
745.014 29.062
745.220 29.042
745.425 28.946
745.630 28.920
745.836 28.938
746.041 28.937
746.246 28.921
746.452 28.912
746.657 28.894
746.863 28.949
747.068 29.019
747.274 29.088
747.479 29.156
747.684 29.172
747.890 29.157
748.095 29.139
748.300 29.146
748.506 29.170
748.711 29.197
748.917 29.189
749.122 29.158
749.327 29.144
749.533 29.143
749.738 29.175
749.944 29.189
750.149 29.167
750.354 29.169
750.560 29.183
750.765 29.177
750.971 29.218
751.176 29.203
751.381 29.171
751.587 29.093
751.792 29.048
751.998 29.018
752.203 28.981
752.408 29.018
752.614 29.005
752.819 29.012
753.025 29.049
753.230 29.086
753.435 29.139
753.641 29.174
753.846 29.251
754.052 29.322
754.257 29.303
754.462 29.324
754.668 29.348
754.873 29.330
755.079 29.296
755.284 29.278
755.489 29.321
755.695 29.262
755.900 29.299
756.106 29.324
756.311 29.366
756.516 29.327
756.722 29.286
756.927 29.265
757.133 29.260
757.338 29.237
757.543 29.238
757.749 29.207
757.954 29.150
758.160 29.069
758.365 29.034
758.570 29.090
758.776 29.080
758.981 29.089
759.187 29.102
759.392 29.160
759.597 29.139
759.803 29.058
760.008 29.105
760.214 29.115
760.419 29.073
760.624 29.032
760.830 29.169
761.035 29.214
761.241 29.201
761.446 29.162
761.651 29.138
761.857 29.176
762.062 29.175
762.268 29.171
762.473 29.169
762.678 29.178
762.884 29.207
763.089 29.237
763.295 29.267
763.500 29.350
763.709 29.365
763.918 29.366
764.126 29.381
764.335 29.382
764.544 29.400
764.753 29.407
764.962 29.462
765.171 29.441
765.379 29.391
765.588 29.441
765.797 29.490
766.006 29.532
766.215 29.532
766.424 29.574
766.632 29.602
766.841 29.653
767.050 29.651
767.259 29.606
767.468 29.638
767.677 29.602
767.885 29.505
768.094 29.481
768.303 29.501
768.512 29.517
768.721 29.546
768.929 29.509
769.138 29.572
769.347 29.613
769.556 29.602
769.765 29.651
769.974 29.632
770.182 29.596
770.391 29.573
770.600 29.559
770.809 29.565
771.018 29.619
771.227 29.621
771.435 29.640
771.644 29.665
771.853 29.678
772.062 29.728
772.271 29.753
772.480 29.743
772.688 29.732
772.897 29.748
773.106 29.711
773.315 29.742
773.524 29.770
773.732 29.785
773.941 29.777
774.150 29.740
774.359 29.714
774.568 29.706
774.777 29.676
774.985 29.654
775.194 29.615
775.403 29.586
775.612 29.569
775.821 29.638
776.030 29.726
776.238 29.682
776.447 29.654
776.656 29.706
776.865 29.727
777.074 29.742
777.283 29.790
777.491 29.823
777.700 29.763
777.909 29.678
778.118 29.552
778.327 29.536
778.535 29.627
778.744 29.700
778.953 29.726
779.162 29.740
779.371 29.766
779.580 29.849
779.788 29.963
779.997 29.998
780.206 29.876
780.415 29.771
780.624 29.770
780.833 29.763
781.041 29.703
781.250 29.683
781.459 29.701
781.668 29.735
781.877 29.746
782.086 29.815
782.294 29.815
782.503 29.893
782.712 29.942
782.921 29.931
783.130 29.900
783.338 29.944
783.547 30.013
783.756 29.991
783.965 29.941
784.174 29.909
784.383 29.991
784.591 30.078
784.800 30.136
785.009 30.144
785.218 30.162
785.427 30.215
785.636 30.228
785.844 30.193
786.053 30.130
786.262 30.145
786.471 30.153
786.680 30.238
786.889 30.249
787.097 30.216
787.306 30.212
787.515 30.161
787.724 30.092
787.933 30.062
788.141 30.105
788.350 30.053
788.559 29.983
788.768 29.953
788.977 29.932
789.186 29.896
789.394 29.936
789.603 29.914
789.812 29.844
790.021 29.853
790.230 29.939
790.439 30.088
790.647 30.040
790.856 30.002
791.065 29.960
791.274 29.997
791.483 30.043
791.692 30.061
791.900 30.152
792.109 30.173
792.318 30.199
792.527 30.234
792.736 30.363
792.944 30.414
793.153 30.427
793.362 30.453
793.571 30.436
793.780 30.458
793.989 30.514
794.197 30.564
794.406 30.604
794.615 30.565
794.824 30.419
795.033 30.420
795.242 30.447
795.450 30.473
795.659 30.451
795.868 30.401
796.077 30.398
796.286 30.453
796.495 30.484
796.703 30.495
796.912 30.487
797.121 30.479
797.330 30.466
797.539 30.429
797.747 30.534
797.956 30.607
798.165 30.557
798.374 30.550
798.583 30.562
798.792 30.516
799.000 30.578
799.209 30.678
799.418 30.815
799.627 30.918
799.836 30.922
800.045 30.970
800.253 31.090
800.462 31.164
800.671 31.103
800.880 31.158
801.089 31.206
801.298 31.193
801.506 31.152
801.715 31.242
801.924 31.341
802.133 31.299
802.342 31.299
802.550 31.308
802.759 31.388
802.968 31.446
803.177 31.449
803.386 31.346
803.595 31.251
803.803 31.186
804.012 31.105
804.221 31.142
804.430 31.153
804.639 31.204
804.848 31.139
805.056 31.153
805.265 31.147
805.474 31.157
805.683 31.130
805.892 31.130
806.101 31.165
806.309 31.099
806.518 30.997
806.727 30.975
806.936 31.060
807.145 30.999
807.353 30.924
807.562 30.928
807.771 30.996
807.980 30.989
808.189 30.922
808.398 30.935
808.606 31.037
808.815 31.143
809.024 31.080
809.233 31.123
809.442 31.141
809.651 31.059
809.859 30.960
810.068 30.994
810.277 31.082
810.486 30.980
810.695 30.954
810.904 31.054
811.112 31.091
811.321 31.116
811.530 31.178
811.741 31.258
811.953 31.345
812.164 31.370
812.375 31.404
812.586 31.442
812.798 31.435
813.009 31.386
813.220 31.364
813.431 31.394
813.643 31.462
813.854 31.583
814.065 31.659
814.276 31.732
814.488 31.790
814.699 31.735
814.910 31.835
815.121 31.846
815.333 31.731
815.544 31.729
815.755 31.662
815.966 31.624
816.178 31.684
816.389 31.659
816.600 31.615
816.811 31.664
817.023 31.726
817.234 31.796
817.445 31.772
817.656 31.783
817.868 31.915
818.079 31.902
818.290 31.850
818.502 31.885
818.713 31.922
818.924 31.880
819.135 31.885
819.347 31.811
819.558 31.798
819.769 31.998
819.980 32.053
820.192 32.105
820.403 32.132
820.614 32.130
820.825 32.227
821.037 32.306
821.248 32.421
821.459 32.478
821.670 32.494
821.882 32.438
822.093 32.343
822.304 32.232
822.515 32.223
822.727 32.230
822.938 32.253
823.149 32.268
823.360 32.303
823.572 32.446
823.783 32.586
823.994 32.716
824.205 32.603
824.417 32.544
824.628 32.572
824.839 32.568
825.051 32.520
825.262 32.466
825.473 32.511
825.684 32.485
825.896 32.418
826.107 32.333
826.318 32.411
826.529 32.506
826.741 32.470
826.952 32.413
827.163 32.466
827.374 32.533
827.586 32.554
827.797 32.659
828.008 32.690
828.219 32.674
828.431 32.706
828.642 32.891
828.853 33.100
829.064 33.128
829.276 33.172
829.487 33.144
829.698 33.100
829.909 33.119
830.121 33.179
830.332 33.275
830.543 33.298
830.754 33.342
830.966 33.332
831.177 33.342
831.388 33.407
831.600 33.325
831.811 33.321
832.022 33.549
832.233 33.699
832.445 33.565
832.656 33.526
832.867 33.514
833.078 33.433
833.290 33.295
833.501 33.376
833.712 33.460
833.923 33.517
834.135 33.567
834.346 33.520
834.557 33.397
834.768 33.462
834.980 33.729
835.191 33.758
835.402 33.796
835.613 33.884
835.825 34.062
836.036 34.142
836.247 34.207
836.458 34.203
836.670 34.072
836.881 34.174
837.092 34.176
837.303 34.186
837.515 34.327
837.726 34.375
837.937 34.309
838.148 34.348
838.360 34.461
838.571 34.502
838.782 34.499
838.994 34.527
839.205 34.388
839.416 34.189
839.627 34.211
839.839 34.235
840.050 34.252
840.261 34.166
840.472 34.224
840.684 34.169
840.895 34.020
841.106 33.938
841.317 33.891
841.529 33.984
841.740 33.929
841.951 33.736
842.162 33.820
842.374 34.013
842.585 34.009
842.796 33.931
843.007 34.038
843.219 34.234
843.430 34.332
843.641 34.367
843.852 34.359
844.064 34.352
844.275 34.335
844.486 34.368
844.697 34.429
844.909 34.433
845.120 34.500
845.331 34.516
845.543 34.658
845.754 34.701
845.965 34.614
846.176 34.703
846.388 34.867
846.599 34.874
846.810 34.877
847.021 34.832
847.233 35.008
847.444 35.117
847.655 35.220
847.866 35.219
848.078 35.338
848.289 35.554
848.500 35.575
848.711 35.669
848.923 35.787
849.134 35.719
849.345 35.658
849.556 35.577
849.768 35.590
849.979 35.576
850.190 35.657
850.401 35.817
850.613 35.997
850.824 36.013
851.035 36.000
851.246 35.891
851.458 36.036
851.669 35.996
851.880 35.712
852.092 35.568
852.303 35.699
852.514 35.949
852.725 36.132
852.937 36.194
853.148 36.218
853.359 36.136
853.570 36.215
853.782 36.388
853.993 36.536
854.204 36.532
854.415 36.511
854.627 36.532
854.838 36.544
855.049 36.580
855.260 36.675
855.472 36.569
855.683 36.556
855.894 36.638
856.105 36.724
856.317 36.851
856.528 36.843
856.739 36.671
856.950 36.503
857.162 36.227
857.373 36.179
857.584 36.092
857.795 36.066
858.007 36.052
858.218 35.910
858.429 36.219
858.640 36.767
858.852 36.619
859.063 36.582
859.274 36.659
859.486 36.391
859.697 36.136
859.908 36.451
860.119 36.709
860.331 36.632
860.542 36.696
860.753 36.945
860.964 37.118
861.176 37.302
861.387 37.285
861.598 37.395
861.809 37.487
862.021 37.461
862.232 37.483
862.443 37.546
862.654 37.719
862.866 37.490
863.077 37.142
863.288 37.540
863.499 37.847
863.711 37.985
863.922 38.230
864.133 38.553
864.344 38.299
864.556 37.971
864.767 37.791
864.978 37.532
865.189 37.482
865.401 37.492
865.612 37.478
865.823 37.434
866.035 37.332
866.246 37.289
866.457 37.584
866.668 37.803
866.880 37.887
867.091 37.928
867.302 37.842
867.513 37.847
867.725 37.868
867.936 37.909
868.147 37.800
868.358 37.851
868.570 37.826
868.781 38.095
868.992 38.389
869.203 38.651
869.415 38.922
869.626 39.120
869.837 39.073
870.048 39.176
870.260 39.298
870.471 39.523
870.682 39.550
870.893 39.337
871.105 39.382
871.316 39.492
871.527 39.420
871.738 39.685
871.950 39.935
872.161 39.867
872.372 39.665
872.584 39.511
872.795 39.347
873.006 39.224
873.217 39.185
873.429 39.216
873.640 39.181
873.851 38.991
874.062 38.722
874.274 38.597
874.485 38.597
874.696 38.738
874.907 38.638
875.119 38.719
875.330 38.789
875.541 38.610
875.752 38.330
875.964 38.355
876.175 38.223
876.386 37.955
876.597 37.985
876.809 38.149
877.020 38.472
877.231 38.597
877.442 38.688
877.654 38.725
877.865 38.688
878.076 38.620
878.287 38.518
878.499 38.421
878.710 38.586
878.921 38.484
879.133 38.269
879.344 38.472
879.555 38.715
879.766 38.929
879.978 38.946
880.189 39.177
880.400 39.370
880.611 39.478
880.823 39.692
881.034 39.797
881.245 39.771
881.456 39.522
881.668 39.287
881.879 39.274
882.090 39.430
882.301 39.458
882.513 39.313
882.724 39.528
882.935 39.620
883.146 39.521
883.358 39.783
883.569 39.831
883.780 39.689
883.991 39.638
884.203 39.532
884.414 39.636
884.625 39.579
884.836 39.279
885.048 39.227
885.259 39.307
885.470 39.358
885.682 39.331
885.893 39.409
886.104 39.805
886.315 39.951
886.527 39.816
886.738 39.868
886.949 40.084
887.160 40.145
887.372 40.144
887.583 40.304
887.794 40.176
888.005 40.300
888.217 40.241
888.428 40.058
888.639 40.155
888.850 40.174
889.062 40.183
889.273 40.356
889.484 40.256
889.695 39.960
889.907 39.899
890.118 39.864
890.329 39.959
890.540 39.984
890.752 40.093
890.963 40.165
891.174 40.241
891.385 40.581
891.597 40.657
891.808 40.776
892.019 40.766
892.231 40.786
892.442 40.824
892.653 41.003
892.864 40.987
893.076 41.350
893.287 42.113
893.498 42.115
893.709 42.210
893.921 42.239
894.132 42.365
894.343 42.323
894.554 42.328
894.766 42.628
894.977 42.827
895.188 42.747
895.399 42.678
895.611 42.422
895.822 42.163
896.033 42.213
896.244 42.181
896.456 42.328
896.667 42.487
896.878 42.649
897.089 42.769
897.301 42.830
897.512 42.425
897.723 41.843
897.934 41.988
898.146 42.169
898.357 42.227
898.568 42.190
898.779 42.270
898.991 42.475
899.202 42.346
899.413 42.091
899.625 42.069
899.836 42.382
900.047 42.938
900.258 42.957
900.470 42.985
900.681 43.208
900.892 43.294
901.103 43.353
901.315 43.377
901.526 43.326
901.737 43.426
901.948 43.485
902.160 43.270
902.371 43.120
902.582 42.790
902.793 42.832
903.005 42.935
903.216 43.110
903.427 43.127
903.638 42.945
903.850 43.082
904.061 43.402
904.272 43.394
904.483 42.869
904.695 42.827
904.906 42.903
905.117 42.804
905.328 42.429
905.540 42.225
905.751 41.798
905.962 41.773
906.174 42.030
906.385 41.752
906.596 41.663
906.807 41.969
907.019 42.452
907.230 42.728
907.441 42.990
907.652 43.094
907.864 43.207
908.075 43.186
908.286 42.701
908.497 42.259
908.709 41.996
908.920 42.350
909.131 42.585
909.342 42.717
909.554 42.990
909.765 43.493
909.976 43.575
910.187 43.925
910.399 43.983
910.610 43.911
910.821 44.359
911.032 44.675
911.244 44.423
911.455 43.968
911.666 43.956
911.877 44.204
912.089 44.223
912.300 44.168
912.515 44.350
912.730 44.820
912.944 45.108
913.159 45.644
913.374 45.962
913.589 46.078
913.803 46.187
914.018 46.080
914.233 45.670
914.448 45.902
914.663 46.055
914.877 46.432
915.092 46.582
915.307 46.633
915.522 46.771
915.736 47.191
915.951 47.399
916.166 47.411
916.381 46.978
916.596 46.799
916.810 47.284
917.025 47.586
917.240 47.731
917.455 47.677
917.669 46.971
917.884 46.194
918.099 45.949
918.314 45.961
918.529 46.508
918.743 47.410
918.958 47.624
919.173 47.574
919.388 47.397
919.602 47.426
919.817 47.658
920.032 48.031
920.247 48.472
920.462 49.269
920.676 49.526
920.891 49.628
921.106 49.619
921.321 49.124
921.535 48.946
921.750 48.982
921.965 49.392
922.180 49.952
922.395 50.421
922.609 50.842
922.824 50.894
923.039 50.611
923.254 49.897
923.469 49.766
923.683 49.899
923.898 49.480
924.113 49.118
924.328 49.068
924.542 49.019
924.757 48.309
924.972 47.867
925.187 47.612
925.402 47.711
925.616 47.929
925.831 48.394
926.046 48.425
926.261 48.716
926.475 48.787
926.690 49.072
926.905 49.863
927.120 50.218
927.335 50.227
927.549 50.531
927.764 51.023
927.979 50.944
928.194 51.116
928.408 51.567
928.623 51.835
928.838 52.216
929.053 52.792
929.268 53.190
929.482 52.772
929.697 52.853
929.912 53.241
930.127 53.320
930.341 53.753
930.556 54.616
930.771 54.734
930.986 54.755
931.201 54.405
931.415 53.861
931.630 53.937
931.845 54.616
932.060 54.685
932.274 55.174
932.489 55.491
932.704 55.768
932.919 56.149
933.134 56.081
933.348 56.024
933.563 55.398
933.778 55.383
933.993 56.485
934.207 56.922
934.422 56.683
934.637 56.842
934.852 56.133
935.067 55.415
935.281 55.334
935.496 56.004
935.711 56.773
935.926 57.051
936.140 57.468
936.355 57.713
936.570 57.878
936.785 57.436
937.000 57.271
937.214 57.559
937.429 58.201
937.644 59.176
937.859 59.366
938.073 59.369
938.288 59.578
938.503 59.598
938.718 60.025
938.933 61.411
939.147 62.906
939.362 63.835
939.577 64.662
939.792 64.676
940.007 64.178
940.221 63.877
940.436 63.940
940.651 63.573
940.866 63.802
941.080 63.917
941.295 64.330
941.510 64.660
941.725 64.438
941.940 64.565
942.154 64.586
942.369 64.856
942.584 65.657
942.799 66.435
943.013 66.799
943.228 66.685
943.443 66.268
943.658 65.017
943.873 65.073
944.087 65.389
944.302 65.858
944.517 65.994
944.732 66.161
944.946 65.523
945.161 65.963
945.376 65.327
945.591 65.650
945.806 66.067
946.020 66.970
946.235 68.478
946.450 68.374
946.665 68.045
946.879 67.786
947.094 67.456
947.309 66.923
947.524 67.178
947.739 67.183
947.953 66.296
948.168 66.407
948.383 65.883
948.598 65.187
948.812 65.728
949.027 64.889
949.242 64.008
949.457 65.494
949.672 65.943
949.886 65.702
950.101 65.320
950.316 65.495
950.531 65.365
950.745 64.483
950.960 65.115
951.175 66.094
951.390 66.981
951.605 67.463
951.819 68.577
952.034 69.802
952.249 71.132
952.464 71.153
952.678 71.363
952.893 71.776
953.108 71.041
953.323 69.795
953.538 70.772
953.752 71.304
953.967 70.081
954.182 69.019
954.397 69.988
954.611 70.451
954.826 69.552
955.041 69.357
955.256 69.307
955.471 68.105
955.685 67.361
955.900 66.913
956.115 70.589
956.330 76.760
956.544 75.074
956.759 73.357
956.974 73.932
957.189 74.127
957.404 74.073
957.618 75.113
957.833 75.576
958.048 75.426
958.263 75.824
958.478 76.634
958.692 77.105
958.907 76.800
959.122 76.322
959.337 76.536
959.551 76.247
959.766 75.568
959.981 76.380
960.196 76.563
960.411 76.071
960.625 71.508
960.840 63.839
961.055 62.873
961.270 63.254
961.484 63.039
961.699 63.031
961.914 63.217
962.129 63.791
962.344 65.821
962.558 67.532
962.773 68.026
962.988 69.193
963.203 70.814
963.417 71.218
963.632 71.971
963.847 72.533
964.062 72.907
964.277 73.310
964.491 72.156
964.706 72.369
964.921 73.002
965.136 73.312
965.350 74.062
965.565 74.946
965.780 74.778
965.987 75.016
966.194 75.965
966.402 76.267
966.609 75.674
966.816 74.221
967.023 72.314
967.231 72.295
967.438 71.513
967.645 69.773
967.852 68.941
968.059 68.587
968.267 69.075
968.474 70.705
968.681 71.289
968.888 72.656
969.096 72.342
969.303 71.696
969.510 72.753
969.717 73.549
969.925 74.741
970.132 74.595
970.339 73.962
970.546 72.436
970.753 71.939
970.961 72.932
971.168 72.993
971.375 73.540
971.582 72.530
971.790 71.645
971.997 72.261
972.204 72.429
972.411 72.675
972.618 73.667
972.826 72.618
973.033 71.854
973.240 71.258
973.447 71.399
973.655 71.924
973.862 71.059
974.069 70.803
974.276 71.487
974.483 72.297
974.691 73.362
974.898 74.533
975.105 75.307
975.312 74.884
975.520 74.613
975.727 74.608
975.934 75.096
976.141 75.550
976.349 74.800
976.556 75.692
976.763 75.428
976.970 74.453
977.177 73.382
977.385 73.178
977.592 73.189
977.799 73.174
978.006 74.323
978.214 76.151
978.421 76.857
978.628 75.053
978.835 74.456
979.042 72.745
979.250 71.894
979.457 72.253
979.664 71.821
979.871 72.268
980.079 74.338
980.286 74.043
980.493 73.403
980.700 74.682
980.907 76.476
981.115 76.242
981.322 75.042
981.529 75.884
981.736 75.793
981.944 75.895
982.151 77.242
982.358 76.678
982.565 75.128
982.773 73.653
982.980 74.284
983.187 76.859
983.394 80.615
983.601 79.783
983.809 77.780
984.016 76.540
984.223 75.359
984.430 73.223
984.638 73.314
984.845 75.392
985.052 77.479
985.259 75.935
985.466 76.730
985.674 77.357
985.881 78.513
986.088 80.851
986.295 82.579
986.503 82.360
986.710 82.196
986.917 82.264
987.124 83.039
987.331 83.292
987.539 82.440
987.746 80.984
987.953 82.402
988.160 85.220
988.368 87.863
988.575 89.658
988.782 90.746
988.989 90.509
989.197 89.457
989.404 87.976
989.611 87.911
989.818 85.251
990.025 85.008
990.233 84.576
990.440 83.315
990.647 80.603
990.854 79.584
991.062 80.624
991.269 80.808
991.476 79.747
991.683 79.245
991.890 78.939
992.098 79.016
992.305 80.636
992.512 79.486
992.719 78.837
992.927 79.742
993.134 79.893
993.341 81.345
993.548 81.287
993.755 79.501
993.963 78.721
994.170 79.705
994.377 79.158
994.584 78.178
994.792 81.719
994.999 86.322
995.206 86.979
995.413 85.994
995.621 87.411
995.828 88.579
996.035 88.253
996.242 87.664
996.449 88.415
996.657 88.298
996.864 86.970
997.071 85.459
997.278 83.313
997.486 84.703
997.693 84.707
997.900 85.165
998.107 85.922
998.314 85.123
998.522 87.258
998.729 89.487
998.936 89.802
999.143 87.840
999.351 87.183
999.558 86.575
999.765 87.338
999.972 86.758
1000.179 86.306
1000.387 87.249
1000.594 87.580
1000.801 86.598
1001.008 86.176
1001.216 86.971
1001.423 89.251
1001.630 90.395
1001.837 86.990
1002.045 86.571
1002.252 88.442
1002.459 89.975
1002.666 92.653
1002.873 93.328
1003.081 92.394
1003.288 91.561
1003.495 89.760
1003.702 87.752
1003.910 90.459
1004.117 93.199
1004.324 92.492
1004.531 93.253
1004.738 93.782
1004.946 93.732
1005.153 93.587
1005.360 93.777
1005.567 97.747
1005.775 97.880
1005.982 96.709
1006.189 97.252
1006.396 96.605
1006.603 93.723
1006.811 91.286
1007.018 88.248
1007.225 88.023
1007.432 90.059
1007.640 94.547
1007.847 96.028
1008.054 96.802
1008.261 93.579
1008.469 90.615
1008.676 93.926
1008.883 98.088
1009.090 100.935
1009.297 99.487
1009.505 100.094
1009.712 100.031
1009.919 95.711
1010.126 94.407
1010.334 96.197
1010.541 96.132
1010.748 97.688
1010.955 99.872
1011.162 101.449
1011.370 106.673
1011.577 106.080
1011.784 104.384
1011.991 101.638
1012.199 97.173
1012.406 95.161
1012.613 98.511
1012.820 96.813
1013.027 90.760
1013.235 86.064
1013.442 83.004
1013.649 86.918
1013.856 90.775
1014.064 93.546
1014.271 93.872
1014.478 92.145
1014.685 91.695
1014.893 93.368
1015.100 93.388
1015.307 92.554
1015.514 92.464
1015.721 88.172
1015.929 88.113
1016.136 88.007
1016.343 87.063
1016.550 94.009
