292.253 103.397
292.450 105.443
292.647 105.875
292.845 106.049
293.042 106.739
293.239 107.051
293.437 105.994
293.634 104.041
293.831 103.349
294.029 103.731
294.226 103.875
294.423 107.066
294.621 107.188
294.818 106.266
295.015 105.482
295.213 106.474
295.410 108.493
295.607 109.239
295.805 109.191
296.002 108.639
296.199 108.298
296.397 107.427
296.594 105.773
296.791 104.772
296.989 105.082
297.186 103.895
297.383 102.543
297.581 104.091
297.778 106.096
297.975 106.883
298.173 106.089
298.370 106.174
298.567 107.305
298.765 107.626
298.962 109.106
299.159 109.755
299.357 109.481
299.554 108.912
299.751 109.208
299.949 108.586
300.146 109.220
300.343 108.590
300.541 106.923
300.738 107.336
300.935 108.434
301.133 108.301
301.330 109.428
301.527 111.220
301.725 110.362
301.922 109.044
302.119 108.853
302.317 110.489
302.514 110.141
302.711 108.403
302.909 107.741
303.106 106.079
303.303 105.423
303.501 105.697
303.698 105.423
303.895 104.528
304.093 104.059
304.290 103.734
304.487 104.633
304.685 105.039
304.882 104.472
305.079 103.929
305.277 102.851
305.474 101.931
305.671 100.361
305.869 100.271
306.066 101.121
306.263 100.756
306.461 99.423
306.658 99.400
306.855 99.493
307.053 98.873
307.250 99.333
307.447 100.115
307.645 100.348
307.842 100.226
308.039 99.933
308.237 99.731
308.434 99.101
308.631 98.573
308.829 99.036
309.026 98.547
309.223 98.052
309.421 98.631
309.618 98.217
309.815 98.483
310.013 98.525
310.210 97.973
310.407 97.827
310.605 97.756
310.802 97.775
310.999 98.185
311.197 99.753
311.394 100.169
311.591 99.645
311.789 98.701
311.986 97.749
312.183 96.960
312.381 96.632
312.578 96.653
312.775 95.567
312.973 94.880
313.170 95.224
313.347 95.353
313.523 95.020
313.700 95.046
313.877 95.575
314.054 95.823
314.230 96.404
314.407 96.853
314.584 96.697
314.761 95.861
314.937 95.479
315.114 94.579
315.291 92.705
315.467 92.164
315.644 92.753
315.821 93.246
315.998 93.663
316.174 93.398
316.351 93.595
316.528 93.922
316.704 93.311
316.881 92.760
317.058 91.892
317.235 91.794
317.411 91.773
317.588 91.504
317.765 91.349
317.942 90.431
318.118 89.282
318.295 89.568
318.472 90.421
318.648 90.598
318.825 90.947
319.002 91.437
319.179 90.434
319.355 88.903
319.532 88.537
319.709 88.873
319.885 89.384
320.062 88.691
320.239 88.665
320.416 88.129
320.592 88.340
320.769 88.440
320.946 87.586
321.123 88.163
321.299 87.761
321.476 87.363
321.653 87.709
321.829 87.556
322.006 86.896
322.183 86.727
322.360 86.047
322.536 84.705
322.713 84.459
322.890 85.249
323.066 86.437
323.243 86.487
323.420 85.985
323.597 85.575
323.773 84.942
323.950 84.983
324.127 86.195
324.304 85.987
324.480 86.175
324.657 86.883
324.834 85.969
325.010 85.273
325.187 84.609
325.364 85.459
325.541 87.074
325.717 85.981
325.894 84.622
326.071 84.604
326.248 85.203
326.424 84.723
326.601 83.769
326.778 82.622
326.954 81.627
327.131 80.987
327.308 80.418
327.485 81.031
327.661 81.075
327.838 80.981
328.015 81.535
328.191 81.479
328.368 81.271
328.545 81.508
328.722 82.248
328.898 82.005
329.075 80.198
329.252 78.851
329.429 79.442
329.605 79.889
329.782 78.755
329.959 77.629
330.135 78.385
330.312 79.098
330.489 79.671
330.666 80.563
330.842 81.308
331.019 81.229
331.196 80.645
331.372 80.040
331.549 79.300
331.726 79.208
331.903 79.032
332.079 79.657
332.256 79.484
332.433 78.347
332.610 78.360
332.786 78.291
332.963 78.217
333.140 77.915
333.316 77.650
333.493 77.921
333.670 78.187
333.847 78.119
334.023 77.740
334.200 77.181
334.377 77.130
334.553 76.840
334.730 76.605
334.907 75.531
335.084 74.688
335.260 74.350
335.437 73.544
335.614 73.170
335.791 71.810
335.967 71.835
336.144 73.390
336.321 73.849
336.497 73.657
336.674 72.704
336.851 72.788
337.028 72.968
337.204 73.342
337.381 73.266
337.558 72.764
337.734 72.484
337.911 72.293
338.088 72.158
338.265 71.909
338.441 71.475
338.618 72.358
338.795 74.059
338.972 74.740
339.148 74.420
339.325 74.051
339.502 74.020
339.678 73.717
339.855 71.889
340.032 70.847
340.209 70.863
340.385 71.235
340.562 70.869
340.739 70.668
340.916 70.931
341.092 70.526
341.269 70.181
341.446 70.157
341.622 69.119
341.799 67.848
341.976 67.367
342.153 67.198
342.329 66.686
342.506 65.761
342.683 65.963
342.859 66.614
343.036 66.652
343.213 66.577
343.390 66.024
343.566 65.936
343.743 65.776
343.920 65.417
344.097 65.072
344.273 64.978
344.450 64.730
344.627 64.025
344.803 63.841
344.980 64.273
345.157 64.117
345.334 64.864
345.510 65.269
345.687 65.403
345.864 65.923
346.040 66.213
346.217 65.321
346.394 63.900
346.571 63.214
346.747 63.625
346.924 64.050
347.101 64.685
347.278 65.142
347.454 64.891
347.631 64.933
347.808 65.138
347.984 64.923
348.161 64.420
348.338 64.169
348.515 64.414
348.691 63.885
348.868 63.642
349.045 63.213
349.221 62.731
349.398 62.703
349.575 62.278
349.752 61.356
349.928 61.434
350.105 61.872
350.282 61.803
350.459 61.515
350.635 60.963
350.812 60.301
350.989 59.803
351.165 59.820
351.342 59.838
351.519 59.689
351.696 59.816
351.872 59.767
352.049 59.392
352.226 58.979
352.402 58.948
352.579 59.324
352.756 59.869
352.933 60.113
353.109 59.613
353.286 59.866
353.463 60.546
353.640 60.519
353.816 60.267
353.993 59.868
354.170 59.782
354.346 59.786
354.523 59.385
354.700 59.309
354.877 59.252
355.053 59.115
355.230 59.235
355.407 59.420
355.584 59.741
355.760 59.506
355.937 58.941
356.114 58.375
356.290 57.781
356.467 57.385
356.644 57.203
356.821 57.222
356.997 57.088
357.174 57.001
357.351 56.837
357.527 56.753
357.704 56.849
357.881 56.507
358.058 56.286
358.234 56.405
358.411 56.420
358.588 56.903
358.765 56.676
358.941 56.190
359.118 55.960
359.295 55.584
359.471 55.957
359.648 56.019
359.825 56.403
360.002 56.424
360.178 56.577
360.355 57.132
360.532 57.098
360.708 56.307
360.885 56.074
361.062 56.271
361.239 56.369
361.415 56.871
361.592 56.982
361.769 56.381
361.946 56.105
362.122 56.223
362.299 55.747
362.476 55.922
362.652 55.979
362.829 55.322
363.006 54.656
363.183 54.536
363.359 54.760
363.536 54.445
363.713 54.064
363.889 53.367
364.066 52.410
364.243 52.187
364.420 52.671
364.596 52.619
364.773 52.281
364.950 52.337
365.127 51.712
365.303 51.563
365.480 51.896
365.660 51.972
365.839 51.883
366.019 51.857
366.199 52.015
366.379 51.894
366.558 51.935
366.738 52.342
366.918 52.277
367.098 52.388
367.277 52.509
367.457 52.734
367.637 52.501
367.816 52.669
367.996 52.862
368.176 52.399
368.356 52.162
368.535 51.929
368.715 51.411
368.895 51.346
369.075 50.994
369.254 51.027
369.434 51.057
369.614 50.435
369.793 50.161
369.973 49.691
370.153 49.563
370.333 49.914
370.512 49.961
370.692 50.076
370.872 50.075
371.051 49.760
371.231 49.388
371.411 49.489
371.591 48.988
371.770 48.312
371.950 48.104
372.130 48.059
372.310 48.487
372.489 48.729
372.669 48.554
372.849 48.773
373.028 48.700
373.208 48.447
373.388 48.498
373.568 48.303
373.747 48.081
373.927 47.821
374.107 46.988
374.287 46.779
374.466 46.886
374.646 46.822
374.826 46.795
375.005 46.798
375.185 46.748
375.365 46.808
375.545 47.234
375.724 47.606
375.904 47.244
376.084 46.754
376.263 46.445
376.443 46.450
376.623 46.071
376.803 45.789
376.982 45.707
377.162 45.478
377.342 45.414
377.522 45.497
377.701 45.638
377.881 45.995
378.061 46.040
378.240 45.507
378.420 45.340
378.600 45.295
378.780 45.245
378.959 44.938
379.139 44.969
379.319 44.952
379.499 44.685
379.678 44.925
379.858 45.194
380.038 45.273
380.217 45.204
380.397 45.058
380.577 44.836
380.757 44.530
380.936 44.698
381.116 44.874
381.296 44.740
381.476 44.710
381.655 44.729
381.835 44.302
382.015 44.425
382.194 44.509
382.374 44.482
382.554 44.589
382.734 44.782
382.913 44.688
383.093 44.300
383.273 44.133
383.452 44.113
383.632 44.032
383.812 44.003
383.992 43.986
384.171 44.218
384.351 44.305
384.531 44.218
384.711 43.972
384.890 43.660
385.070 43.561
385.250 43.391
385.429 43.443
385.609 43.791
385.789 43.441
385.969 42.887
386.148 42.765
386.328 42.658
386.508 42.647
386.688 42.842
386.867 42.920
387.047 42.859
387.227 42.583
387.406 42.223
387.586 41.956
387.766 41.755
387.946 41.541
388.125 41.407
388.305 41.670
388.485 41.618
388.664 41.591
388.844 41.711
389.024 41.759
389.204 41.499
389.383 41.263
389.563 41.341
389.743 41.635
389.923 41.697
390.102 41.491
390.282 41.100
390.462 40.864
390.641 40.732
390.821 40.713
391.001 40.831
391.181 41.031
391.360 41.177
391.540 41.444
391.720 41.526
391.900 41.503
392.079 41.317
392.259 41.341
392.439 41.330
392.618 41.119
392.798 40.927
392.978 40.835
393.158 40.828
393.337 40.764
393.517 40.486
393.697 40.328
393.877 40.345
394.056 40.395
394.236 40.467
394.416 40.543
394.595 40.560
394.775 40.392
394.955 40.114
395.135 39.914
395.314 39.784
395.494 39.638
395.674 39.495
395.853 39.343
396.033 39.206
396.213 39.173
396.393 39.080
396.572 39.076
396.752 39.181
396.932 39.163
397.112 39.387
397.291 39.673
397.471 39.599
397.651 39.513
397.830 39.409
398.010 39.431
398.190 39.487
398.370 39.388
398.549 39.417
398.729 39.403
398.909 39.463
399.089 39.309
399.268 39.352
399.448 39.595
399.628 39.665
399.807 39.719
399.987 39.546
400.167 39.496
400.347 39.407
400.526 39.296
400.706 39.254
400.886 38.938
401.065 38.528
401.245 38.488
401.425 38.351
401.605 38.294
401.784 38.071
401.964 37.946
402.144 38.127
402.324 38.313
402.503 38.492
402.683 38.365
402.863 38.313
403.042 38.069
403.222 37.785
403.402 37.791
403.582 37.729
403.761 37.702
403.941 37.785
404.121 37.676
404.301 37.465
404.480 37.355
404.660 37.352
404.844 37.477
405.029 37.601
405.213 37.738
405.398 38.053
405.582 38.157
405.767 38.075
405.951 37.852
406.136 37.609
406.320 37.353
406.505 37.366
406.689 37.387
406.874 37.382
407.058 37.263
407.243 37.177
407.427 37.292
407.612 37.292
407.796 37.195
407.981 37.280
408.165 37.374
408.350 37.377
408.534 37.313
408.719 37.362
408.903 37.215
409.088 37.173
409.272 37.068
409.457 36.997
409.641 37.010
409.826 37.064
410.010 37.015
410.195 37.035
410.379 36.916
410.564 36.744
410.748 36.685
410.933 36.698
411.117 36.757
411.302 36.618
411.486 36.609
411.671 36.504
411.855 36.489
412.040 36.572
412.224 36.653
412.409 36.599
412.593 36.371
412.778 36.339
412.962 36.199
413.147 36.009
413.331 35.884
413.516 35.707
413.700 35.663
413.885 36.246
414.069 37.253
414.254 37.239
414.438 37.325
414.623 37.502
414.807 37.515
414.992 37.325
415.176 37.235
415.361 37.163
415.545 37.134
415.730 37.175
415.914 37.141
416.099 36.998
416.283 37.028
416.468 37.179
416.652 37.206
416.837 37.351
417.021 37.478
417.206 37.535
417.390 37.646
417.575 37.649
417.759 37.055
417.944 35.919
418.128 35.946
418.313 35.799
418.497 35.507
418.682 35.411
418.866 35.492
419.051 35.600
419.235 35.581
419.420 35.623
419.604 35.506
419.789 35.462
419.973 35.513
420.158 35.519
420.342 35.341
420.527 35.253
420.711 35.056
420.896 34.927
421.080 34.879
421.265 34.766
421.449 34.693
421.634 34.637
421.818 34.685
422.003 34.527
422.187 34.507
422.372 34.718
422.556 34.736
422.741 34.728
422.925 34.724
423.110 34.926
423.294 34.936
423.479 34.846
423.663 34.626
423.848 34.429
424.032 34.350
424.217 34.338
424.401 34.276
424.586 34.294
424.770 34.293
424.955 34.315
425.139 34.332
425.324 34.201
425.508 33.999
425.693 33.840
425.877 33.936
426.062 34.013
426.246 33.899
426.431 33.828
426.615 33.734
426.800 33.647
426.984 33.433
427.169 33.363
427.353 33.421
427.538 33.452
427.722 33.519
427.907 33.638
428.091 33.708
428.276 33.631
428.460 33.550
428.645 33.612
428.829 33.698
429.014 33.588
429.198 33.668
429.383 33.900
429.567 34.005
429.752 33.924
429.936 33.848
430.121 33.841
430.305 33.963
430.490 34.005
430.674 34.026
430.859 34.021
431.043 34.027
431.228 33.985
431.412 34.061
431.597 34.125
431.781 34.057
431.966 33.966
432.150 34.050
432.335 34.151
432.519 34.026
432.704 33.762
432.888 33.702
433.073 33.620
433.257 33.463
433.442 33.280
433.626 33.226
433.811 33.177
433.995 33.106
434.180 32.967
434.364 32.806
434.549 32.680
434.733 32.621
434.918 32.468
435.102 32.407
435.287 32.257
435.471 32.093
435.656 32.018
435.840 32.003
436.030 31.914
436.220 31.774
436.410 31.804
436.600 31.956
436.790 32.123
436.980 32.212
437.170 32.225
437.360 32.269
437.550 32.244
437.741 32.251
437.931 32.251
438.121 32.320
438.311 32.413
438.501 32.462
438.691 32.544
438.881 32.604
439.071 32.581
439.261 32.551
439.451 32.571
439.641 32.500
439.831 32.509
440.021 32.642
440.211 32.765
440.401 32.711
440.591 32.530
440.781 32.429
440.971 32.387
441.161 32.430
441.351 32.482
441.542 32.559
441.732 32.652
441.922 32.593
442.112 32.464
442.302 32.407
442.492 32.324
442.682 32.215
442.872 32.316
443.062 32.283
443.252 32.318
443.442 32.290
443.632 32.301
443.822 32.334
444.012 32.218
444.202 32.057
444.392 31.966
444.582 32.234
444.772 32.696
444.962 32.640
445.153 32.604
445.343 32.558
445.533 32.433
445.723 32.302
445.913 32.361
446.103 32.415
446.293 32.450
446.483 32.503
446.673 32.549
446.863 32.448
447.053 32.410
447.243 32.384
447.433 32.390
447.623 32.400
447.813 32.315
448.003 32.268
448.193 32.326
448.383 32.346
448.573 32.121
448.764 31.622
448.954 31.669
449.144 31.637
449.334 31.601
449.524 31.672
449.714 31.749
449.904 31.700
450.094 31.705
450.284 31.694
450.474 31.676
450.664 31.576
450.854 31.513
451.044 31.540
451.234 31.491
451.424 31.415
451.614 31.369
451.804 31.306
451.994 31.295
452.184 31.277
452.375 31.298
452.565 32.016
452.755 33.369
452.945 33.291
453.135 33.277
453.325 33.279
453.515 33.326
453.705 33.309
453.895 33.237
454.085 33.110
454.275 32.983
454.465 32.877
454.655 32.854
454.845 32.892
455.035 32.853
455.225 32.873
455.415 32.904
455.605 32.924
455.795 32.982
455.985 33.019
456.176 32.991
456.366 32.988
456.556 32.315
456.746 31.037
456.936 31.087
457.126 31.087
457.316 31.153
457.506 31.115
457.696 31.030
457.886 31.003
458.076 30.942
458.266 30.947
458.456 30.999
458.646 31.066
458.836 31.091
459.026 31.218
459.216 31.282
459.406 31.320
459.596 31.238
459.787 31.146
459.977 31.052
460.167 31.057
460.357 30.995
460.547 30.871
460.737 30.791
460.927 30.777
461.117 30.774
461.307 30.669
461.497 30.544
461.687 30.523
461.877 30.567
462.067 30.632
462.257 30.671
462.447 30.615
462.637 30.646
462.827 30.678
463.017 30.602
463.207 30.562
463.397 30.499
463.588 30.523
463.778 30.590
463.968 30.671
464.158 30.652
464.348 30.651
464.538 30.707
464.728 30.721
464.918 30.730
465.108 30.771
465.298 30.788
465.488 30.826
465.678 30.755
465.868 30.652
466.058 30.611
466.248 30.554
466.438 30.596
466.628 30.528
466.818 30.392
467.008 30.342
467.199 30.300
467.389 30.289
467.579 30.300
467.769 30.241
467.959 30.237
468.149 30.242
468.339 30.224
468.529 30.205
468.719 30.184
468.909 30.121
469.099 30.062
469.289 29.966
469.479 29.881
469.669 29.936
469.859 29.995
470.049 30.023
470.239 29.996
470.429 29.965
470.619 29.939
470.810 29.936
471.000 29.886
471.190 29.829
471.380 29.786
471.570 29.745
471.760 29.696
471.950 29.628
472.140 29.577
472.330 29.583
472.520 29.525
472.710 29.435
472.900 29.367
473.090 29.316
473.280 29.377
473.470 29.371
473.660 29.336
473.850 29.360
474.040 29.395
474.230 29.384
474.421 29.358
474.611 29.314
474.801 29.316
474.991 29.330
475.181 29.356
475.371 29.383
475.561 29.392
475.751 29.431
475.941 29.395
476.131 29.342
476.321 29.266
476.511 29.278
476.701 29.332
476.891 29.314
477.081 29.282
477.271 29.271
477.461 29.328
477.651 29.286
477.841 29.179
478.031 29.120
478.222 29.141
478.412 29.148
478.602 29.152
478.792 29.084
478.982 29.055
479.172 29.039
479.362 28.970
479.552 28.937
479.742 28.872
479.932 28.836
480.122 28.794
480.312 28.763
480.502 28.743
480.692 28.669
480.882 28.626
481.072 28.574
481.262 28.534
481.452 28.445
481.642 28.391
481.833 28.404
482.023 28.422
482.213 28.388
482.403 28.294
482.593 28.244
482.783 28.239
482.973 28.236
483.163 28.185
483.353 28.158
483.543 28.075
483.733 28.071
483.923 28.079
484.113 28.106
484.303 28.098
484.493 28.013
484.683 27.983
484.873 27.972
485.063 27.981
485.253 27.911
485.443 27.828
485.634 27.772
485.824 27.721
486.014 27.614
486.204 27.583
486.394 27.609
486.584 27.617
486.774 27.576
486.964 27.521
487.154 27.522
487.344 27.517
487.534 27.472
487.724 27.430
487.914 27.362
488.104 27.328
488.294 27.314
488.484 27.326
488.674 27.309
488.864 27.280
489.054 27.211
489.245 27.186
489.435 27.222
489.625 27.283
489.815 27.295
490.005 27.285
490.195 27.262
490.385 27.218
490.575 27.154
490.765 27.136
490.955 27.179
491.145 27.180
491.335 27.141
491.525 27.082
491.715 27.020
491.905 27.022
492.095 26.978
492.285 26.980
492.475 26.960
492.665 26.917
492.856 26.861
493.046 26.874
493.236 26.875
493.426 26.834
493.616 26.800
493.806 26.788
493.996 26.836
494.186 26.795
494.376 26.731
494.566 26.728
494.756 26.760
494.946 26.722
495.136 26.649
495.326 26.595
495.516 26.633
495.706 26.648
495.896 26.627
496.086 26.638
496.276 26.591
496.467 26.502
496.657 26.475
496.847 26.469
497.037 26.400
497.227 26.327
497.417 26.279
497.607 26.224
497.797 26.171
497.987 26.037
498.177 25.955
498.367 25.898
498.557 25.838
498.747 25.764
498.937 25.634
499.127 25.533
499.317 25.501
499.507 25.457
499.697 25.396
499.887 25.320
500.077 25.240
500.268 25.232
500.458 25.248
500.648 25.220
500.838 25.217
501.028 25.235
501.218 25.181
501.408 25.151
501.598 25.087
501.788 25.012
501.978 25.015
502.168 25.005
502.358 25.023
502.548 25.023
502.738 24.979
502.928 25.019
503.118 25.093
503.308 25.076
503.498 25.021
503.688 25.009
503.879 25.036
504.069 25.020
504.259 24.942
504.449 24.888
504.639 24.835
504.829 24.783
505.019 24.724
505.209 24.714
505.399 24.702
505.589 24.676
505.779 24.655
505.969 24.612
506.159 24.582
506.349 24.484
506.539 24.424
506.729 24.377
506.919 24.331
507.109 24.291
507.299 24.295
507.490 24.305
507.680 24.228
507.870 24.152
508.060 24.095
508.250 24.011
508.440 23.911
508.630 23.835
508.820 23.784
509.010 23.697
509.200 23.629
509.390 23.603
509.580 23.600
509.770 23.577
509.960 23.515
510.150 23.485
510.340 23.497
510.530 23.455
510.720 23.457
510.910 23.433
511.100 23.326
511.291 23.215
511.481 23.160
511.671 23.150
511.861 23.108
512.051 23.106
512.241 23.150
512.431 23.151
512.621 23.178
512.811 23.190
513.001 23.238
513.191 23.231
513.381 23.203
513.571 23.190
513.761 23.172
513.951 23.161
514.141 23.122
514.331 23.085
514.521 23.072
514.711 23.003
514.902 22.947
515.092 22.997
515.282 23.039
515.472 22.991
515.662 22.969
515.852 22.961
516.042 22.917
516.232 22.910
516.422 22.969
516.612 22.964
516.802 22.940
516.992 22.871
517.182 22.879
517.372 22.858
517.562 22.817
517.752 22.813
517.942 22.834
518.132 22.830
518.322 22.814
518.513 22.788
518.703 22.803
518.893 22.832
519.083 22.812
519.273 22.748
519.463 22.784
519.653 22.796
519.843 22.795
520.033 22.795
520.223 22.722
520.413 22.644
520.603 22.656
520.793 22.688
520.983 22.739
521.173 22.764
521.363 22.794
521.553 22.820
521.743 22.817
521.933 22.819
522.123 22.868
522.314 22.933
522.504 22.962
522.694 22.989
522.884 22.977
523.074 22.967
523.264 22.993
523.454 23.002
523.644 23.003
523.834 23.008
524.024 23.008
524.214 23.004
524.404 22.998
524.594 22.933
524.784 22.914
524.974 22.892
525.164 22.899
525.354 22.921
525.544 22.923
525.734 22.936
525.925 22.958
526.115 22.983
526.305 22.959
526.495 22.970
526.685 22.968
526.875 22.957
527.065 22.969
527.255 23.010
527.445 23.003
527.635 23.001
527.825 23.018
528.015 23.071
528.205 23.185
528.395 23.320
528.585 23.423
528.775 23.447
528.965 23.522
529.155 23.573
529.345 23.558
529.535 23.578
529.726 23.584
529.916 23.594
530.106 23.607
530.296 23.652
530.486 23.698
530.676 23.766
530.866 23.845
531.056 23.917
531.246 24.000
531.436 24.067
531.626 24.135
531.816 24.203
532.006 24.287
532.196 24.353
532.386 24.381
532.576 24.418
532.766 24.432
532.956 24.479
533.146 24.520
533.337 24.605
533.527 24.697
533.717 24.801
533.907 24.827
534.097 24.883
534.287 24.978
534.477 25.020
534.667 25.051
534.857 25.107
535.047 25.143
535.237 25.195
535.427 25.278
535.617 25.345
535.807 25.403
535.997 25.428
536.187 25.445
536.377 25.480
536.567 25.543
536.757 25.644
536.948 25.684
537.138 25.702
537.328 25.740
537.518 25.780
537.708 25.848
537.898 25.950
538.088 26.011
538.278 26.041
538.468 26.099
538.658 26.140
538.848 26.215
539.038 26.310
539.228 26.340
539.418 26.361
539.608 26.422
539.798 26.485
539.988 26.548
540.178 26.614
540.368 26.665
540.558 26.759
540.749 26.823
540.939 26.887
541.129 27.008
541.319 27.122
541.509 27.198
541.699 27.279
541.889 27.372
542.079 27.466
542.269 27.547
542.459 27.616
542.649 27.660
542.839 27.680
543.029 27.732
543.219 27.820
543.409 27.898
543.599 27.987
543.789 28.079
543.979 28.142
544.169 28.194
544.360 28.279
544.550 28.324
544.740 28.426
544.930 28.486
545.120 28.489
545.310 28.526
545.500 28.603
545.690 28.636
545.880 28.682
546.070 28.746
546.267 28.802
546.463 28.868
546.660 28.965
546.857 29.057
547.054 29.111
547.251 29.150
547.447 29.204
547.644 29.248
547.841 29.319
548.038 29.410
548.234 29.524
548.431 29.604
548.628 29.706
548.825 29.734
549.021 29.782
549.218 29.881
549.415 29.947
549.612 30.029
549.808 30.107
550.005 30.196
550.202 30.242
550.399 30.307
550.595 30.429
550.792 30.543
550.989 30.659
551.186 30.744
551.382 30.839
551.579 30.950
551.776 31.016
551.973 31.062
552.169 31.114
552.366 31.131
552.563 31.201
552.760 31.221
552.956 31.320
553.153 31.427
553.350 31.473
553.547 31.538
553.743 31.579
553.940 31.647
554.137 31.687
554.334 31.738
554.530 31.819
554.727 31.840
554.924 31.877
555.121 31.913
555.317 31.985
555.514 32.034
555.711 32.074
555.908 32.156
556.104 32.241
556.301 32.309
556.498 32.409
556.695 32.455
556.891 32.516
557.088 32.561
557.285 32.651
557.482 32.782
557.678 32.866
557.875 32.941
558.072 33.001
558.269 33.063
558.465 33.169
558.662 33.246
558.859 33.312
559.056 33.392
559.252 33.446
559.449 33.479
559.646 33.572
559.843 33.650
560.039 33.724
560.236 33.772
560.433 33.826
560.630 33.866
560.826 33.931
561.023 34.003
561.220 34.059
561.417 34.088
561.613 34.090
561.810 34.117
562.007 34.154
562.204 34.216
562.400 34.316
562.597 34.343
562.794 34.408
562.991 34.503
563.187 34.572
563.384 34.643
563.581 34.717
563.778 34.812
563.974 34.912
564.171 34.939
564.368 35.000
564.565 35.100
564.761 35.193
564.958 35.266
565.155 35.354
565.352 35.435
565.548 35.476
565.745 35.535
565.942 35.586
566.139 35.671
566.335 35.738
566.532 35.769
566.729 35.813
566.926 35.869
567.122 35.947
567.319 35.973
567.516 36.032
567.713 36.128
567.909 36.139
568.106 36.120
568.303 36.186
568.500 36.240
568.696 36.260
568.893 36.255
569.090 36.287
569.287 36.281
569.483 36.305
569.680 36.402
569.877 36.537
570.074 36.645
570.270 36.683
570.467 36.729
570.664 36.802
570.861 36.877
571.057 36.889
571.254 36.893
571.451 36.958
571.648 36.995
571.844 37.014
572.041 37.056
572.238 37.128
572.435 37.178
572.631 37.211
572.828 37.253
573.025 37.345
573.222 37.392
573.418 37.461
573.615 37.498
573.812 37.504
574.009 37.497
574.205 37.510
574.402 37.572
574.599 37.628
574.796 37.637
574.992 37.649
575.189 37.663
575.386 37.669
575.583 37.723
575.779 37.799
575.976 37.824
576.173 37.834
576.370 37.888
576.567 37.951
576.763 37.994
576.960 38.033
577.160 38.063
577.359 38.095
577.559 38.132
577.759 38.195
577.958 38.252
578.158 38.256
578.357 38.308
578.557 38.351
578.757 38.387
578.956 38.441
579.156 38.507
579.356 38.589
579.555 38.650
579.755 38.655
579.954 38.651
580.154 38.694
580.354 38.751
580.553 38.758
580.753 38.745
580.953 38.771
581.152 38.824
581.352 38.885
581.552 38.955
581.751 39.014
581.951 39.048
582.150 39.073
582.350 39.119
582.550 39.163
582.749 39.217
582.949 39.277
583.149 39.338
583.348 39.372
583.548 39.416
583.748 39.510
583.947 39.538
584.147 39.554
584.346 39.570
584.546 39.636
584.746 39.685
584.945 39.725
585.145 39.757
585.345 39.771
585.544 39.765
585.744 39.776
585.943 39.777
586.143 39.790
586.343 39.817
586.542 39.890
586.742 39.929
586.942 39.932
587.141 39.916
587.341 39.912
587.541 39.963
587.740 39.958
587.940 39.939
588.139 40.019
588.339 40.097
588.539 40.163
588.738 40.198
588.938 40.249
589.138 40.323
589.337 40.350
589.537 40.378
589.736 40.416
589.936 40.440
590.136 40.444
590.335 40.475
590.535 40.509
590.735 40.492
590.934 40.488
591.134 40.509
591.334 40.553
591.533 40.560
591.733 40.548
591.932 40.584
592.132 40.619
592.332 40.608
592.531 40.605
592.731 40.604
592.931 40.605
593.130 40.605
593.330 40.595
593.530 40.641
593.729 40.654
593.929 40.691
594.128 40.709
594.328 40.767
594.528 40.814
594.727 40.868
594.927 40.951
595.127 41.036
595.326 41.064
595.526 41.080
595.725 41.083
595.925 41.117
596.125 41.113
596.324 41.092
596.524 41.124
596.724 41.162
596.923 41.205
597.123 41.229
597.323 41.291
597.522 41.320
597.722 41.348
597.921 41.416
598.121 41.451
598.321 41.493
598.520 41.518
598.720 41.540
598.920 41.529
599.119 41.515
599.319 41.507
599.519 41.535
599.718 41.550
599.918 41.584
600.117 41.582
600.317 41.656
600.517 41.724
600.716 41.741
600.916 41.755
601.116 41.759
601.315 41.788
601.515 41.789
601.714 41.819
601.914 41.813
602.114 41.799
602.313 41.779
602.513 41.789
602.713 41.808
602.912 41.821
603.112 41.831
603.312 41.811
603.511 41.805
603.711 41.824
603.910 41.840
604.110 41.855
604.310 41.883
604.509 41.902
604.709 41.923
604.909 41.932
605.108 41.961
605.308 41.971
605.507 41.978
605.707 41.986
605.907 41.988
606.106 42.015
606.306 42.016
606.506 42.018
606.705 42.049
606.905 42.078
607.105 42.088
607.304 42.108
607.504 42.164
607.703 42.186
607.903 42.192
608.103 42.206
608.302 42.255
608.502 42.310
608.702 42.308
608.901 42.286
609.101 42.287
609.301 42.271
609.500 42.324
609.700 42.336
609.899 42.337
610.099 42.371
610.299 42.400
610.498 42.445
610.698 42.479
610.898 42.476
611.097 42.491
611.297 42.519
611.496 42.564
611.696 42.595
611.896 42.601
612.095 42.598
612.295 42.609
612.495 42.621
612.694 42.626
612.894 42.658
613.094 42.690
613.293 42.726
613.493 42.749
613.692 42.711
613.892 42.700
614.092 42.722
614.291 42.719
614.491 42.721
614.691 42.736
614.890 42.764
615.090 42.794
615.289 42.796
615.489 42.781
615.689 42.758
615.888 42.731
616.088 42.765
616.288 42.813
616.487 42.850
616.687 42.850
616.887 42.827
617.086 42.787
617.286 42.789
617.485 42.816
617.685 42.831
617.885 42.876
618.084 42.921
618.284 42.936
618.484 42.974
618.683 43.034
618.883 43.054
619.082 43.070
619.282 43.102
619.482 43.120
619.681 43.153
619.881 43.187
620.081 43.197
620.280 43.140
620.480 43.100
620.680 43.110
620.879 43.151
621.079 43.194
621.278 43.260
621.478 43.279
621.678 43.269
621.877 43.260
622.077 43.267
622.277 43.291
622.476 43.304
622.676 43.257
622.876 43.199
623.075 43.211
623.275 43.241
623.474 43.244
623.674 43.257
623.874 43.293
624.073 43.300
624.273 43.328
624.473 43.367
624.672 43.405
624.872 43.428
625.071 43.414
625.271 43.408
625.471 43.420
625.670 43.445
625.870 43.484
626.070 43.508
626.269 43.478
626.469 43.470
626.669 43.452
626.868 43.474
627.068 43.491
627.267 43.485
627.467 43.464
627.667 43.436
627.866 43.431
628.066 43.407
628.266 43.392
628.465 43.382
628.665 43.404
628.865 43.405
629.064 43.385
629.264 43.393
629.463 43.425
629.663 43.425
629.863 43.427
630.062 43.403
630.262 43.388
630.462 43.398
630.661 43.386
630.861 43.559
631.060 43.876
631.260 43.928
631.460 43.978
631.659 43.999
631.859 44.022
632.059 44.057
632.258 44.096
632.458 44.127
632.658 44.133
632.857 44.124
633.057 44.133
633.256 44.125
633.456 44.118
633.656 44.110
633.855 44.104
634.055 44.111
634.255 44.155
634.454 44.196
634.654 44.239
634.853 44.263
635.053 44.144
635.253 43.894
635.452 43.907
635.652 43.891
635.852 43.875
636.051 43.879
636.251 43.876
636.451 43.885
636.650 43.892
636.850 43.930
637.049 43.956
637.249 43.958
637.449 43.971
637.648 43.970
637.848 43.961
638.048 43.976
638.247 43.995
638.447 43.971
638.647 43.978
638.846 44.001
639.046 43.990
639.245 43.966
639.445 43.938
639.645 43.910
639.844 43.890
640.044 43.890
640.244 43.923
640.443 43.959
640.643 43.958
640.842 43.953
641.042 43.962
641.242 44.032
641.441 44.067
641.641 44.088
641.841 44.078
642.040 44.071
642.240 44.074
642.440 44.073
642.639 44.110
642.839 44.125
643.038 44.132
643.238 44.182
643.438 44.237
643.637 44.283
643.837 44.291
644.037 44.306
644.236 44.364
644.436 44.385
644.635 44.344
644.835 44.331
645.035 44.359
645.234 44.354
645.434 44.303
645.634 44.288
645.833 44.314
646.033 44.377
646.233 44.411
646.432 44.446
646.632 44.496
646.831 44.508
647.031 44.518
647.231 44.521
647.430 44.523
647.630 44.507
647.830 44.477
648.029 44.497
648.229 44.467
648.429 44.398
648.628 44.349
648.828 44.365
649.027 44.345
649.227 44.320
649.427 44.321
649.626 44.364
649.826 44.401
650.026 44.380
650.225 44.358
650.425 44.374
650.624 44.370
650.824 44.337
651.024 44.311
651.223 44.289
651.423 44.283
651.623 44.321
651.822 44.373
652.022 44.436
652.222 44.465
652.421 44.502
652.621 44.548
652.820 44.573
653.020 44.590
653.220 44.613
653.419 44.657
653.619 44.668
653.819 44.646
654.018 44.659
654.218 44.690
654.418 44.727
654.617 44.745
654.817 44.733
655.016 44.737
655.216 44.777
655.416 44.803
655.615 44.803
655.815 44.763
656.015 44.745
656.214 44.761
656.414 44.768
656.613 44.780
656.813 44.820
657.013 44.871
657.212 44.856
657.412 44.883
657.612 44.889
657.811 44.904
658.011 44.893
658.211 44.875
658.410 44.880
658.610 44.879
658.809 44.897
659.009 44.906
659.209 44.905
659.408 44.909
659.608 44.939
659.808 44.935
660.007 44.939
660.207 44.955
660.406 44.934
660.606 44.897
660.806 44.905
661.005 44.905
661.205 44.849
661.405 44.866
661.604 44.883
661.804 44.880
662.004 44.880
662.203 44.895
662.403 44.895
662.602 44.896
662.802 44.939
663.002 44.942
663.201 44.955
663.401 44.956
663.601 44.947
663.800 44.931
664.000 44.968
664.199 45.018
664.399 45.016
664.599 44.974
664.798 44.958
664.998 44.978
665.198 44.963
665.397 44.993
665.597 45.031
665.797 45.040
665.996 45.059
666.196 45.064
666.395 45.048
666.595 45.053
666.795 45.084
666.994 45.074
667.194 45.059
667.394 45.046
667.593 45.063
667.793 45.096
667.993 45.127
668.192 45.138
668.392 45.105
668.591 45.058
668.791 45.070
668.991 45.170
669.190 45.164
669.390 45.171
669.590 45.200
669.789 45.175
669.989 45.183
670.188 45.176
670.388 45.176
670.588 45.219
670.787 45.224
670.987 45.200
671.187 45.187
671.386 45.223
671.586 45.250
671.786 45.255
671.985 45.232
672.185 45.210
672.384 45.220
672.584 45.221
672.784 45.262
672.983 45.287
673.183 45.233
673.383 45.242
673.582 45.239
673.782 45.234
673.981 45.269
674.181 45.231
674.381 45.211
674.580 45.214
674.780 45.186
674.980 45.171
675.179 45.180
675.379 45.213
675.579 45.185
675.778 45.167
675.978 45.146
676.177 45.141
676.377 45.136
676.577 45.136
676.776 45.129
676.976 45.102
677.176 45.106
677.375 45.119
677.575 45.132
677.775 45.170
677.974 45.160
678.174 45.162
678.373 45.212
678.573 45.250
678.773 45.259
678.972 45.286
679.172 45.329
679.372 45.361
679.571 45.361
679.771 45.392
679.970 45.407
680.170 45.430
680.370 45.425
680.569 45.414
680.769 45.396
680.969 45.444
681.168 45.503
681.368 45.525
681.568 45.518
681.767 45.509
681.967 45.496
682.166 45.528
682.366 45.527
682.566 45.507
682.765 45.504
682.965 45.534
683.165 45.558
683.364 45.567
683.564 45.547
683.764 45.525
683.963 45.491
684.163 45.466
684.362 45.476
684.562 45.551
684.762 45.606
684.961 45.646
685.161 45.660
685.361 45.639
685.560 45.598
685.760 45.581
685.959 45.573
686.159 45.598
686.359 45.581
686.558 45.555
686.758 45.553
686.958 45.567
687.157 45.561
687.357 45.582
687.557 45.650
687.756 45.667
687.956 45.684
688.155 45.686
688.355 45.756
688.555 45.782
688.754 45.761
688.954 45.786
689.154 45.773
689.353 45.761
689.553 45.784
689.752 45.806
689.952 45.841
690.152 45.858
690.351 45.833
690.551 45.831
690.751 45.824
690.950 45.822
691.150 45.839
691.350 45.846
691.549 45.827
691.749 45.754
691.948 45.764
692.148 45.807
692.348 45.814
692.547 45.771
692.747 45.758
692.947 45.768
693.146 45.756
693.346 45.744
693.546 45.753
693.745 45.769
693.945 45.807
694.144 45.825
694.344 45.866
694.544 45.936
694.743 45.977
694.943 46.018
695.143 46.095
695.342 46.116
695.542 46.130
695.741 46.110
695.941 46.141
696.141 46.167
696.340 46.187
696.540 46.224
696.745 46.260
696.951 46.258
697.156 46.258
697.362 46.230
697.567 46.247
697.772 46.284
697.978 46.260
698.183 46.232
698.389 46.239
698.594 46.231
698.799 46.185
699.005 46.187
699.210 46.225
699.416 46.190
699.621 46.112
699.826 46.078
700.032 46.115
700.237 46.114
700.443 46.055
700.648 46.039
700.853 46.073
701.059 46.132
701.264 46.153
701.470 46.140
701.675 46.209
701.880 46.282
702.086 46.282
702.291 46.286
702.497 46.289
702.702 46.289
702.907 46.290
703.113 46.302
703.318 46.273
703.524 46.220
703.729 46.220
703.934 46.276
704.140 46.280
704.345 46.274
704.551 46.253
704.756 46.275
704.961 46.262
705.167 46.241
705.372 46.185
705.578 46.206
705.783 46.228
705.988 46.220
706.194 46.164
706.399 46.145
706.605 46.177
706.810 46.242
707.015 46.293
707.221 46.263
707.426 46.254
707.632 46.247
707.837 46.247
708.042 46.250
708.248 46.263
708.453 46.309
708.659 46.296
708.864 46.320
709.069 46.358
709.275 46.366
709.480 46.343
709.686 46.327
709.891 46.331
710.096 46.345
710.302 46.323
710.507 46.319
710.713 46.289
710.918 46.248
711.123 46.221
711.329 46.143
711.534 46.160
711.740 46.200
711.945 46.250
712.150 46.272
712.356 46.273
712.561 46.278
712.766 46.275
712.972 46.269
713.177 46.253
713.383 46.230
713.588 46.207
713.793 46.237
713.999 46.260
714.204 46.242
714.410 46.210
714.615 46.211
714.820 46.255
715.026 46.295
715.231 46.345
715.437 46.340
715.642 46.383
715.847 46.431
716.053 46.421
716.258 46.409
716.464 46.428
716.669 46.467
716.874 46.457
717.080 46.476
717.285 46.627
717.491 46.662
717.696 46.654
717.901 46.630
718.107 46.605
718.312 46.605
718.518 46.615
718.723 46.643
718.928 46.679
719.134 46.647
719.339 46.612
719.545 46.588
719.750 46.580
719.955 46.570
720.161 46.536
720.366 46.512
720.572 46.513
720.777 46.507
720.982 46.420
721.188 46.371
721.393 46.341
721.599 46.242
721.804 46.264
722.009 46.287
722.215 46.323
722.420 46.356
722.626 46.383
722.831 46.398
723.036 46.361
723.242 46.303
723.447 46.314
723.653 46.342
723.858 46.354
724.063 46.396
724.269 46.451
724.474 46.502
724.680 46.560
724.885 46.612
725.090 46.580
725.296 46.589
725.501 46.624
725.707 46.633
725.912 46.621
726.117 46.586
726.323 46.617
726.528 46.611
726.734 46.588
726.939 46.612
727.144 46.627
727.350 46.665
727.555 46.695
727.761 46.736
727.966 46.730
728.171 46.760
728.377 46.791
728.582 46.706
728.788 46.633
728.993 46.578
729.198 46.527
729.404 46.557
729.609 46.609
729.815 46.626
730.020 46.609
730.225 46.615
730.431 46.616
730.636 46.580
730.842 46.574
731.047 46.545
731.252 46.466
731.458 46.429
731.663 46.466
731.869 46.472
732.074 46.426
732.279 46.424
732.485 46.411
732.690 46.322
732.896 46.319
733.101 46.357
733.306 46.399
733.512 46.392
733.717 46.398
733.923 46.358
734.128 46.343
734.333 46.381
734.539 46.378
734.744 46.339
734.950 46.296
735.155 46.293
735.360 46.384
735.566 46.449
735.771 46.478
735.977 46.431
736.182 46.413
736.387 46.458
736.593 46.496
736.798 46.544
737.004 46.565
737.209 46.588
737.414 46.584
737.620 46.572
737.825 46.567
738.031 46.578
738.236 46.625
738.441 46.650
738.647 46.644
738.852 46.623
739.058 46.671
739.263 46.730
739.468 46.742
739.674 46.701
739.879 46.687
740.085 46.700
740.290 46.688
740.495 46.671
740.701 46.635
740.906 46.605
741.112 46.570
741.317 46.586
741.522 46.605
741.728 46.594
741.933 46.613
742.139 46.674
742.344 46.716
742.549 46.678
742.755 46.644
742.960 46.621
743.166 46.587
743.371 46.546
743.576 46.558
743.782 46.568
743.987 46.609
744.193 46.632
744.398 46.594
744.603 46.600
744.809 46.626
745.014 46.602
745.220 46.569
745.425 46.469
745.630 46.432
745.836 46.417
746.041 46.387
746.246 46.388
746.452 46.359
746.657 46.289
746.863 46.327
747.068 46.410
747.274 46.476
747.479 46.559
747.684 46.615
747.890 46.604
748.095 46.562
748.300 46.535
748.506 46.516
748.711 46.542
748.917 46.562
749.122 46.553
749.327 46.543
749.533 46.536
749.738 46.607
749.944 46.625
750.149 46.600
750.354 46.593
750.560 46.579
750.765 46.568
750.971 46.608
751.176 46.591
751.381 46.582
751.587 46.529
751.792 46.483
751.998 46.446
752.203 46.403
752.408 46.456
752.614 46.449
752.819 46.470
753.025 46.497
753.230 46.517
753.435 46.540
753.641 46.579
753.846 46.661
754.052 46.692
754.257 46.663
754.462 46.684
754.668 46.733
754.873 46.730
755.079 46.717
755.284 46.690
755.489 46.711
755.695 46.642
755.900 46.661
756.106 46.704
756.311 46.731
756.516 46.700
756.722 46.660
756.927 46.656
757.133 46.619
757.338 46.551
757.543 46.503
757.749 46.468
757.954 46.426
758.160 46.352
758.365 46.307
758.570 46.369
758.776 46.386
758.981 46.377
759.187 46.380
759.392 46.442
759.597 46.469
759.803 46.428
760.008 46.473
760.214 46.496
760.419 46.453
760.624 46.410
760.830 46.550
761.035 46.600
761.241 46.570
761.446 46.560
761.651 46.578
761.857 46.621
762.062 46.635
762.268 46.624
762.473 46.634
762.678 46.640
762.884 46.657
763.089 46.661
763.295 46.730
763.500 46.854
763.709 46.857
763.918 46.834
764.126 46.848
764.335 46.844
764.544 46.851
764.753 46.855
764.962 46.921
765.171 46.902
765.379 46.843
765.588 46.863
765.797 46.889
766.006 46.909
766.215 46.925
766.424 46.966
766.632 47.012
766.841 47.053
767.050 47.087
767.259 47.073
767.468 47.122
767.677 47.083
767.885 46.953
768.094 46.918
768.303 46.949
768.512 46.971
768.721 47.002
768.929 46.961
769.138 47.018
769.347 47.061
769.556 47.041
769.765 47.056
769.974 47.053
770.182 47.024
770.391 47.010
770.600 47.001
770.809 47.016
771.018 47.070
771.227 47.041
771.435 47.007
771.644 46.990
771.853 47.026
772.062 47.068
772.271 47.094
772.480 47.077
772.688 47.064
772.897 47.066
773.106 47.031
773.315 47.052
773.524 47.053
773.732 47.073
773.941 47.055
774.150 47.045
774.359 47.008
774.568 46.982
774.777 46.949
774.985 46.901
775.194 46.833
775.403 46.833
775.612 46.866
775.821 46.927
776.030 46.989
776.238 46.884
776.447 46.791
776.656 46.830
776.865 46.905
777.074 46.930
777.283 46.993
777.491 47.035
777.700 46.954
777.909 46.856
778.118 46.686
778.327 46.671
778.535 46.791
778.744 46.899
778.953 46.979
779.162 47.019
779.371 47.044
779.580 47.106
779.788 47.141
779.997 47.148
780.206 47.069
780.415 46.983
780.624 47.005
780.833 47.063
781.041 47.001
781.250 46.913
781.459 46.890
781.668 46.880
781.877 46.849
782.086 46.971
782.294 47.037
782.503 47.168
782.712 47.202
782.921 47.140
783.130 47.072
783.338 47.094
783.547 47.139
783.756 47.105
783.965 47.069
784.174 47.048
784.383 47.123
784.591 47.200
784.800 47.261
785.009 47.268
785.218 47.270
785.427 47.335
785.636 47.368
785.844 47.358
786.053 47.335
786.262 47.360
786.471 47.325
786.680 47.365
786.889 47.341
787.097 47.295
787.306 47.289
787.515 47.270
787.724 47.216
787.933 47.191
788.141 47.242
788.350 47.216
788.559 47.160
788.768 47.124
788.977 47.094
789.186 47.084
789.394 47.154
789.603 47.147
789.812 47.078
790.021 47.099
790.230 47.174
790.439 47.305
790.647 47.266
790.856 47.241
791.065 47.211
791.274 47.211
791.483 47.253
791.692 47.261
791.900 47.301
792.109 47.288
792.318 47.290
792.527 47.307
792.736 47.412
792.944 47.438
793.153 47.422
793.362 47.432
793.571 47.373
793.780 47.333
793.989 47.382
794.197 47.442
794.406 47.452
794.615 47.389
794.824 47.220
795.033 47.205
795.242 47.262
795.450 47.277
795.659 47.267
795.868 47.234
796.077 47.232
796.286 47.284
796.495 47.323
796.703 47.358
796.912 47.377
797.121 47.375
797.330 47.369
797.539 47.342
797.747 47.462
797.956 47.537
798.165 47.458
798.374 47.419
798.583 47.414
798.792 47.316
799.000 47.341
799.209 47.426
799.418 47.554
799.627 47.621
799.836 47.624
800.045 47.692
800.253 47.813
800.462 47.886
800.671 47.824
800.880 47.828
801.089 47.840
801.298 47.818
801.506 47.749
801.715 47.846
801.924 48.001
802.133 47.971
802.342 47.988
802.550 48.030
802.759 48.120
802.968 48.183
803.177 48.264
803.386 48.245
803.595 48.189
803.803 48.158
804.012 48.118
804.221 48.192
804.430 48.233
804.639 48.307
804.848 48.268
805.056 48.289
805.265 48.314
805.474 48.354
805.683 48.331
805.892 48.338
806.101 48.366
806.309 48.296
806.518 48.177
806.727 48.153
806.936 48.244
807.145 48.196
807.353 48.137
807.562 48.127
807.771 48.161
807.980 48.165
808.189 48.064
808.398 48.020
808.606 48.072
808.815 48.116
809.024 48.032
809.233 48.101
809.442 48.150
809.651 48.056
809.859 47.950
810.068 47.983
810.277 48.082
810.486 47.965
810.695 47.897
810.904 48.012
811.112 48.045
811.321 48.060
811.530 48.082
811.741 48.113
811.953 48.190
812.164 48.221
812.375 48.228
812.586 48.248
812.798 48.246
813.009 48.214
813.220 48.218
813.431 48.208
813.643 48.226
813.854 48.336
814.065 48.438
814.276 48.490
814.488 48.556
814.699 48.521
814.910 48.600
815.121 48.583
815.333 48.463
815.544 48.458
815.755 48.353
815.966 48.303
816.178 48.358
816.389 48.335
816.600 48.306
816.811 48.350
817.023 48.437
817.234 48.518
817.445 48.494
817.656 48.533
817.868 48.722
818.079 48.759
818.290 48.688
818.502 48.685
818.713 48.737
818.924 48.693
819.135 48.687
819.347 48.622
819.558 48.639
819.769 48.832
819.980 48.894
820.192 48.975
820.403 48.984
820.614 48.977
820.825 49.074
821.037 49.159
821.248 49.302
821.459 49.322
821.670 49.271
821.882 49.164
822.093 49.038
822.304 48.916
822.515 48.852
822.727 48.867
822.938 48.908
823.149 48.950
823.360 49.011
823.572 49.149
823.783 49.284
823.994 49.366
824.205 49.209
824.417 49.136
824.628 49.159
824.839 49.161
825.051 49.140
825.262 49.060
825.473 49.034
825.684 48.989
825.896 48.961
826.107 48.919
826.318 49.016
826.529 49.095
826.741 49.027
826.952 48.970
827.163 49.011
827.374 49.088
827.586 49.038
827.797 49.077
828.008 49.118
828.219 49.131
828.431 49.199
828.642 49.404
828.853 49.594
829.064 49.659
829.276 49.739
829.487 49.683
829.698 49.641
829.909 49.633
830.121 49.601
830.332 49.664
830.543 49.693
830.754 49.745
830.966 49.706
831.177 49.678
831.388 49.774
831.600 49.699
831.811 49.664
832.022 49.886
832.233 50.018
832.445 49.752
832.656 49.651
832.867 49.621
833.078 49.510
833.290 49.357
833.501 49.405
833.712 49.447
833.923 49.472
834.135 49.505
834.346 49.489
834.557 49.384
834.768 49.441
834.980 49.677
835.191 49.707
835.402 49.774
835.613 49.903
835.825 50.052
836.036 50.084
836.247 50.156
836.458 50.235
836.670 50.177
836.881 50.390
837.092 50.455
837.303 50.424
837.515 50.538
837.726 50.572
837.937 50.501
838.148 50.596
838.360 50.707
838.571 50.751
838.782 50.776
838.994 50.837
839.205 50.690
839.416 50.520
839.627 50.581
839.839 50.611
840.050 50.597
840.261 50.481
840.472 50.543
840.684 50.490
840.895 50.325
841.106 50.155
841.317 50.032
841.529 50.066
841.740 50.100
841.951 49.978
842.162 50.029
842.374 50.184
842.585 50.159
842.796 50.087
843.007 50.156
843.219 50.325
843.430 50.430
843.641 50.414
843.852 50.333
844.064 50.237
844.275 50.186
844.486 50.190
844.697 50.208
844.909 50.164
845.120 50.214
845.331 50.152
845.543 50.313
845.754 50.438
845.965 50.394
846.176 50.425
846.388 50.546
846.599 50.615
846.810 50.674
847.021 50.615
847.233 50.763
847.444 50.895
847.655 50.987
847.866 50.911
848.078 51.064
848.289 51.320
848.500 51.369
848.711 51.461
848.923 51.578
849.134 51.583
849.345 51.550
849.556 51.434
849.768 51.440
849.979 51.394
850.190 51.404
850.401 51.491
850.613 51.662
850.824 51.733
851.035 51.737
851.246 51.572
851.458 51.671
851.669 51.659
851.880 51.406
852.092 51.285
852.303 51.497
852.514 51.798
852.725 51.981
852.937 51.992
853.148 51.972
853.359 51.908
853.570 51.967
853.782 52.161
853.993 52.291
854.204 52.237
854.415 52.179
854.627 52.190
854.838 52.276
855.049 52.357
855.260 52.444
855.472 52.319
855.683 52.340
855.894 52.493
856.105 52.614
856.317 52.707
856.528 52.659
856.739 52.470
856.950 52.234
857.162 51.985
857.373 51.995
857.584 51.943
857.795 51.950
858.007 51.955
858.218 51.758
858.429 51.975
858.640 52.546
858.852 52.454
859.063 52.389
859.274 52.429
859.486 52.143
859.697 51.812
859.908 52.074
860.119 52.288
860.331 52.166
860.542 52.158
860.753 52.347
860.964 52.495
861.176 52.682
861.387 52.700
861.598 52.796
861.809 52.859
862.021 52.782
862.232 52.735
862.443 52.721
862.654 52.903
862.866 52.780
863.077 52.444
863.288 52.801
863.499 53.135
863.711 53.268
863.922 53.484
864.133 53.845
864.344 53.637
864.556 53.292
864.767 53.050
864.978 52.714
865.189 52.657
865.401 52.699
865.612 52.618
865.823 52.526
866.035 52.377
866.246 52.305
866.457 52.624
866.668 52.843
866.880 52.958
867.091 53.000
867.302 52.856
867.513 52.891
867.725 52.968
867.936 53.075
868.147 52.978
868.358 52.945
868.570 52.831
868.781 53.071
868.992 53.416
869.203 53.736
869.415 54.127
869.626 54.394
869.837 54.317
870.048 54.457
870.260 54.567
870.471 54.793
870.682 54.829
870.893 54.654
871.105 54.741
871.316 54.812
871.527 54.765
871.738 55.139
871.950 55.370
872.161 55.264
872.372 54.914
872.584 54.684
872.795 54.618
873.006 54.511
873.217 54.440
873.429 54.435
873.640 54.425
873.851 54.215
874.062 53.883
874.274 53.738
874.485 53.722
874.696 53.883
874.907 53.794
875.119 53.882
875.330 53.833
875.541 53.555
875.752 53.305
875.964 53.333
876.175 53.171
876.386 52.959
876.597 53.009
876.809 53.242
877.020 53.566
877.231 53.635
877.442 53.777
877.654 53.885
877.865 53.843
878.076 53.747
878.287 53.610
878.499 53.509
878.710 53.713
878.921 53.647
879.133 53.450
879.344 53.652
879.555 53.926
879.766 54.263
879.978 54.350
880.189 54.534
880.400 54.720
880.611 54.763
880.823 54.916
881.034 55.044
881.245 55.008
881.456 54.735
881.668 54.520
881.879 54.481
882.090 54.575
882.301 54.586
882.513 54.473
882.724 54.667
882.935 54.761
883.146 54.635
883.358 54.854
883.569 54.861
883.780 54.738
883.991 54.727
884.203 54.605
884.414 54.680
884.625 54.647
884.836 54.370
885.048 54.339
885.259 54.395
885.470 54.331
885.682 54.373
885.893 54.541
886.104 54.832
886.315 54.871
886.527 54.724
886.738 54.799
886.949 54.979
887.160 55.105
887.372 55.140
887.583 55.354
887.794 55.227
888.005 55.422
888.217 55.411
888.428 55.200
888.639 55.295
888.850 55.395
889.062 55.394
889.273 55.471
889.484 55.346
889.695 55.088
889.907 55.076
890.118 55.015
890.329 55.054
890.540 55.082
890.752 55.205
890.963 55.243
891.174 55.309
891.385 55.627
891.597 55.643
891.808 55.759
892.019 55.705
892.231 55.730
892.442 55.680
892.653 55.798
892.864 55.724
893.076 56.149
893.287 56.976
893.498 57.051
893.709 57.295
893.921 57.350
894.132 57.440
894.343 57.383
894.554 57.294
894.766 57.502
894.977 57.721
895.188 57.734
895.399 57.712
895.611 57.437
895.822 57.112
896.033 57.102
896.244 57.006
896.456 57.221
896.667 57.395
896.878 57.552
897.089 57.569
897.301 57.568
897.512 57.000
897.723 56.244
897.934 56.308
898.146 56.352
898.357 56.397
898.568 56.370
898.779 56.400
898.991 56.620
899.202 56.589
899.413 56.407
899.625 56.407
899.836 56.752
900.047 57.348
900.258 57.393
900.470 57.457
900.681 57.698
900.892 57.633
901.103 57.538
901.315 57.525
901.526 57.552
901.737 57.785
901.948 57.960
902.160 57.766
902.371 57.644
902.582 57.370
902.793 57.403
903.005 57.509
903.216 57.763
903.427 57.885
903.638 57.686
903.850 57.775
904.061 58.001
904.272 57.983
904.483 57.450
904.695 57.416
904.906 57.524
905.117 57.480
905.328 57.210
905.540 57.125
905.751 56.787
905.962 56.744
906.174 56.844
906.385 56.509
906.596 56.468
906.807 56.815
907.019 57.263
907.230 57.523
907.441 57.793
907.652 57.878
907.864 57.808
908.075 57.706
908.286 57.320
908.497 56.925
908.709 56.549
908.920 56.857
909.131 57.082
909.342 57.204
909.554 57.431
909.765 57.897
909.976 58.048
910.187 58.442
910.399 58.463
910.610 58.482
910.821 58.869
911.032 59.107
911.244 58.815
911.455 58.416
911.666 58.481
911.877 58.614
912.089 58.503
912.300 58.495
912.515 58.761
912.730 59.139
912.944 59.285
913.159 59.834
913.374 60.181
913.589 60.173
913.803 60.128
914.018 59.955
914.233 59.395
914.448 59.489
914.663 59.608
914.877 59.917
915.092 59.969
915.307 59.992
915.522 60.117
915.736 60.517
915.951 60.719
916.166 60.668
916.381 60.284
916.596 60.269
916.810 60.815
917.025 60.987
917.240 61.008
917.455 61.139
917.669 60.492
917.884 59.630
918.099 59.457
918.314 59.572
918.529 60.188
918.743 61.187
918.958 61.426
919.173 61.337
919.388 61.197
919.602 61.288
919.817 61.609
920.032 61.936
920.247 62.312
920.462 63.063
920.676 63.453
920.891 63.562
921.106 63.434
921.321 62.881
921.535 62.865
921.750 63.136
921.965 63.562
922.180 64.159
922.395 64.640
922.609 65.053
922.824 65.187
923.039 64.893
923.254 64.178
923.469 63.981
923.683 64.008
923.898 63.468
924.113 63.089
924.328 63.109
924.542 63.174
924.757 62.576
924.972 62.169
925.187 61.739
925.402 61.812
925.616 62.056
925.831 62.405
926.046 62.243
926.261 62.337
926.475 62.240
926.690 62.376
926.905 63.127
927.120 63.417
927.335 63.218
927.549 63.383
927.764 63.853
927.979 63.668
928.194 63.671
928.408 64.270
928.623 64.607
928.838 64.910
929.053 65.319
929.268 65.510
929.482 64.864
929.697 64.829
929.912 65.077
930.127 65.101
930.341 65.653
930.556 66.573
930.771 66.611
930.986 66.518
931.201 66.093
931.415 65.563
931.630 65.729
931.845 66.352
932.060 66.530
932.274 67.109
932.489 67.447
932.704 67.889
932.919 68.214
933.134 67.911
933.348 67.621
933.563 66.916
933.778 66.894
933.993 68.110
934.207 68.695
934.422 68.715
934.637 69.017
934.852 68.308
935.067 67.613
935.281 67.505
935.496 68.432
935.711 69.664
935.926 69.897
936.140 69.987
936.355 70.308
936.570 70.375
936.785 69.763
937.000 69.690
937.214 70.079
937.429 70.624
937.644 71.490
937.859 71.634
938.073 71.829
938.288 72.054
938.503 71.982
938.718 72.223
938.933 73.533
939.147 75.059
939.362 76.018
939.577 76.521
939.792 76.488
940.007 75.943
940.221 75.308
940.436 75.348
940.651 75.171
940.866 75.239
941.080 75.288
941.295 75.806
941.510 76.162
941.725 75.884
941.940 76.117
942.154 76.074
942.369 76.272
942.584 76.782
942.799 77.394
943.013 77.747
943.228 77.909
943.443 77.307
943.658 75.563
943.873 75.080
944.087 75.372
944.302 75.575
944.517 75.279
944.732 75.073
944.946 74.378
945.161 74.751
945.376 74.268
945.591 74.492
945.806 74.608
946.020 75.446
946.235 76.852
946.450 76.724
946.665 76.685
946.879 76.510
947.094 76.494
947.309 76.042
947.524 76.032
947.739 75.725
947.953 74.859
948.168 75.280
948.383 75.272
948.598 74.955
948.812 75.984
949.027 75.195
949.242 74.453
949.457 75.971
949.672 76.313
949.886 75.974
950.101 75.723
950.316 76.106
950.531 75.824
950.745 75.030
950.960 75.722
951.175 76.585
951.390 77.404
951.605 77.742
951.819 79.001
952.034 80.318
952.249 81.767
952.464 81.782
952.678 81.950
952.893 82.009
953.108 80.945
953.323 79.489
953.538 80.490
953.752 80.844
953.967 79.493
954.182 78.810
954.397 80.149
954.611 80.777
954.826 79.837
955.041 79.724
955.256 79.507
955.471 78.228
955.685 77.439
955.900 76.723
956.115 79.415
956.330 84.298
956.544 82.685
956.759 80.786
956.974 81.687
957.189 82.258
957.404 82.536
957.618 83.576
957.833 83.987
958.048 83.752
958.263 84.521
958.478 85.598
958.692 86.032
958.907 85.844
959.122 85.357
959.337 85.420
959.551 85.082
959.766 84.425
959.981 84.959
960.196 85.189
960.411 84.965
960.625 81.593
960.840 75.372
961.055 74.470
961.270 74.821
961.484 74.224
961.699 73.603
961.914 73.453
962.129 74.185
962.344 76.351
962.558 78.378
962.773 78.869
962.988 80.076
963.203 81.826
963.417 81.951
963.632 82.426
963.847 82.917
964.062 83.283
964.277 83.738
964.491 82.632
964.706 82.699
964.921 83.261
965.136 83.454
965.350 84.011
965.565 84.896
965.780 85.049
965.987 85.131
966.194 85.962
966.402 86.100
966.609 85.308
966.816 83.929
967.023 81.914
967.231 81.742
967.438 80.875
967.645 78.980
967.852 78.193
968.059 77.691
968.267 78.265
968.474 79.995
968.681 80.433
968.888 81.705
969.096 81.489
969.303 81.265
969.510 82.261
969.717 82.809
969.925 83.720
970.132 83.364
970.339 82.647
970.546 81.344
970.753 81.580
970.961 83.069
971.168 83.191
971.375 83.713
971.582 82.590
971.790 81.637
971.997 81.965
972.204 81.583
972.411 81.734
972.618 82.906
972.826 81.948
973.033 81.769
973.240 81.488
973.447 81.583
973.655 81.955
973.862 81.058
974.069 80.714
974.276 81.511
974.483 82.034
974.691 83.171
974.898 84.164
975.105 84.496
975.312 83.740
975.520 83.207
975.727 83.422
975.934 84.208
976.141 84.565
976.349 84.160
976.556 85.488
976.763 85.558
976.970 84.505
977.177 83.318
977.385 83.306
977.592 83.473
977.799 83.430
978.006 84.356
978.214 86.194
978.421 87.342
978.628 85.821
978.835 85.612
979.042 84.397
979.250 83.956
979.457 84.444
979.664 84.418
979.871 84.885
980.079 86.442
980.286 85.425
980.493 84.597
980.700 85.825
980.907 87.309
981.115 86.889
981.322 85.527
981.529 86.576
981.736 86.155
981.944 85.832
982.151 86.938
982.358 86.615
982.565 85.504
982.773 84.077
982.980 84.790
983.187 87.098
983.394 90.558
983.601 89.701
983.809 87.571
984.016 85.623
984.223 84.050
984.430 81.881
984.638 82.267
984.845 84.374
985.052 86.457
985.259 85.256
985.466 86.014
985.674 86.625
985.881 87.091
986.088 88.516
986.295 90.212
986.503 90.580
986.710 90.602
986.917 90.043
987.124 90.274
987.331 90.043
987.539 88.976
987.746 87.015
987.953 87.935
988.160 90.822
988.368 93.862
988.575 96.377
988.782 97.921
988.989 97.992
989.197 97.107
989.404 95.183
989.611 94.298
989.818 91.409
990.025 91.100
990.233 90.815
990.440 90.008
990.647 87.102
990.854 85.913
991.062 86.900
991.269 87.361
991.476 86.903
991.683 87.130
991.890 87.201
992.098 87.467
992.305 89.431
992.512 88.221
992.719 87.460
992.927 88.010
993.134 87.630
993.341 88.482
993.548 88.004
993.755 86.165
993.963 85.532
994.170 86.339
994.377 85.506
994.584 84.577
994.792 88.364
994.999 93.569
995.206 93.911
995.413 92.550
995.621 93.895
995.828 95.002
996.035 94.078
996.242 93.425
996.449 94.292
996.657 94.141
996.864 93.086
997.071 91.661
997.278 89.869
997.486 91.835
997.693 91.866
997.900 92.402
998.107 93.203
998.314 92.970
998.522 95.587
998.729 97.733
998.936 97.743
999.143 95.410
999.351 94.141
999.558 93.866
999.765 94.615
999.972 93.708
1000.179 92.955
1000.387 93.928
1000.594 94.657
1000.801 93.826
1001.008 93.388
1001.216 94.157
1001.423 96.374
1001.630 96.811
1001.837 92.735
1002.045 92.418
1002.252 93.808
1002.459 95.092
1002.666 97.623
1002.873 98.242
1003.081 98.047
1003.288 97.002
1003.495 94.594
1003.702 92.878
1003.910 95.249
1004.117 97.863
1004.324 96.805
1004.531 98.015
1004.738 99.608
1004.946 98.503
1005.153 97.741
1005.360 97.685
1005.567 101.875
1005.775 102.144
1005.982 100.850
1006.189 101.588
1006.396 100.933
1006.603 98.475
1006.811 96.655
1007.018 93.504
1007.225 93.002
1007.432 94.585
1007.640 99.436
1007.847 100.829
1008.054 100.901
1008.261 97.318
1008.469 93.856
1008.676 96.767
1008.883 100.081
1009.090 101.835
1009.297 100.702
1009.505 101.268
1009.712 101.287
1009.919 96.146
1010.126 93.390
1010.334 94.598
1010.541 94.669
1010.748 96.177
1010.955 98.093
1011.162 99.528
1011.370 105.602
1011.577 105.922
1011.784 104.264
1011.991 100.607
1012.199 96.450
1012.406 95.791
1012.613 99.576
1012.820 98.212
1013.027 92.989
1013.235 88.909
1013.442 85.178
1013.649 89.064
1013.856 93.343
1014.064 95.702
1014.271 95.809
1014.478 95.312
1014.685 95.723
1014.893 97.327
1015.100 97.592
1015.307 97.264
1015.514 96.908
1015.721 91.412
1015.929 90.192
1016.136 89.943
1016.343 90.630
1016.550 98.186
