292.253 86.241
292.450 88.310
292.647 88.719
292.845 89.046
293.042 89.699
293.239 90.238
293.437 89.345
293.634 87.730
293.831 87.139
294.029 87.201
294.226 87.235
294.423 89.928
294.621 89.828
294.818 88.866
295.015 88.286
295.213 89.055
295.410 90.737
295.607 91.469
295.805 91.304
296.002 90.302
296.199 90.078
296.397 89.213
296.594 87.470
296.791 86.444
296.989 86.534
297.186 85.422
297.383 83.874
297.581 84.993
297.778 86.694
297.975 87.181
298.173 86.489
298.370 86.471
298.567 87.085
298.765 87.314
298.962 88.912
299.159 89.635
299.357 89.345
299.554 89.123
299.751 89.366
299.949 88.621
300.146 89.383
300.343 88.843
300.541 87.344
300.738 87.835
300.935 89.093
301.133 88.962
301.330 89.712
301.527 91.281
301.725 90.694
301.922 89.446
302.119 89.496
302.317 91.097
302.514 90.870
302.711 89.529
302.909 88.960
303.106 86.991
303.303 86.063
303.501 86.422
303.698 86.077
303.895 85.390
304.093 85.111
304.290 84.969
304.487 85.841
304.685 86.258
304.882 85.477
305.079 84.661
305.277 83.897
305.474 83.477
305.671 82.241
305.869 82.227
306.066 83.080
306.263 82.477
306.461 81.225
306.658 81.451
306.855 81.760
307.053 81.170
307.250 82.022
307.447 82.841
307.645 82.890
307.842 82.678
308.039 82.511
308.237 82.583
308.434 82.120
308.631 81.698
308.829 82.067
309.026 81.934
309.223 81.682
309.421 82.055
309.618 81.610
309.815 82.035
310.013 81.971
310.210 81.201
310.407 81.394
310.605 81.456
310.802 81.377
310.999 81.630
311.197 83.510
311.394 84.221
311.591 83.608
311.789 82.564
311.986 81.725
312.183 80.982
312.381 80.589
312.578 80.571
312.775 79.615
312.973 78.986
313.170 79.120
313.347 79.140
313.523 78.803
313.700 78.672
313.877 78.914
314.054 78.962
314.230 79.638
314.407 80.107
314.584 79.854
314.761 78.904
314.937 78.527
315.114 77.627
315.291 75.526
315.467 75.205
315.644 76.087
315.821 76.598
315.998 76.786
316.174 76.480
316.351 76.770
316.528 77.093
316.704 76.532
316.881 76.211
317.058 75.441
317.235 75.299
317.411 75.330
317.588 75.162
317.765 75.244
317.942 74.551
318.118 73.317
318.295 73.771
318.472 74.715
318.648 75.304
318.825 75.711
319.002 75.942
319.179 74.808
319.355 73.396
319.532 73.184
319.709 73.481
319.885 73.855
320.062 73.177
320.239 73.102
320.416 72.513
320.592 72.646
320.769 72.576
320.946 71.843
321.123 72.465
321.299 71.968
321.476 71.732
321.653 71.892
321.829 71.588
322.006 71.009
322.183 70.943
322.360 69.802
322.536 68.270
322.713 68.245
322.890 69.245
323.066 70.268
323.243 70.344
323.420 69.951
323.597 69.668
323.773 68.943
323.950 68.821
324.127 69.924
324.304 69.620
324.480 69.997
324.657 70.747
324.834 69.761
325.010 69.139
325.187 68.483
325.364 69.154
325.541 70.707
325.717 69.440
325.894 67.978
326.071 67.956
326.248 68.408
326.424 67.960
326.601 67.070
326.778 66.107
326.954 65.064
327.131 64.432
327.308 63.726
327.485 64.223
327.661 64.216
327.838 64.298
328.015 65.038
328.191 65.136
328.368 65.044
328.545 65.495
328.722 66.158
328.898 65.527
329.075 63.948
329.252 62.815
329.429 63.637
329.605 64.140
329.782 63.199
329.959 62.221
330.135 62.962
330.312 63.596
330.489 64.148
330.666 65.034
330.842 65.853
331.019 65.942
331.196 65.537
331.372 65.157
331.549 64.464
331.726 64.236
331.903 63.902
332.079 64.297
332.256 63.998
332.433 62.984
332.610 63.318
332.786 63.361
332.963 63.264
333.140 62.844
333.316 62.546
333.493 62.807
333.670 62.930
333.847 62.765
334.023 62.387
334.200 61.684
334.377 61.340
334.553 60.781
334.730 60.459
334.907 59.392
335.084 58.485
335.260 58.183
335.437 57.451
335.614 57.163
335.791 55.879
335.967 55.805
336.144 57.181
336.321 57.561
336.497 57.300
336.674 56.369
336.851 56.440
337.028 56.691
337.204 57.159
337.381 57.287
337.558 56.778
337.734 56.469
337.911 56.396
338.088 56.579
338.265 56.621
338.441 56.390
338.618 57.234
338.795 58.756
338.972 59.203
339.148 58.988
339.325 58.569
339.502 58.520
339.678 58.288
339.855 56.855
340.032 56.132
340.209 56.219
340.385 56.506
340.562 56.307
340.739 56.206
340.916 56.311
341.092 56.045
341.269 56.024
341.446 56.314
341.622 55.392
341.799 54.207
341.976 53.679
342.153 53.453
342.329 53.059
342.506 52.211
342.683 52.515
342.859 53.319
343.036 53.422
343.213 53.478
343.390 53.128
343.566 52.944
343.743 52.491
343.920 52.092
344.097 51.871
344.273 51.643
344.450 51.194
344.627 50.468
344.803 50.163
344.980 50.380
345.157 50.060
345.334 50.786
345.510 51.131
345.687 51.239
345.864 51.670
346.040 51.978
346.217 51.335
346.394 50.108
346.571 49.298
346.747 49.558
346.924 49.934
347.101 50.351
347.278 50.655
347.454 50.534
347.631 50.646
347.808 50.788
347.984 50.468
348.161 50.017
348.338 49.880
348.515 49.996
348.691 49.457
348.868 49.138
349.045 48.768
349.221 48.203
349.398 48.110
349.575 47.763
349.752 46.772
349.928 46.821
350.105 47.111
350.282 46.946
350.459 46.698
350.635 45.950
350.812 45.186
350.989 44.724
351.165 44.622
351.342 44.447
351.519 44.265
351.696 44.426
351.872 44.335
352.049 43.828
352.226 43.441
352.402 43.325
352.579 43.692
352.756 44.194
352.933 44.511
353.109 44.144
353.286 44.343
353.463 44.936
353.640 44.651
353.816 44.249
353.993 43.729
354.170 43.569
354.346 43.688
354.523 43.415
354.700 43.348
354.877 43.268
355.053 43.080
355.230 43.154
355.407 43.369
355.584 43.709
355.760 43.612
355.937 43.103
356.114 42.698
356.290 42.154
356.467 41.632
356.644 41.382
356.821 41.304
356.997 41.024
357.174 40.808
357.351 40.725
357.527 40.719
357.704 40.907
357.881 40.605
358.058 40.424
358.234 40.641
358.411 40.684
358.588 41.111
358.765 40.926
358.941 40.509
359.118 40.267
359.295 39.780
359.471 39.938
359.648 39.946
359.825 40.184
360.002 40.146
360.178 40.241
360.355 40.741
360.532 40.717
360.708 40.011
360.885 39.914
361.062 40.220
361.239 40.193
361.415 40.483
361.592 40.620
361.769 40.067
361.946 39.633
362.122 39.537
362.299 39.006
362.476 39.110
362.652 39.039
362.829 38.356
363.006 37.698
363.183 37.530
363.359 37.616
363.536 37.295
363.713 36.865
363.889 36.168
364.066 35.304
364.243 35.011
364.420 35.336
364.596 35.098
364.773 34.484
364.950 34.384
365.127 33.823
365.303 33.568
365.480 33.787
365.660 33.809
365.839 33.604
366.019 33.557
366.199 33.785
366.379 33.638
366.558 33.674
366.738 34.159
366.918 34.113
367.098 34.162
367.277 34.243
367.457 34.481
367.637 34.250
367.816 34.329
367.996 34.515
368.176 34.258
368.356 34.098
368.535 33.872
368.715 33.499
368.895 33.377
369.075 32.984
369.254 32.889
369.434 32.841
369.614 32.361
369.793 32.114
369.973 31.608
370.153 31.488
370.333 31.704
370.512 31.603
370.692 31.612
370.872 31.607
371.051 31.396
371.231 31.044
371.411 31.087
371.591 30.602
371.770 29.957
371.950 29.696
372.130 29.678
372.310 30.244
372.489 30.631
372.669 30.481
372.849 30.646
373.028 30.561
373.208 30.292
373.388 30.304
373.568 30.072
373.747 29.796
373.927 29.573
374.107 28.853
374.287 28.735
374.466 28.962
374.646 28.983
374.826 28.920
375.005 28.814
375.185 28.702
375.365 28.735
375.545 29.095
375.724 29.380
375.904 29.024
376.084 28.471
376.263 27.920
376.443 27.825
376.623 27.492
376.803 27.308
376.982 27.375
377.162 27.248
377.342 27.269
377.522 27.375
377.701 27.489
377.881 27.770
378.061 27.711
378.240 27.141
378.420 26.920
378.600 26.800
378.780 26.783
378.959 26.610
379.139 26.596
379.319 26.504
379.499 26.183
379.678 26.306
379.858 26.502
380.038 26.514
380.217 26.486
380.397 26.392
380.577 26.129
380.757 25.732
380.936 25.760
381.116 25.834
381.296 25.692
381.476 25.650
381.655 25.599
381.835 25.257
382.015 25.370
382.194 25.414
382.374 25.383
382.554 25.523
382.734 25.611
382.913 25.446
383.093 25.121
383.273 24.990
383.452 24.959
383.632 24.824
383.812 24.797
383.992 24.731
384.171 24.833
384.351 24.764
384.531 24.650
384.711 24.410
384.890 24.097
385.070 23.958
385.250 23.719
385.429 23.713
385.609 23.901
385.789 23.512
385.969 23.016
386.148 22.885
386.328 22.651
386.508 22.518
386.688 22.652
386.867 22.649
387.047 22.533
387.227 22.223
387.406 21.884
387.586 21.659
387.766 21.479
387.946 21.348
388.125 21.336
388.305 21.562
388.485 21.522
388.664 21.473
388.844 21.565
389.024 21.643
389.204 21.425
389.383 21.221
389.563 21.281
389.743 21.535
389.923 21.529
390.102 21.374
390.282 21.142
390.462 20.973
390.641 20.847
390.821 20.802
391.001 20.890
391.181 21.033
391.360 21.157
391.540 21.366
391.720 21.337
391.900 21.217
392.079 20.925
392.259 20.833
392.439 20.812
392.618 20.656
392.798 20.441
392.978 20.296
393.158 20.195
393.337 20.050
393.517 19.680
393.697 19.430
393.877 19.347
394.056 19.324
394.236 19.364
394.416 19.413
394.595 19.408
394.775 19.230
394.955 18.941
395.135 18.709
395.314 18.549
395.494 18.370
395.674 18.201
395.853 18.101
396.033 18.028
396.213 17.992
396.393 17.822
396.572 17.728
396.752 17.784
396.932 17.755
397.112 17.967
397.291 18.205
397.471 18.196
397.651 18.062
397.830 17.892
398.010 17.842
398.190 17.880
398.370 17.698
398.549 17.658
398.729 17.643
398.909 17.598
399.089 17.379
399.268 17.383
399.448 17.554
399.628 17.588
399.807 17.620
399.987 17.389
400.167 17.289
400.347 17.210
400.526 17.165
400.706 17.200
400.886 16.907
401.065 16.568
401.245 16.476
401.425 16.371
401.605 16.300
401.784 16.088
401.964 15.921
402.144 16.144
402.324 16.326
402.503 16.477
402.683 16.448
402.863 16.416
403.042 16.168
403.222 15.927
403.402 15.934
403.582 15.808
403.761 15.758
403.941 15.830
404.121 15.723
404.301 15.470
404.480 15.312
404.660 15.321
404.844 15.408
405.029 15.539
405.213 15.678
405.398 15.933
405.582 15.951
405.767 15.870
405.951 15.620
406.136 15.356
406.320 15.120
406.505 15.096
406.689 15.130
406.874 15.166
407.058 15.046
407.243 14.922
407.427 14.963
407.612 14.939
407.796 14.802
407.981 14.786
408.165 14.836
408.350 14.800
408.534 14.713
408.719 14.735
408.903 14.514
409.088 14.413
409.272 14.343
409.457 14.324
409.641 14.332
409.826 14.359
410.010 14.353
410.195 14.356
410.379 14.245
410.564 14.064
410.748 13.964
410.933 13.963
411.117 14.010
411.302 13.974
411.486 14.020
411.671 13.949
411.855 13.935
412.040 13.982
412.224 14.058
412.409 13.982
412.593 13.738
412.778 13.759
412.962 13.653
413.147 13.509
413.331 13.439
413.516 13.301
413.700 13.258
413.885 13.735
414.069 14.556
414.254 14.550
414.438 14.673
414.623 14.895
414.807 14.965
414.992 14.829
415.176 14.733
415.361 14.636
415.545 14.598
415.730 14.713
415.914 14.706
416.099 14.575
416.283 14.622
416.468 14.798
416.652 14.800
416.837 14.896
417.021 14.980
417.206 14.972
417.390 15.011
417.575 15.029
417.759 14.533
417.944 13.600
418.128 13.593
418.313 13.416
418.497 13.125
418.682 12.963
418.866 12.971
419.051 13.008
419.235 12.952
419.420 12.973
419.604 12.820
419.789 12.730
419.973 12.740
420.158 12.754
420.342 12.596
420.527 12.543
420.711 12.397
420.896 12.278
421.080 12.231
421.265 12.122
421.449 11.991
421.634 11.897
421.818 11.925
422.003 11.802
422.187 11.780
422.372 11.951
422.556 11.998
422.741 11.989
422.925 12.007
423.110 12.178
423.294 12.194
423.479 12.144
423.663 12.027
423.848 11.929
424.032 11.859
424.217 11.846
424.401 11.782
424.586 11.801
424.770 11.794
424.955 11.802
425.139 11.810
425.324 11.744
425.508 11.567
425.693 11.406
425.877 11.437
426.062 11.489
426.246 11.360
426.431 11.233
426.615 11.113
426.800 10.976
426.984 10.783
427.169 10.734
427.353 10.779
427.538 10.796
427.722 10.772
427.907 10.793
428.091 10.804
428.276 10.723
428.460 10.673
428.645 10.732
428.829 10.802
429.014 10.742
429.198 10.826
429.383 10.991
429.567 11.046
429.752 10.975
429.936 10.889
430.121 10.873
430.305 11.002
430.490 11.070
430.674 11.106
430.859 11.078
431.043 11.055
431.228 11.002
431.412 11.035
431.597 11.082
431.781 11.028
431.966 10.976
432.150 11.053
432.335 11.088
432.519 10.925
432.704 10.675
432.888 10.561
433.073 10.421
433.257 10.318
433.442 10.222
433.626 10.212
433.811 10.202
433.995 10.148
434.180 10.043
434.364 9.919
434.549 9.825
434.733 9.814
434.918 9.693
435.102 9.611
435.287 9.475
435.471 9.321
435.656 9.253
435.840 9.246
436.030 9.180
436.220 9.074
436.410 9.138
436.600 9.320
436.790 9.495
436.980 9.585
437.170 9.608
437.360 9.651
437.550 9.648
437.741 9.643
437.931 9.618
438.121 9.619
438.311 9.685
438.501 9.711
438.691 9.745
438.881 9.789
439.071 9.788
439.261 9.766
439.451 9.819
439.641 9.784
439.831 9.758
440.021 9.834
440.211 9.927
440.401 9.857
440.591 9.648
440.781 9.532
440.971 9.477
441.161 9.490
441.351 9.533
441.542 9.542
441.732 9.599
441.922 9.538
442.112 9.446
442.302 9.385
442.492 9.333
442.682 9.263
442.872 9.341
443.062 9.327
443.252 9.351
443.442 9.309
443.632 9.315
443.822 9.344
444.012 9.244
444.202 9.093
444.392 9.018
444.582 9.274
444.772 9.686
444.962 9.684
445.153 9.641
445.343 9.548
445.533 9.451
445.723 9.342
445.913 9.411
446.103 9.461
446.293 9.487
446.483 9.522
446.673 9.563
446.863 9.485
447.053 9.414
447.243 9.384
447.433 9.369
447.623 9.357
447.813 9.289
448.003 9.264
448.193 9.293
448.383 9.272
448.573 9.054
448.764 8.613
448.954 8.606
449.144 8.586
449.334 8.547
449.524 8.608
449.714 8.663
449.904 8.598
450.094 8.600
450.284 8.631
450.474 8.641
450.664 8.547
450.854 8.504
451.044 8.559
451.234 8.513
451.424 8.445
451.614 8.391
451.804 8.336
451.994 8.315
452.184 8.308
452.375 8.351
452.565 9.010
452.755 10.171
452.945 10.135
453.135 10.118
453.325 10.130
453.515 10.169
453.705 10.179
453.895 10.137
454.085 10.023
454.275 9.872
454.465 9.733
454.655 9.713
454.845 9.716
455.035 9.672
455.225 9.689
455.415 9.730
455.605 9.764
455.795 9.811
455.985 9.843
456.176 9.847
456.366 9.864
456.556 9.247
456.746 8.137
456.936 8.143
457.126 8.154
457.316 8.225
457.506 8.183
457.696 8.091
457.886 8.084
458.076 8.048
458.266 8.044
458.456 8.077
458.646 8.120
458.836 8.138
459.026 8.214
459.216 8.247
459.406 8.281
459.596 8.218
459.787 8.133
459.977 8.062
460.167 8.032
460.357 7.934
460.547 7.812
460.737 7.746
460.927 7.729
461.117 7.695
461.307 7.584
461.497 7.487
461.687 7.488
461.877 7.493
462.067 7.519
462.257 7.551
462.447 7.548
462.637 7.565
462.827 7.576
463.017 7.497
463.207 7.461
463.397 7.402
463.588 7.401
463.778 7.460
463.968 7.495
464.158 7.461
464.348 7.460
464.538 7.521
464.728 7.544
464.918 7.579
465.108 7.633
465.298 7.654
465.488 7.698
465.678 7.625
465.868 7.546
466.058 7.544
466.248 7.511
466.438 7.525
466.628 7.482
466.818 7.391
467.008 7.382
467.199 7.361
467.389 7.378
467.579 7.401
467.769 7.344
467.959 7.348
468.149 7.385
468.339 7.403
468.529 7.383
468.719 7.349
468.909 7.290
469.099 7.236
469.289 7.166
469.479 7.095
469.669 7.128
469.859 7.169
470.049 7.182
470.239 7.178
470.429 7.174
470.619 7.163
470.810 7.156
471.000 7.110
471.190 7.079
471.380 7.031
471.570 6.987
471.760 6.945
471.950 6.897
472.140 6.865
472.330 6.892
472.520 6.879
472.710 6.851
472.900 6.826
473.090 6.810
473.280 6.867
473.470 6.881
473.660 6.879
473.850 6.919
474.040 6.973
474.230 6.984
474.421 6.974
474.611 6.957
474.801 6.972
474.991 7.000
475.181 7.029
475.371 7.052
475.561 7.081
475.751 7.137
475.941 7.129
476.131 7.092
476.321 7.018
476.511 7.018
476.701 7.055
476.891 7.040
477.081 6.998
477.271 6.986
477.461 7.033
477.651 7.020
477.841 6.958
478.031 6.910
478.222 6.921
478.412 6.925
478.602 6.914
478.792 6.853
478.982 6.832
479.172 6.837
479.362 6.800
479.552 6.788
479.742 6.736
479.932 6.717
480.122 6.688
480.312 6.685
480.502 6.680
480.692 6.624
480.882 6.587
481.072 6.564
481.262 6.554
481.452 6.497
481.642 6.465
481.833 6.488
482.023 6.494
482.213 6.467
482.403 6.408
482.593 6.393
482.783 6.424
482.973 6.451
483.163 6.429
483.353 6.419
483.543 6.370
483.733 6.405
483.923 6.420
484.113 6.450
484.303 6.462
484.493 6.429
484.683 6.433
484.873 6.446
485.063 6.474
485.253 6.440
485.443 6.404
485.634 6.379
485.824 6.353
486.014 6.312
486.204 6.321
486.394 6.356
486.584 6.378
486.774 6.353
486.964 6.330
487.154 6.354
487.344 6.383
487.534 6.373
487.724 6.329
487.914 6.295
488.104 6.306
488.294 6.303
488.484 6.315
488.674 6.338
488.864 6.329
489.054 6.291
489.245 6.283
489.435 6.311
489.625 6.362
489.815 6.385
490.005 6.383
490.195 6.384
490.385 6.386
490.575 6.365
490.765 6.387
490.955 6.432
491.145 6.429
491.335 6.393
491.525 6.344
491.715 6.333
491.905 6.357
492.095 6.352
492.285 6.388
492.475 6.408
492.665 6.386
492.856 6.384
493.046 6.434
493.236 6.443
493.426 6.434
493.616 6.440
493.806 6.448
493.996 6.511
494.186 6.496
494.376 6.454
494.566 6.460
494.756 6.487
494.946 6.480
495.136 6.470
495.326 6.473
495.516 6.553
495.706 6.608
495.896 6.636
496.086 6.646
496.276 6.618
496.467 6.568
496.657 6.572
496.847 6.578
497.037 6.517
497.227 6.493
497.417 6.478
497.607 6.450
497.797 6.440
497.987 6.358
498.177 6.323
498.367 6.291
498.557 6.262
498.747 6.227
498.937 6.161
499.127 6.095
499.317 6.091
499.507 6.078
499.697 6.039
499.887 5.970
500.077 5.925
500.268 5.934
500.458 5.957
500.648 5.953
500.838 5.963
501.028 6.019
501.218 6.000
501.408 5.999
501.598 5.982
501.788 5.952
501.978 5.973
502.168 6.001
502.358 6.065
502.548 6.112
502.738 6.121
502.928 6.168
503.118 6.229
503.308 6.241
503.498 6.237
503.688 6.259
503.879 6.303
504.069 6.313
504.259 6.284
504.449 6.264
504.639 6.236
504.829 6.238
505.019 6.226
505.209 6.257
505.399 6.270
505.589 6.278
505.779 6.303
505.969 6.316
506.159 6.304
506.349 6.233
506.539 6.201
506.729 6.200
506.919 6.197
507.109 6.193
507.299 6.208
507.490 6.207
507.680 6.155
507.870 6.141
508.060 6.140
508.250 6.115
508.440 6.086
508.630 6.071
508.820 6.061
509.010 6.012
509.200 5.964
509.390 5.961
509.580 5.974
509.770 5.962
509.960 5.936
510.150 5.938
510.340 5.982
510.530 5.978
510.720 5.971
510.910 5.956
511.100 5.909
511.291 5.855
511.481 5.837
511.671 5.836
511.861 5.803
512.051 5.820
512.241 5.864
512.431 5.866
512.621 5.893
512.811 5.917
513.001 5.969
513.191 5.981
513.381 5.993
513.571 6.005
513.761 5.995
513.951 5.988
514.141 5.967
514.331 5.940
514.521 5.926
514.711 5.901
514.902 5.880
515.092 5.941
515.282 5.985
515.472 5.966
515.662 5.984
515.852 6.010
516.042 5.981
516.232 5.974
516.422 6.029
516.612 6.038
516.802 6.023
516.992 5.974
517.182 5.993
517.372 5.985
517.562 5.968
517.752 5.981
517.942 6.004
518.132 5.995
518.322 5.991
518.513 5.988
518.703 6.004
518.893 6.022
519.083 5.983
519.273 5.927
519.463 5.956
519.653 5.958
519.843 5.942
520.033 5.945
520.223 5.906
520.413 5.843
520.603 5.838
520.793 5.847
520.983 5.889
521.173 5.900
521.363 5.912
521.553 5.919
521.743 5.913
521.933 5.921
522.123 5.962
522.314 6.006
522.504 6.036
522.694 6.060
522.884 6.055
523.074 6.050
523.264 6.063
523.454 6.051
523.644 6.034
523.834 6.029
524.024 6.026
524.214 6.013
524.404 6.005
524.594 5.970
524.784 5.962
524.974 5.920
525.164 5.910
525.354 5.914
525.544 5.915
525.734 5.914
525.925 5.894
526.115 5.887
526.305 5.851
526.495 5.819
526.685 5.778
526.875 5.757
527.065 5.752
527.255 5.748
527.445 5.710
527.635 5.686
527.825 5.683
528.015 5.696
528.205 5.751
528.395 5.832
528.585 5.885
528.775 5.873
528.965 5.906
529.155 5.925
529.345 5.882
529.535 5.852
529.726 5.822
529.916 5.814
530.106 5.807
530.296 5.811
530.486 5.809
530.676 5.838
530.866 5.854
531.056 5.859
531.246 5.892
531.436 5.927
531.626 5.962
531.816 5.972
532.006 5.989
532.196 5.993
532.386 5.955
532.576 5.915
532.766 5.881
532.956 5.872
533.146 5.852
533.337 5.869
533.527 5.889
533.717 5.928
533.907 5.913
534.097 5.901
534.287 5.938
534.477 5.943
534.667 5.927
534.857 5.926
535.047 5.929
535.237 5.933
535.427 5.947
535.617 5.948
535.807 5.952
535.997 5.931
536.187 5.903
536.377 5.889
536.567 5.891
536.757 5.918
536.948 5.901
537.138 5.872
537.328 5.855
537.518 5.836
537.708 5.821
537.898 5.831
538.088 5.838
538.278 5.819
538.468 5.811
538.658 5.785
538.848 5.790
539.038 5.806
539.228 5.779
539.418 5.741
539.608 5.737
539.798 5.720
539.988 5.734
540.178 5.758
540.368 5.740
540.558 5.769
540.749 5.777
540.939 5.784
541.129 5.831
541.319 5.886
541.509 5.901
541.699 5.923
541.889 5.948
542.079 5.955
542.269 5.957
542.459 5.953
542.649 5.930
542.839 5.886
543.029 5.866
543.219 5.884
543.409 5.891
543.599 5.892
543.789 5.912
543.979 5.885
544.169 5.836
544.360 5.847
544.550 5.834
544.740 5.845
544.930 5.820
545.120 5.766
545.310 5.714
545.500 5.700
545.690 5.660
545.880 5.637
546.070 5.646
546.267 5.633
546.463 5.638
546.660 5.671
546.857 5.696
547.054 5.685
547.251 5.650
547.447 5.625
547.644 5.599
547.841 5.586
548.038 5.596
548.234 5.628
548.431 5.646
548.628 5.670
548.825 5.648
549.021 5.633
549.218 5.634
549.415 5.633
549.612 5.662
549.808 5.686
550.005 5.713
550.202 5.688
550.399 5.682
550.595 5.723
550.792 5.755
550.989 5.775
551.186 5.775
551.382 5.792
551.579 5.836
551.776 5.852
551.973 5.844
552.169 5.822
552.366 5.786
552.563 5.762
552.760 5.702
552.956 5.700
553.153 5.723
553.350 5.736
553.547 5.734
553.743 5.706
553.940 5.711
554.137 5.687
554.334 5.678
554.530 5.679
554.727 5.615
554.924 5.574
555.121 5.556
555.317 5.566
555.514 5.571
555.711 5.548
555.908 5.548
556.104 5.566
556.301 5.600
556.498 5.634
556.695 5.634
556.891 5.646
557.088 5.641
557.285 5.674
557.482 5.723
557.678 5.751
557.875 5.762
558.072 5.741
558.269 5.740
558.465 5.779
558.662 5.791
558.859 5.809
559.056 5.829
559.252 5.823
559.449 5.811
559.646 5.826
559.843 5.849
560.039 5.868
560.236 5.851
560.433 5.826
560.630 5.813
560.826 5.822
561.023 5.826
561.220 5.837
561.417 5.817
561.613 5.756
561.810 5.720
562.007 5.702
562.204 5.698
562.400 5.710
562.597 5.674
562.794 5.679
562.991 5.694
563.187 5.691
563.384 5.709
563.581 5.726
563.778 5.753
563.974 5.775
564.171 5.760
564.368 5.778
564.565 5.818
564.761 5.844
564.958 5.863
565.155 5.904
565.352 5.921
565.548 5.914
565.745 5.947
565.942 5.968
566.139 5.986
566.335 6.001
566.532 6.002
566.729 6.004
566.926 6.018
567.122 6.054
567.319 6.052
567.516 6.046
567.713 6.066
567.909 6.057
568.106 6.032
568.303 6.035
568.500 6.020
568.696 5.995
568.893 5.958
569.090 5.937
569.287 5.893
569.483 5.895
569.680 5.934
569.877 5.972
570.074 6.000
570.270 6.007
570.467 6.017
570.664 6.035
570.861 6.067
571.057 6.046
571.254 6.027
571.451 6.058
571.648 6.076
571.844 6.070
572.041 6.066
572.238 6.074
572.435 6.076
572.631 6.092
572.828 6.104
573.025 6.143
573.222 6.154
573.418 6.164
573.615 6.147
573.812 6.125
574.009 6.105
574.205 6.085
574.402 6.091
574.599 6.099
574.796 6.077
574.992 6.047
575.189 6.028
575.386 6.011
575.583 6.008
575.779 6.013
575.976 5.998
576.173 5.960
576.370 5.962
576.567 5.988
576.763 5.993
576.960 6.001
577.160 5.996
577.359 5.991
577.559 5.991
577.759 6.010
577.958 6.010
578.158 5.976
578.357 5.998
578.557 6.019
578.757 6.023
578.956 6.029
579.156 6.049
579.356 6.067
579.555 6.065
579.755 6.051
579.954 6.037
580.154 6.044
580.354 6.064
580.553 6.051
580.753 6.030
580.953 6.033
581.152 6.029
581.352 6.045
581.552 6.077
581.751 6.103
581.951 6.096
582.150 6.092
582.350 6.114
582.550 6.134
582.749 6.139
582.949 6.162
583.149 6.195
583.348 6.193
583.548 6.211
583.748 6.264
583.947 6.256
584.147 6.247
584.346 6.253
584.546 6.288
584.746 6.298
584.945 6.296
585.145 6.295
585.345 6.297
585.544 6.276
585.744 6.256
585.943 6.242
586.143 6.238
586.343 6.243
586.542 6.286
586.742 6.286
586.942 6.275
587.141 6.254
587.341 6.244
587.541 6.277
587.740 6.269
587.940 6.239
588.139 6.286
588.339 6.316
588.539 6.336
588.738 6.357
588.938 6.390
589.138 6.420
589.337 6.427
589.537 6.436
589.736 6.462
589.936 6.480
590.136 6.481
590.335 6.499
590.535 6.517
590.735 6.481
590.934 6.462
591.134 6.466
591.334 6.481
591.533 6.461
591.733 6.419
591.932 6.425
592.132 6.439
592.332 6.428
592.531 6.431
592.731 6.410
592.931 6.382
593.130 6.370
593.330 6.370
593.530 6.397
593.729 6.403
593.929 6.409
594.128 6.424
594.328 6.458
594.528 6.480
594.727 6.509
594.927 6.575
595.127 6.649
595.326 6.660
595.526 6.660
595.725 6.674
595.925 6.714
596.125 6.720
596.324 6.716
596.524 6.732
596.724 6.750
596.923 6.782
597.123 6.789
597.323 6.809
597.522 6.802
597.722 6.798
597.921 6.815
598.121 6.818
598.321 6.818
598.520 6.828
598.720 6.830
598.920 6.795
599.119 6.756
599.319 6.724
599.519 6.736
599.718 6.737
599.918 6.748
600.117 6.738
600.317 6.746
600.517 6.755
600.716 6.750
600.916 6.738
601.116 6.723
601.315 6.738
601.515 6.748
601.714 6.768
601.914 6.766
602.114 6.753
602.313 6.738
602.513 6.747
602.713 6.747
602.912 6.745
603.112 6.764
603.312 6.747
603.511 6.737
603.711 6.755
603.910 6.756
604.110 6.756
604.310 6.775
604.509 6.811
604.709 6.840
604.909 6.843
605.108 6.872
605.308 6.883
605.507 6.893
605.707 6.898
605.907 6.895
606.106 6.902
606.306 6.904
606.506 6.903
606.705 6.916
606.905 6.928
607.105 6.926
607.304 6.922
607.504 6.963
607.703 6.978
607.903 6.967
608.103 6.962
608.302 6.983
608.502 6.989
608.702 6.967
608.901 6.952
609.101 6.954
609.301 6.931
609.500 6.947
609.700 6.938
609.899 6.931
610.099 6.947
610.299 6.963
610.498 6.981
610.698 6.994
610.898 6.984
611.097 6.973
611.297 6.993
611.496 7.018
611.696 7.032
611.896 7.020
612.095 7.007
612.295 7.009
612.495 7.008
612.694 7.033
612.894 7.054
613.094 7.050
613.293 7.058
613.493 7.087
613.692 7.084
613.892 7.073
614.092 7.081
614.291 7.078
614.491 7.080
614.691 7.093
614.890 7.119
615.090 7.140
615.289 7.159
615.489 7.149
615.689 7.125
615.888 7.095
616.088 7.112
616.288 7.147
616.487 7.163
616.687 7.153
616.887 7.123
617.086 7.084
617.286 7.078
617.485 7.088
617.685 7.053
617.885 7.049
618.084 7.067
618.284 7.055
618.484 7.071
618.683 7.109
618.883 7.124
619.082 7.130
619.282 7.139
619.482 7.133
619.681 7.150
619.881 7.185
620.081 7.192
620.280 7.139
620.480 7.104
620.680 7.108
620.879 7.131
621.079 7.162
621.278 7.199
621.478 7.208
621.678 7.182
621.877 7.193
622.077 7.198
622.277 7.231
622.476 7.265
622.676 7.233
622.876 7.191
623.075 7.199
623.275 7.209
623.474 7.204
623.674 7.208
623.874 7.228
624.073 7.233
624.273 7.255
624.473 7.281
624.672 7.291
624.872 7.303
625.071 7.290
625.271 7.267
625.471 7.272
625.670 7.295
625.870 7.349
626.070 7.360
626.269 7.338
626.469 7.309
626.669 7.269
626.868 7.268
627.068 7.255
627.267 7.228
627.467 7.208
627.667 7.183
627.866 7.164
628.066 7.137
628.266 7.113
628.465 7.108
628.665 7.131
628.865 7.138
629.064 7.138
629.264 7.146
629.463 7.167
629.663 7.171
629.863 7.162
630.062 7.136
630.262 7.117
630.462 7.139
630.661 7.134
630.861 7.297
631.060 7.572
631.260 7.616
631.460 7.640
631.659 7.653
631.859 7.668
632.059 7.691
632.258 7.708
632.458 7.729
632.658 7.727
632.857 7.719
633.057 7.716
633.256 7.701
633.456 7.711
633.656 7.699
633.855 7.678
634.055 7.666
634.255 7.675
634.454 7.700
634.654 7.712
634.853 7.733
635.053 7.605
635.253 7.362
635.452 7.361
635.652 7.346
635.852 7.316
636.051 7.307
636.251 7.312
636.451 7.329
636.650 7.330
636.850 7.353
637.049 7.356
637.249 7.365
637.449 7.375
637.648 7.361
637.848 7.345
638.048 7.358
638.247 7.380
638.447 7.367
638.647 7.368
638.846 7.386
639.046 7.361
639.245 7.339
639.445 7.330
639.645 7.301
639.844 7.284
640.044 7.294
640.244 7.322
640.443 7.353
640.643 7.346
640.842 7.329
641.042 7.315
641.242 7.351
641.441 7.372
641.641 7.380
641.841 7.359
642.040 7.355
642.240 7.352
642.440 7.345
642.639 7.378
642.839 7.402
643.038 7.389
643.238 7.415
643.438 7.447
643.637 7.483
643.837 7.501
644.037 7.528
644.236 7.575
644.436 7.587
644.635 7.547
644.835 7.531
645.035 7.550
645.234 7.558
645.434 7.541
645.634 7.512
645.833 7.523
646.033 7.569
646.233 7.600
646.432 7.637
646.632 7.668
646.831 7.660
647.031 7.656
647.231 7.671
647.430 7.665
647.630 7.661
647.830 7.636
648.029 7.637
648.229 7.603
648.429 7.541
648.628 7.508
648.828 7.526
649.027 7.524
649.227 7.511
649.427 7.498
649.626 7.505
649.826 7.533
650.026 7.515
650.225 7.499
650.425 7.499
650.624 7.491
650.824 7.474
651.024 7.459
651.223 7.440
651.423 7.425
651.623 7.460
651.822 7.490
652.022 7.506
652.222 7.512
652.421 7.536
652.621 7.575
652.820 7.600
653.020 7.597
653.220 7.585
653.419 7.600
653.619 7.603
653.819 7.585
654.018 7.583
654.218 7.605
654.418 7.623
654.617 7.618
654.817 7.602
655.016 7.611
655.216 7.642
655.416 7.667
655.615 7.675
655.815 7.639
656.015 7.615
656.214 7.641
656.414 7.676
656.613 7.679
656.813 7.694
657.013 7.731
657.212 7.726
657.412 7.764
657.612 7.788
657.811 7.799
658.011 7.801
658.211 7.803
658.410 7.818
658.610 7.816
658.809 7.838
659.009 7.842
659.209 7.837
659.408 7.822
659.608 7.833
659.808 7.832
660.007 7.841
660.207 7.862
660.406 7.844
660.606 7.790
660.806 7.798
661.005 7.810
661.205 7.758
661.405 7.764
661.604 7.777
661.804 7.769
662.004 7.762
662.203 7.776
662.403 7.768
662.602 7.759
662.802 7.782
663.002 7.783
663.201 7.799
663.401 7.793
663.601 7.790
663.800 7.774
664.000 7.766
664.199 7.792
664.399 7.799
664.599 7.779
664.798 7.777
664.998 7.790
665.198 7.761
665.397 7.771
665.597 7.800
665.797 7.798
665.996 7.796
666.196 7.786
666.395 7.758
666.595 7.753
666.795 7.763
666.994 7.768
667.194 7.760
667.394 7.741
667.593 7.747
667.793 7.771
667.993 7.800
668.192 7.822
668.392 7.808
668.591 7.764
668.791 7.769
668.991 7.844
669.190 7.840
669.390 7.849
669.590 7.869
669.789 7.844
669.989 7.832
670.188 7.808
670.388 7.810
670.588 7.850
670.787 7.871
670.987 7.854
671.187 7.825
671.386 7.852
671.586 7.873
671.786 7.882
671.985 7.851
672.185 7.797
672.384 7.784
672.584 7.779
672.784 7.800
672.983 7.808
673.183 7.766
673.383 7.759
673.582 7.749
673.782 7.756
673.981 7.765
674.181 7.734
674.381 7.738
674.580 7.741
674.780 7.715
674.980 7.700
675.179 7.702
675.379 7.717
675.579 7.670
675.778 7.638
675.978 7.620
676.177 7.625
676.377 7.645
676.577 7.666
676.776 7.667
676.976 7.641
677.176 7.637
677.375 7.653
677.575 7.666
677.775 7.687
677.974 7.660
678.174 7.664
678.373 7.693
678.573 7.706
678.773 7.717
678.972 7.740
679.172 7.754
679.372 7.769
679.571 7.777
679.771 7.813
679.970 7.841
680.170 7.841
680.370 7.826
680.569 7.829
680.769 7.828
680.969 7.831
681.168 7.873
681.368 7.899
681.568 7.903
681.767 7.891
681.967 7.881
682.166 7.908
682.366 7.913
682.566 7.920
682.765 7.933
682.965 7.939
683.165 7.940
683.364 7.960
683.564 7.953
683.764 7.936
683.963 7.902
684.163 7.860
684.362 7.869
684.562 7.927
684.762 7.943
684.961 7.951
685.161 7.978
685.361 7.960
685.560 7.918
685.760 7.871
685.959 7.858
686.159 7.859
686.359 7.831
686.558 7.792
686.758 7.768
686.958 7.762
687.157 7.768
687.357 7.790
687.557 7.817
687.756 7.819
687.956 7.825
688.155 7.846
688.355 7.896
688.555 7.910
688.754 7.892
688.954 7.911
689.154 7.906
689.353 7.918
689.553 7.950
689.752 7.965
689.952 7.999
690.152 8.017
690.351 8.017
690.551 8.012
690.751 8.012
690.950 8.016
691.150 8.031
691.350 8.037
691.549 8.027
691.749 7.975
691.948 7.982
692.148 8.020
692.348 8.000
692.547 7.971
692.747 7.976
692.947 7.989
693.146 7.978
693.346 7.961
693.546 7.946
693.745 7.929
693.945 7.939
694.144 7.931
694.344 7.952
694.544 7.990
694.743 8.020
694.943 8.051
695.143 8.103
695.342 8.124
695.542 8.128
695.741 8.108
695.941 8.120
696.141 8.143
696.340 8.161
696.540 8.183
696.745 8.215
696.951 8.228
697.156 8.226
697.362 8.202
697.567 8.208
697.772 8.217
697.978 8.203
698.183 8.200
698.389 8.226
698.594 8.222
698.799 8.192
699.005 8.213
699.210 8.248
699.416 8.209
699.621 8.151
699.826 8.131
700.032 8.168
700.237 8.185
700.443 8.143
700.648 8.111
700.853 8.147
701.059 8.185
701.264 8.155
701.470 8.145
701.675 8.194
701.880 8.246
702.086 8.247
702.291 8.227
702.497 8.213
702.702 8.193
702.907 8.185
703.113 8.181
703.318 8.136
703.524 8.074
703.729 8.070
703.934 8.090
704.140 8.080
704.345 8.059
704.551 8.023
704.756 8.023
704.961 8.030
705.167 8.014
705.372 7.952
705.578 7.980
705.783 7.986
705.988 7.952
706.194 7.887
706.399 7.878
706.605 7.910
706.810 7.964
707.015 7.996
707.221 7.962
707.426 7.954
707.632 7.961
707.837 7.970
708.042 7.979
708.248 7.994
708.453 8.020
708.659 7.989
708.864 8.000
709.069 8.027
709.275 8.015
709.480 7.985
709.686 7.988
709.891 7.980
710.096 7.987
710.302 8.009
710.507 8.040
710.713 8.022
710.918 8.007
711.123 7.985
711.329 7.946
711.534 7.985
711.740 8.024
711.945 8.059
712.150 8.090
712.356 8.123
712.561 8.137
712.766 8.133
712.972 8.143
713.177 8.140
713.383 8.121
713.588 8.105
713.793 8.121
713.999 8.126
714.204 8.110
714.410 8.093
714.615 8.102
714.820 8.121
715.026 8.128
715.231 8.161
715.437 8.187
715.642 8.232
715.847 8.260
716.053 8.242
716.258 8.247
716.464 8.271
716.669 8.290
716.874 8.300
717.080 8.354
717.285 8.489
717.491 8.532
717.696 8.555
717.901 8.557
718.107 8.564
718.312 8.577
718.518 8.599
718.723 8.621
718.928 8.648
719.134 8.626
719.339 8.608
719.545 8.576
719.750 8.533
719.955 8.505
720.161 8.473
720.366 8.449
720.572 8.430
720.777 8.410
720.982 8.334
721.188 8.303
721.393 8.261
721.599 8.165
721.804 8.167
722.009 8.185
722.215 8.221
722.420 8.222
722.626 8.249
722.831 8.273
723.036 8.246
723.242 8.208
723.447 8.230
723.653 8.264
723.858 8.285
724.063 8.327
724.269 8.385
724.474 8.439
724.680 8.530
724.885 8.577
725.090 8.548
725.296 8.547
725.501 8.548
725.707 8.556
725.912 8.548
726.117 8.526
726.323 8.533
726.528 8.532
726.734 8.547
726.939 8.564
727.144 8.573
727.350 8.597
727.555 8.603
727.761 8.644
727.966 8.648
728.171 8.683
728.377 8.711
728.582 8.632
728.788 8.575
728.993 8.504
729.198 8.457
729.404 8.497
729.609 8.564
729.815 8.575
730.020 8.554
730.225 8.567
730.431 8.571
730.636 8.544
730.842 8.518
731.047 8.476
731.252 8.414
731.458 8.385
731.663 8.434
731.869 8.451
732.074 8.402
732.279 8.392
732.485 8.395
732.690 8.364
732.896 8.394
733.101 8.428
733.306 8.463
733.512 8.475
733.717 8.474
733.923 8.426
734.128 8.450
734.333 8.500
734.539 8.521
734.744 8.525
734.950 8.521
735.155 8.540
735.360 8.618
735.566 8.665
735.771 8.700
735.977 8.671
736.182 8.675
736.387 8.706
736.593 8.772
736.798 8.839
737.004 8.845
737.209 8.868
737.414 8.867
737.620 8.874
737.825 8.883
738.031 8.894
738.236 8.920
738.441 8.899
738.647 8.884
738.852 8.863
739.058 8.880
739.263 8.903
739.468 8.903
739.674 8.881
739.879 8.896
740.085 8.933
740.290 8.932
740.495 8.889
740.701 8.870
740.906 8.810
741.112 8.740
741.317 8.725
741.522 8.700
741.728 8.693
741.933 8.719
742.139 8.751
742.344 8.776
742.549 8.778
742.755 8.777
742.960 8.761
743.166 8.731
743.371 8.711
743.576 8.738
743.782 8.749
743.987 8.777
744.193 8.784
744.398 8.713
744.603 8.697
744.809 8.724
745.014 8.709
745.220 8.698
745.425 8.628
745.630 8.626
745.836 8.656
746.041 8.648
746.246 8.621
746.452 8.603
746.657 8.583
746.863 8.604
747.068 8.669
747.274 8.733
747.479 8.810
747.684 8.842
747.890 8.831
748.095 8.817
748.300 8.795
748.506 8.793
748.711 8.821
748.917 8.816
749.122 8.801
749.327 8.799
749.533 8.800
749.738 8.841
749.944 8.840
750.149 8.801
750.354 8.797
750.560 8.799
750.765 8.797
750.971 8.822
751.176 8.828
751.381 8.830
751.587 8.800
751.792 8.794
751.998 8.787
752.203 8.769
752.408 8.808
752.614 8.798
752.819 8.799
753.025 8.824
753.230 8.871
753.435 8.917
753.641 8.956
753.846 9.025
754.052 9.080
754.257 9.057
754.462 9.062
754.668 9.086
754.873 9.091
755.079 9.082
755.284 9.071
755.489 9.100
755.695 9.040
755.900 9.054
756.106 9.054
756.311 9.051
756.516 9.017
756.722 9.005
756.927 9.024
757.133 9.014
757.338 8.990
757.543 8.970
757.749 8.936
757.954 8.910
758.160 8.856
758.365 8.814
758.570 8.871
758.776 8.897
758.981 8.893
759.187 8.892
759.392 8.945
759.597 8.947
759.803 8.877
760.008 8.894
760.214 8.876
760.419 8.813
760.624 8.790
760.830 8.887
761.035 8.877
761.241 8.821
761.446 8.793
761.651 8.775
761.857 8.801
762.062 8.814
762.268 8.788
762.473 8.768
762.678 8.785
762.884 8.809
763.089 8.820
763.295 8.874
763.500 8.967
763.709 8.969
763.918 8.951
764.126 8.961
764.335 8.981
764.544 9.019
764.753 9.039
764.962 9.076
765.171 9.068
765.379 9.043
765.588 9.096
765.797 9.154
766.006 9.197
766.215 9.202
766.424 9.218
766.632 9.248
766.841 9.293
767.050 9.287
767.259 9.257
767.468 9.319
767.677 9.313
767.885 9.217
768.094 9.192
768.303 9.218
768.512 9.244
768.721 9.269
768.929 9.244
769.138 9.311
769.347 9.350
769.556 9.349
769.765 9.402
769.974 9.421
770.182 9.392
770.391 9.373
770.600 9.353
770.809 9.365
771.018 9.402
771.227 9.397
771.435 9.412
771.644 9.413
771.853 9.406
772.062 9.423
772.271 9.473
772.480 9.463
772.688 9.445
772.897 9.456
773.106 9.431
773.315 9.479
773.524 9.517
773.732 9.563
773.941 9.559
774.150 9.517
774.359 9.466
774.568 9.450
774.777 9.439
774.985 9.442
775.194 9.424
775.403 9.448
775.612 9.490
775.821 9.564
776.030 9.641
776.238 9.603
776.447 9.590
776.656 9.649
776.865 9.730
777.074 9.780
777.283 9.854
777.491 9.910
777.700 9.829
777.909 9.740
778.118 9.623
778.327 9.621
778.535 9.717
778.744 9.787
778.953 9.808
779.162 9.798
779.371 9.795
779.580 9.858
779.788 9.923
779.997 9.918
780.206 9.815
780.415 9.741
780.624 9.745
780.833 9.746
781.041 9.661
781.250 9.584
781.459 9.574
781.668 9.566
781.877 9.540
782.086 9.602
782.294 9.609
782.503 9.683
782.712 9.719
782.921 9.698
783.130 9.677
783.338 9.736
783.547 9.796
783.756 9.803
783.965 9.781
784.174 9.760
784.383 9.844
784.591 9.932
784.800 10.007
785.009 10.011
785.218 10.021
785.427 10.084
785.636 10.122
785.844 10.128
786.053 10.108
786.262 10.132
786.471 10.132
786.680 10.199
786.889 10.193
787.097 10.154
787.306 10.159
787.515 10.134
787.724 10.074
787.933 10.049
788.141 10.082
788.350 10.048
788.559 9.990
788.768 9.950
788.977 9.922
789.186 9.885
789.394 9.931
789.603 9.904
789.812 9.818
790.021 9.821
790.230 9.848
790.439 9.938
790.647 9.892
790.856 9.865
791.065 9.849
791.274 9.888
791.483 9.919
791.692 9.926
791.900 9.985
792.109 10.009
792.318 10.033
792.527 10.051
792.736 10.152
792.944 10.211
793.153 10.226
793.362 10.254
793.571 10.220
793.780 10.209
793.989 10.262
794.197 10.304
794.406 10.305
794.615 10.269
794.824 10.138
795.033 10.127
795.242 10.187
795.450 10.190
795.659 10.144
795.868 10.097
796.077 10.084
796.286 10.131
796.495 10.174
796.703 10.204
796.912 10.236
797.121 10.243
797.330 10.224
797.539 10.198
797.747 10.287
797.956 10.349
798.165 10.327
798.374 10.331
798.583 10.370
798.792 10.364
799.000 10.417
799.209 10.526
799.418 10.651
799.627 10.706
799.836 10.746
800.045 10.832
800.253 10.946
800.462 11.028
800.671 10.970
800.880 10.973
801.089 10.997
801.298 10.981
801.506 10.946
801.715 11.049
801.924 11.153
802.133 11.134
802.342 11.177
802.550 11.185
802.759 11.246
802.968 11.303
803.177 11.344
803.386 11.311
803.595 11.250
803.803 11.200
804.012 11.140
804.221 11.166
804.430 11.169
804.639 11.231
804.848 11.202
805.056 11.227
805.265 11.243
805.474 11.278
805.683 11.258
805.892 11.250
806.101 11.241
806.309 11.179
806.518 11.086
806.727 11.078
806.936 11.162
807.145 11.111
807.353 11.055
807.562 11.001
807.771 11.029
807.980 11.041
808.189 10.990
808.398 10.971
808.606 11.005
808.815 11.080
809.024 11.033
809.233 11.082
809.442 11.088
809.651 11.003
809.859 10.930
810.068 10.969
810.277 11.049
810.486 10.975
810.695 10.960
810.904 11.061
811.112 11.061
811.321 11.072
811.530 11.133
811.741 11.205
811.953 11.334
812.164 11.384
812.375 11.396
812.586 11.443
812.798 11.486
813.009 11.516
813.220 11.534
813.431 11.536
813.643 11.555
813.854 11.675
814.065 11.775
814.276 11.824
814.488 11.847
814.699 11.789
814.910 11.851
815.121 11.822
815.333 11.713
815.544 11.708
815.755 11.652
815.966 11.623
816.178 11.629
816.389 11.575
816.600 11.529
816.811 11.578
817.023 11.644
817.234 11.706
817.445 11.676
817.656 11.687
817.868 11.832
818.079 11.857
818.290 11.824
818.502 11.827
818.713 11.857
818.924 11.856
819.135 11.883
819.347 11.837
819.558 11.853
819.769 12.046
819.980 12.117
820.192 12.144
820.403 12.124
820.614 12.132
820.825 12.226
821.037 12.280
821.248 12.375
821.459 12.383
821.670 12.373
821.882 12.333
822.093 12.239
822.304 12.138
822.515 12.117
822.727 12.135
822.938 12.188
823.149 12.218
823.360 12.266
823.572 12.413
823.783 12.521
823.994 12.597
824.205 12.456
824.417 12.402
824.628 12.455
824.839 12.467
825.051 12.458
825.262 12.425
825.473 12.460
825.684 12.452
825.896 12.423
826.107 12.362
826.318 12.406
826.529 12.473
826.741 12.462
826.952 12.432
827.163 12.464
827.374 12.507
827.586 12.523
827.797 12.601
828.008 12.619
828.219 12.657
828.431 12.763
828.642 12.987
828.853 13.126
829.064 13.148
829.276 13.225
829.487 13.170
829.698 13.117
829.909 13.135
830.121 13.153
830.332 13.245
830.543 13.270
830.754 13.316
830.966 13.340
831.177 13.324
831.388 13.370
831.600 13.342
831.811 13.375
832.022 13.578
832.233 13.648
832.445 13.451
832.656 13.392
832.867 13.352
833.078 13.229
833.290 13.121
833.501 13.228
833.712 13.319
833.923 13.381
834.135 13.418
834.346 13.410
834.557 13.317
834.768 13.350
834.980 13.577
835.191 13.620
835.402 13.639
835.613 13.724
835.825 13.886
836.036 13.946
836.247 14.001
836.458 14.022
836.670 13.966
836.881 14.116
837.092 14.152
837.303 14.150
837.515 14.267
837.726 14.327
837.937 14.248
838.148 14.271
838.360 14.373
838.571 14.427
838.782 14.417
838.994 14.454
839.205 14.359
839.416 14.203
839.627 14.248
839.839 14.249
840.050 14.213
840.261 14.112
840.472 14.180
840.684 14.110
840.895 13.945
841.106 13.844
841.317 13.801
841.529 13.829
841.740 13.821
841.951 13.735
842.162 13.790
842.374 13.897
842.585 13.870
842.796 13.810
843.007 13.871
843.219 14.001
843.430 14.066
843.641 14.083
843.852 14.049
844.064 14.006
844.275 14.026
844.486 14.163
844.697 14.220
844.909 14.131
845.120 14.202
845.331 14.233
845.543 14.381
845.754 14.448
845.965 14.426
846.176 14.495
846.388 14.632
846.599 14.632
846.810 14.659
847.021 14.672
847.233 14.902
847.444 15.025
847.655 15.120
847.866 15.113
848.078 15.216
848.289 15.402
848.500 15.447
848.711 15.605
848.923 15.693
849.134 15.644
849.345 15.627
849.556 15.546
849.768 15.527
849.979 15.488
850.190 15.515
850.401 15.602
850.613 15.771
850.824 15.766
851.035 15.794
851.246 15.745
851.458 15.842
851.669 15.732
851.880 15.488
852.092 15.442
852.303 15.636
852.514 15.878
852.725 16.046
852.937 16.108
853.148 16.052
853.359 15.924
853.570 15.994
853.782 16.158
853.993 16.248
854.204 16.228
854.415 16.208
854.627 16.241
854.838 16.289
855.049 16.304
855.260 16.381
855.472 16.328
855.683 16.344
855.894 16.417
856.105 16.537
856.317 16.690
856.528 16.644
856.739 16.395
856.950 16.192
857.162 15.966
857.373 15.893
857.584 15.787
857.795 15.794
858.007 15.828
858.218 15.677
858.429 15.928
858.640 16.424
858.852 16.268
859.063 16.193
859.274 16.247
859.486 15.996
859.697 15.739
859.908 15.955
860.119 16.084
860.331 16.005
860.542 16.084
860.753 16.300
860.964 16.449
861.176 16.658
861.387 16.754
861.598 16.937
861.809 17.100
862.021 17.134
862.232 17.145
862.443 17.129
862.654 17.293
862.866 17.188
863.077 16.948
863.288 17.338
863.499 17.658
863.711 17.756
863.922 17.992
864.133 18.302
864.344 18.091
864.556 17.888
864.767 17.759
864.978 17.423
865.189 17.278
865.401 17.291
865.612 17.301
865.823 17.200
866.035 17.061
866.246 16.971
866.457 17.227
866.668 17.411
866.880 17.543
867.091 17.600
867.302 17.519
867.513 17.524
867.725 17.587
867.936 17.691
868.147 17.678
868.358 17.719
868.570 17.652
868.781 17.899
868.992 18.242
869.203 18.512
869.415 18.831
869.626 19.127
869.837 19.182
870.048 19.326
870.260 19.474
870.471 19.681
870.682 19.692
870.893 19.475
871.105 19.528
871.316 19.599
871.527 19.554
871.738 19.826
871.950 20.034
872.161 19.949
872.372 19.689
872.584 19.479
872.795 19.378
873.006 19.324
873.217 19.317
873.429 19.269
873.640 19.203
873.851 19.041
874.062 18.777
874.274 18.555
874.485 18.460
874.696 18.549
874.907 18.411
875.119 18.438
875.330 18.401
875.541 18.173
875.752 17.935
875.964 17.943
876.175 17.815
876.386 17.590
876.597 17.642
876.809 17.786
877.020 18.031
877.231 18.126
877.442 18.228
877.654 18.244
877.865 18.145
878.076 18.065
878.287 17.946
878.499 17.824
878.710 17.986
878.921 17.957
879.133 17.788
879.344 17.945
879.555 18.128
879.766 18.394
879.978 18.488
880.189 18.669
880.400 18.838
880.611 18.893
880.823 19.074
881.034 19.137
881.245 19.089
881.456 18.910
881.668 18.694
881.879 18.674
882.090 18.806
882.301 18.855
882.513 18.767
882.724 18.941
882.935 19.021
883.146 18.955
883.358 19.186
883.569 19.201
883.780 19.106
883.991 19.116
884.203 19.031
884.414 19.120
884.625 19.083
884.836 18.809
885.048 18.782
885.259 18.847
885.470 18.860
885.682 18.947
885.893 19.122
886.104 19.470
886.315 19.538
886.527 19.431
886.738 19.493
886.949 19.622
887.160 19.721
887.372 19.721
887.583 19.797
887.794 19.569
888.005 19.638
888.217 19.605
888.428 19.477
888.639 19.560
888.850 19.571
889.062 19.546
889.273 19.732
889.484 19.592
889.695 19.302
889.907 19.331
890.118 19.260
890.329 19.247
890.540 19.197
890.752 19.267
890.963 19.353
891.174 19.453
891.385 19.753
891.597 19.786
891.808 19.931
892.019 19.981
892.231 20.112
892.442 20.266
892.653 20.497
892.864 20.505
893.076 20.902
893.287 21.614
893.498 21.646
893.709 21.731
893.921 21.758
894.132 21.926
894.343 21.898
894.554 21.886
894.766 22.133
894.977 22.332
895.188 22.378
895.399 22.282
895.611 21.986
895.822 21.764
896.033 21.765
896.244 21.683
896.456 21.784
896.667 21.846
896.878 21.918
897.089 21.921
897.301 21.918
897.512 21.516
897.723 20.921
897.934 21.058
898.146 21.193
898.357 21.293
898.568 21.281
898.779 21.296
898.991 21.427
899.202 21.312
899.413 21.178
899.625 21.134
899.836 21.361
900.047 21.872
900.258 21.934
900.470 21.977
900.681 22.194
900.892 22.300
901.103 22.433
901.315 22.466
901.526 22.447
901.737 22.656
901.948 22.787
902.160 22.574
902.371 22.422
902.582 22.167
902.793 22.186
903.005 22.260
903.216 22.427
903.427 22.448
903.638 22.286
903.850 22.331
904.061 22.521
904.272 22.527
904.483 22.127
904.695 22.025
904.906 22.032
905.117 21.902
905.328 21.612
905.540 21.437
905.751 21.028
905.962 21.028
906.174 21.205
906.385 20.926
906.596 21.008
906.807 21.338
907.019 21.755
907.230 21.989
907.441 22.159
907.652 22.283
907.864 22.460
908.075 22.467
908.286 22.112
908.497 21.810
908.709 21.595
908.920 21.859
909.131 22.082
909.342 22.249
909.554 22.639
909.765 23.108
909.976 23.193
910.187 23.493
910.399 23.497
910.610 23.369
910.821 23.697
911.032 23.956
911.244 23.778
911.455 23.420
911.666 23.386
911.877 23.552
912.089 23.508
912.300 23.463
912.515 23.735
912.730 24.140
912.944 24.404
913.159 24.953
913.374 25.233
913.589 25.309
913.803 25.468
914.018 25.353
914.233 24.841
914.448 24.996
914.663 25.306
914.877 25.722
915.092 25.775
915.307 25.736
915.522 25.738
915.736 26.017
915.951 26.188
916.166 26.229
916.381 25.906
916.596 25.822
916.810 26.269
917.025 26.336
917.240 26.318
917.455 26.351
917.669 25.658
917.884 24.964
918.099 24.812
918.314 24.871
918.529 25.283
918.743 26.111
918.958 26.339
919.173 26.090
919.388 25.856
919.602 25.967
919.817 26.380
920.032 26.803
920.247 27.092
920.462 27.699
920.676 28.163
920.891 28.277
921.106 28.230
921.321 27.845
921.535 27.953
921.750 28.152
921.965 28.447
922.180 29.012
922.395 29.423
922.609 29.787
922.824 29.770
923.039 29.485
923.254 28.804
923.469 28.606
923.683 28.712
923.898 28.243
924.113 27.906
924.328 27.901
924.542 27.896
924.757 27.579
924.972 27.419
925.187 26.999
925.402 27.120
925.616 27.385
925.831 27.735
926.046 27.688
926.261 27.903
926.475 27.851
926.690 28.063
926.905 28.725
927.120 28.875
927.335 28.823
927.549 29.216
927.764 29.830
927.979 29.729
928.194 29.898
928.408 30.425
928.623 30.623
928.838 30.767
929.053 31.197
929.268 31.409
929.482 30.848
929.697 30.862
929.912 31.094
930.127 31.097
930.341 31.496
930.556 32.237
930.771 32.390
930.986 32.529
931.201 32.166
931.415 31.774
931.630 32.150
931.845 32.908
932.060 32.939
932.274 33.374
932.489 33.744
932.704 34.005
932.919 34.399
933.134 34.519
933.348 34.523
933.563 33.994
933.778 33.902
933.993 34.860
934.207 35.237
934.422 35.142
934.637 35.383
934.852 34.767
935.067 34.176
935.281 34.166
935.496 34.927
935.711 35.927
935.926 36.152
936.140 36.381
936.355 36.732
936.570 36.830
936.785 36.384
937.000 36.569
937.214 37.232
937.429 37.780
937.644 38.487
937.859 38.806
938.073 39.015
938.288 39.363
938.503 39.486
938.718 40.161
938.933 41.732
939.147 43.284
939.362 44.451
939.577 45.395
939.792 45.495
940.007 44.967
940.221 44.639
940.436 44.928
940.651 44.689
940.866 44.428
941.080 44.500
941.295 44.955
941.510 44.989
941.725 44.558
941.940 44.972
942.154 45.293
942.369 45.686
942.584 46.272
942.799 46.952
943.013 47.385
943.228 47.216
943.443 46.535
943.658 45.166
943.873 44.819
944.087 44.812
944.302 44.963
944.517 44.939
944.732 44.860
944.946 44.091
945.161 44.448
945.376 44.213
945.591 44.588
945.806 44.925
946.020 45.644
946.235 47.068
946.450 46.838
946.665 46.141
946.879 45.448
947.094 45.080
947.309 44.694
947.524 45.032
947.739 44.888
947.953 44.217
948.168 44.340
948.383 44.111
948.598 43.765
948.812 44.476
949.027 43.816
949.242 43.242
949.457 44.616
949.672 45.042
949.886 44.933
950.101 44.782
950.316 45.039
950.531 45.166
950.745 44.385
950.960 44.709
951.175 45.834
951.390 46.969
951.605 47.734
951.819 48.846
952.034 49.797
952.249 50.996
952.464 50.876
952.678 51.022
952.893 51.054
953.108 50.115
953.323 48.850
953.538 49.548
953.752 49.736
953.967 48.478
954.182 47.565
954.397 48.469
954.611 48.749
954.826 48.017
955.041 47.769
955.256 47.724
955.471 47.002
955.685 46.517
955.900 46.153
956.115 48.417
956.330 52.388
956.544 50.668
956.759 48.831
956.974 49.425
957.189 49.757
957.404 49.734
957.618 50.697
957.833 51.280
958.048 51.139
958.263 51.807
958.478 52.881
958.692 53.222
958.907 52.838
959.122 52.432
959.337 52.556
959.551 51.953
959.766 51.076
959.981 51.443
960.196 51.295
960.411 50.466
960.625 47.140
960.840 41.507
961.055 40.725
961.270 41.249
961.484 40.792
961.699 40.468
961.914 40.662
962.129 41.121
962.344 42.532
962.558 43.931
962.773 44.311
962.988 45.355
963.203 46.801
963.417 47.300
963.632 48.186
963.847 48.668
964.062 49.461
964.277 50.235
964.491 49.735
964.706 50.337
964.921 51.099
965.136 51.606
965.350 52.830
965.565 53.779
965.780 53.903
965.987 54.469
966.194 55.695
966.402 56.090
966.609 55.445
966.816 54.168
967.023 52.575
967.231 52.414
967.438 51.349
967.645 49.935
967.852 49.215
968.059 48.678
968.267 48.759
968.474 49.715
968.681 50.053
968.888 50.788
969.096 50.146
969.303 49.782
969.510 50.487
969.717 50.530
969.925 51.294
970.132 51.001
970.339 50.223
970.546 48.566
970.753 47.953
970.961 49.219
971.168 49.931
971.375 50.757
971.582 49.881
971.790 49.454
971.997 50.317
972.204 50.259
972.411 50.126
972.618 51.264
972.826 50.860
973.033 50.558
973.240 50.195
973.447 50.308
973.655 50.713
973.862 49.933
974.069 49.737
974.276 50.476
974.483 51.298
974.691 52.093
974.898 52.734
975.105 53.353
975.312 52.920
975.520 52.306
975.727 51.924
975.934 52.455
976.141 52.817
976.349 52.020
976.556 52.740
976.763 52.938
976.970 52.762
977.177 51.846
977.385 51.341
977.592 51.566
977.799 51.730
978.006 52.822
978.214 54.397
978.421 55.343
978.628 54.055
978.835 53.685
979.042 52.477
979.250 52.289
979.457 52.656
979.664 52.461
979.871 53.025
980.079 55.043
980.286 54.742
980.493 54.023
980.700 54.614
980.907 55.880
981.115 55.736
981.322 54.282
981.529 54.886
981.736 54.794
981.944 54.784
982.151 56.180
982.358 55.592
982.565 54.363
982.773 53.092
982.980 53.768
983.187 56.070
983.394 59.287
983.601 58.780
983.809 57.816
984.016 56.709
984.223 55.729
984.430 54.059
984.638 54.040
984.845 55.873
985.052 58.255
985.259 57.834
985.466 58.894
985.674 59.258
985.881 60.052
986.088 62.096
986.295 63.714
986.503 63.741
986.710 63.872
986.917 64.026
987.124 64.481
987.331 64.500
987.539 63.780
987.746 62.688
987.953 63.784
988.160 65.757
988.368 67.970
988.575 69.818
988.782 70.935
988.989 70.859
989.197 70.383
989.404 69.278
989.611 68.864
989.818 66.148
990.025 65.981
990.233 65.897
990.440 64.527
990.647 61.646
990.854 60.425
991.062 61.463
991.269 61.598
991.476 60.847
991.683 61.016
991.890 61.353
992.098 61.107
992.305 62.235
992.512 60.973
992.719 60.290
992.927 60.967
993.134 60.973
993.341 62.571
993.548 62.512
993.755 60.791
993.963 60.028
994.170 60.805
994.377 60.285
994.584 59.073
994.792 62.243
994.999 67.431
995.206 68.726
995.413 67.655
995.621 68.763
995.828 69.954
996.035 69.200
996.242 67.972
996.449 68.751
996.657 68.649
996.864 67.956
997.071 67.194
997.278 65.262
997.486 66.737
997.693 66.065
997.900 65.745
998.107 66.062
998.314 65.370
998.522 66.960
998.729 68.911
998.936 69.439
999.143 68.285
999.351 67.943
999.558 66.985
999.765 67.736
999.972 67.517
1000.179 67.791
1000.387 68.800
1000.594 69.287
1000.801 69.218
1001.008 69.791
1001.216 70.225
1001.423 72.080
1001.630 73.477
1001.837 70.431
1002.045 70.692
1002.252 72.533
1002.459 74.273
1002.666 77.472
1002.873 79.213
1003.081 78.665
1003.288 77.517
1003.495 75.595
1003.702 72.945
1003.910 74.820
1004.117 76.821
1004.324 75.974
1004.531 76.027
1004.738 76.524
1004.946 76.153
1005.153 74.888
1005.360 74.660
1005.567 78.585
1005.775 78.375
1005.982 76.715
1006.189 76.668
1006.396 75.885
1006.603 73.647
1006.811 71.753
1007.018 67.965
1007.225 66.880
1007.432 68.990
1007.640 74.041
1007.847 75.300
1008.054 75.388
1008.261 72.672
1008.469 70.567
1008.676 73.705
1008.883 77.116
1009.090 79.507
1009.297 78.632
1009.505 79.977
1009.712 79.604
1009.919 75.606
1010.126 74.507
1010.334 75.888
1010.541 76.087
1010.748 78.187
1010.955 81.284
1011.162 82.157
1011.370 87.122
1011.577 87.037
1011.784 85.230
1011.991 82.066
1012.199 78.326
1012.406 77.429
1012.613 80.683
1012.820 78.985
1013.027 73.448
1013.235 69.542
1013.442 67.911
1013.649 72.369
1013.856 75.665
1014.064 78.014
1014.271 79.113
1014.478 78.340
1014.685 78.573
1014.893 80.522
1015.100 80.220
1015.307 78.473
1015.514 78.909
1015.721 75.556
1015.929 75.578
1016.136 75.782
1016.343 75.879
1016.550 82.612
