292.253 116.249
292.450 117.983
292.647 118.851
292.845 119.254
293.042 119.648
293.239 119.751
293.437 118.467
293.634 116.389
293.831 115.583
294.029 115.738
294.226 116.024
294.423 119.515
294.621 119.390
294.818 117.889
295.015 117.081
295.213 118.277
295.410 120.616
295.607 121.209
295.805 120.809
296.002 120.261
296.199 119.862
296.397 119.080
296.594 117.497
296.791 116.161
296.989 116.240
297.186 114.854
297.383 113.618
297.581 115.445
297.778 117.621
297.975 118.390
298.173 117.655
298.370 117.511
298.567 118.702
298.765 118.830
298.962 120.432
299.159 121.146
299.357 120.678
299.554 119.755
299.751 120.137
299.949 119.509
300.146 120.162
300.343 119.569
300.541 117.962
300.738 118.607
300.935 120.075
301.133 119.980
301.330 121.355
301.527 123.392
301.725 122.583
301.922 121.137
302.119 121.315
302.317 123.235
302.514 122.727
302.711 120.893
302.909 120.518
303.106 119.150
303.303 118.376
303.501 118.553
303.698 118.603
303.895 117.627
304.093 117.101
304.290 116.415
304.487 117.039
304.685 117.306
304.882 116.349
305.079 115.204
305.277 114.138
305.474 113.471
305.671 111.722
305.869 111.287
306.066 112.059
306.263 111.396
306.461 110.017
306.658 110.272
306.855 110.377
307.053 109.461
307.250 109.977
307.447 110.963
307.645 111.314
307.842 110.885
308.039 110.527
308.237 110.376
308.434 110.240
308.631 110.362
308.829 111.101
309.026 110.747
309.223 110.662
309.421 111.177
309.618 110.521
309.815 110.953
310.013 111.472
310.210 110.990
310.407 111.004
310.605 110.859
310.802 110.899
310.999 111.420
311.197 113.023
311.394 112.943
311.591 112.134
311.789 111.178
311.986 110.309
312.183 109.624
312.381 109.270
312.578 109.039
312.775 107.473
312.973 106.153
313.170 106.355
313.347 106.249
313.523 105.726
313.700 105.592
313.877 105.943
314.054 105.801
314.230 106.007
314.407 105.981
314.584 105.788
314.761 104.878
314.937 104.284
315.114 103.440
315.291 101.954
315.467 101.398
315.644 101.850
315.821 102.115
315.998 102.517
316.174 102.374
316.351 102.618
316.528 102.877
316.704 102.423
316.881 101.882
317.058 100.659
317.235 100.506
317.411 100.755
317.588 100.659
317.765 100.468
317.942 99.796
318.118 98.994
318.295 99.409
318.472 100.291
318.648 100.357
318.825 100.589
319.002 100.931
319.179 99.816
319.355 98.090
319.532 97.712
319.709 98.100
319.885 98.630
320.062 97.585
320.239 97.291
320.416 96.699
320.592 96.986
320.769 97.397
320.946 96.784
321.123 97.480
321.299 96.766
321.476 96.502
321.653 96.786
321.829 96.339
322.006 95.540
322.183 95.342
322.360 94.663
322.536 93.367
322.713 93.054
322.890 93.839
323.066 95.168
323.243 95.411
323.420 94.479
323.597 93.591
323.773 93.165
323.950 93.738
324.127 95.187
324.304 94.786
324.480 95.151
324.657 96.187
324.834 95.106
325.010 94.310
325.187 93.511
325.364 94.469
325.541 96.105
325.717 94.672
325.894 92.951
326.071 92.820
326.248 93.499
326.424 92.968
326.601 92.220
326.778 91.133
326.954 89.884
327.131 89.498
327.308 89.226
327.485 90.045
327.661 89.996
327.838 89.881
328.015 90.607
328.191 90.408
328.368 89.633
328.545 89.220
328.722 89.578
328.898 89.106
329.075 87.101
329.252 85.776
329.429 86.596
329.605 87.269
329.782 85.996
329.959 84.552
330.135 85.330
330.312 86.066
330.489 86.751
330.666 87.592
330.842 88.077
331.019 87.968
331.196 87.151
331.372 86.415
331.549 85.596
331.726 85.501
331.903 85.278
332.079 85.902
332.256 86.097
332.433 85.161
332.610 85.236
332.786 85.275
332.963 85.226
333.140 84.811
333.316 84.445
333.493 84.649
333.670 84.789
333.847 84.740
334.023 84.122
334.200 83.122
334.377 82.988
334.553 82.819
334.730 82.483
334.907 81.200
335.084 80.111
335.260 79.661
335.437 78.693
335.614 78.145
335.791 76.681
335.967 76.719
336.144 78.338
336.321 78.692
336.497 78.412
336.674 77.496
336.851 77.541
337.028 77.477
337.204 77.981
337.381 78.152
337.558 77.408
337.734 77.108
337.911 77.110
338.088 77.175
338.265 77.137
338.441 76.564
338.618 77.379
338.795 79.362
338.972 80.089
339.148 79.614
339.325 79.222
339.502 79.183
339.678 78.682
339.855 76.727
340.032 75.904
340.209 76.056
340.385 76.171
340.562 75.669
340.739 75.635
340.916 76.072
341.092 75.768
341.269 75.473
341.446 75.379
341.622 74.252
341.799 72.816
341.976 71.974
342.153 71.814
342.329 71.294
342.506 69.978
342.683 69.985
342.859 70.732
343.036 70.817
343.213 70.820
343.390 70.398
343.566 70.403
343.743 70.070
343.920 69.575
344.097 69.293
344.273 69.170
344.450 68.877
344.627 68.131
344.803 67.682
344.980 68.004
345.157 67.940
345.334 68.833
345.510 69.236
345.687 69.267
345.864 69.698
346.040 70.043
346.217 69.199
346.394 67.776
346.571 67.050
346.747 67.211
346.924 67.302
347.101 67.877
347.278 68.292
347.454 67.941
347.631 67.883
347.808 68.065
347.984 67.835
348.161 67.209
348.338 66.606
348.515 66.766
348.691 66.274
348.868 65.856
349.045 65.202
349.221 64.439
349.398 64.366
349.575 63.995
349.752 62.850
349.928 62.937
350.105 63.500
350.282 63.340
350.459 62.808
350.635 62.276
350.812 61.525
350.989 60.870
351.165 60.696
351.342 60.563
351.519 60.347
351.696 60.436
351.872 60.244
352.049 59.820
352.226 59.511
352.402 59.370
352.579 59.551
352.756 60.024
352.933 60.563
353.109 60.141
353.286 60.242
353.463 60.825
353.640 60.567
353.816 59.953
353.993 59.345
354.170 59.452
354.346 59.641
354.523 59.159
354.700 58.973
354.877 58.982
355.053 58.825
355.230 58.681
355.407 58.711
355.584 59.243
355.760 59.095
355.937 58.278
356.114 57.615
356.290 57.129
356.467 56.801
356.644 56.376
356.821 56.211
356.997 55.948
357.174 55.926
357.351 55.804
357.527 55.712
357.704 55.886
357.881 55.591
358.058 55.284
358.234 55.398
358.411 55.411
358.588 55.919
358.765 55.628
358.941 55.109
359.118 54.693
359.295 54.061
359.471 54.400
359.648 54.326
359.825 54.503
360.002 54.478
360.178 54.509
360.355 54.984
360.532 54.738
360.708 53.890
360.885 53.645
361.062 53.691
361.239 53.757
361.415 54.393
361.592 54.622
361.769 53.960
361.946 53.656
362.122 53.717
362.299 52.987
362.476 52.972
362.652 53.088
362.829 52.512
363.006 51.623
363.183 51.227
363.359 51.416
363.536 51.255
363.713 50.745
363.889 49.812
364.066 48.846
364.243 48.806
364.420 49.235
364.596 49.011
364.773 48.583
364.950 48.620
365.127 47.808
365.303 47.314
365.480 47.552
365.660 47.584
365.839 47.519
366.019 47.371
366.199 47.449
366.379 47.164
366.558 47.244
366.738 47.916
366.918 47.980
367.098 48.172
367.277 48.178
367.457 48.337
367.637 48.110
367.816 48.254
367.996 48.526
368.176 48.193
368.356 47.927
368.535 47.565
368.715 46.894
368.895 46.602
369.075 46.074
369.254 45.998
369.434 45.901
369.614 45.055
369.793 44.886
369.973 44.624
370.153 44.584
370.333 44.829
370.512 44.620
370.692 44.581
370.872 44.548
371.051 44.285
371.231 43.975
371.411 44.072
371.591 43.451
371.770 42.657
371.950 42.410
372.130 42.444
372.310 42.941
372.489 43.048
372.669 42.853
372.849 43.180
373.028 43.001
373.208 42.576
373.388 42.566
373.568 42.232
373.747 41.800
373.927 41.399
374.107 40.404
374.287 40.212
374.466 40.326
374.646 39.999
374.826 39.832
375.005 39.762
375.185 39.611
375.365 39.608
375.545 40.022
375.724 40.329
375.904 39.725
376.084 39.170
376.263 38.909
376.443 38.896
376.623 38.442
376.803 38.113
376.982 38.109
377.162 37.984
377.342 38.032
377.522 38.160
377.701 38.254
377.881 38.600
378.061 38.610
378.240 37.975
378.420 37.777
378.600 37.720
378.780 37.603
378.959 37.324
379.139 37.372
379.319 37.230
379.499 36.872
379.678 37.096
379.858 37.293
380.038 37.268
380.217 37.130
380.397 36.869
380.577 36.636
380.757 36.254
380.936 36.290
381.116 36.383
381.296 36.125
381.476 36.108
381.655 36.105
381.835 35.652
382.015 35.819
382.194 36.018
382.374 35.941
382.554 35.927
382.734 36.014
382.913 35.874
383.093 35.462
383.273 35.254
383.452 35.342
383.632 35.292
383.812 35.260
383.992 35.259
384.171 35.572
384.351 35.655
384.531 35.523
384.711 35.074
384.890 34.600
385.070 34.436
385.250 34.147
385.429 34.191
385.609 34.478
385.789 34.021
385.969 33.383
386.148 33.243
386.328 33.125
386.508 33.080
386.688 33.193
386.867 33.204
387.047 33.074
387.227 32.608
387.406 32.145
387.586 31.825
387.766 31.546
387.946 31.308
388.125 31.049
388.305 31.211
388.485 31.206
388.664 31.151
388.844 31.149
389.024 31.054
389.204 30.768
389.383 30.494
389.563 30.495
389.743 30.700
389.923 30.661
390.102 30.403
390.282 29.995
390.462 29.687
390.641 29.507
390.821 29.449
391.001 29.545
391.181 29.695
391.360 29.755
391.540 29.935
391.720 29.874
391.900 29.782
392.079 29.508
392.259 29.548
392.439 29.510
392.618 29.359
392.798 29.265
392.978 29.105
393.158 29.042
393.337 28.913
393.517 28.560
393.697 28.278
393.877 28.234
394.056 28.246
394.236 28.316
394.416 28.396
394.595 28.312
394.775 28.036
394.955 27.733
395.135 27.558
395.314 27.380
395.494 27.111
395.674 26.889
395.853 26.747
396.033 26.557
396.213 26.483
396.393 26.354
396.572 26.255
396.752 26.222
396.932 26.032
397.112 26.194
397.291 26.429
397.471 26.371
397.651 26.160
397.830 25.945
398.010 25.923
398.190 25.935
398.370 25.751
398.549 25.774
398.729 25.755
398.909 25.742
399.089 25.545
399.268 25.560
399.448 25.757
399.628 25.817
399.807 25.918
399.987 25.754
400.167 25.640
400.347 25.513
400.526 25.435
400.706 25.496
400.886 25.226
401.065 24.835
401.245 24.736
401.425 24.618
401.605 24.439
401.784 24.103
401.964 23.850
402.144 24.042
402.324 24.215
402.503 24.303
402.683 24.129
402.863 24.053
403.042 23.829
403.222 23.606
403.402 23.642
403.582 23.437
403.761 23.325
403.941 23.398
404.121 23.284
404.301 23.048
404.480 22.863
404.660 22.849
404.844 22.905
405.029 23.043
405.213 23.221
405.398 23.563
405.582 23.626
405.767 23.571
405.951 23.351
406.136 23.021
406.320 22.740
406.505 22.752
406.689 22.812
406.874 22.773
407.058 22.552
407.243 22.335
407.427 22.413
407.612 22.403
407.796 22.239
407.981 22.255
408.165 22.326
408.350 22.271
408.534 22.105
408.719 22.087
408.903 21.840
409.088 21.671
409.272 21.556
409.457 21.550
409.641 21.552
409.826 21.553
410.010 21.528
410.195 21.548
410.379 21.438
410.564 21.227
410.748 21.089
410.933 21.084
411.117 21.143
411.302 21.042
411.486 21.013
411.671 20.911
411.855 20.878
412.040 20.936
412.224 21.034
412.409 21.000
412.593 20.801
412.778 20.867
412.962 20.794
413.147 20.655
413.331 20.539
413.516 20.340
413.700 20.271
413.885 20.955
414.069 22.147
414.254 22.122
414.438 22.220
414.623 22.497
414.807 22.561
414.992 22.357
415.176 22.258
415.361 22.164
415.545 22.104
415.730 22.203
415.914 22.113
416.099 21.940
416.283 21.961
416.468 22.144
416.652 22.115
416.837 22.215
417.021 22.330
417.206 22.292
417.390 22.307
417.575 22.293
417.759 21.579
417.944 20.223
418.128 20.164
418.313 19.957
418.497 19.596
418.682 19.426
418.866 19.473
419.051 19.488
419.235 19.434
419.420 19.469
419.604 19.267
419.789 19.202
419.973 19.213
420.158 19.214
420.342 18.999
420.527 18.896
420.711 18.701
420.896 18.480
421.080 18.401
421.265 18.312
421.449 18.234
421.634 18.152
421.818 18.183
422.003 18.032
422.187 17.973
422.372 18.172
422.556 18.214
422.741 18.229
422.925 18.306
423.110 18.500
423.294 18.463
423.479 18.410
423.663 18.227
423.848 18.028
424.032 17.881
424.217 17.823
424.401 17.739
424.586 17.722
424.770 17.711
424.955 17.719
425.139 17.721
425.324 17.575
425.508 17.330
425.693 17.177
425.877 17.276
426.062 17.371
426.246 17.187
426.431 17.045
426.615 16.885
426.800 16.703
426.984 16.479
427.169 16.438
427.353 16.477
427.538 16.501
427.722 16.525
427.907 16.641
428.091 16.730
428.276 16.660
428.460 16.596
428.645 16.662
428.829 16.754
429.014 16.681
429.198 16.784
429.383 16.982
429.567 17.052
429.752 16.962
429.936 16.842
430.121 16.856
430.305 17.037
430.490 17.094
430.674 17.056
430.859 16.960
431.043 16.911
431.228 16.853
431.412 16.919
431.597 17.004
431.781 16.945
431.966 16.839
432.150 16.870
432.335 16.923
432.519 16.772
432.704 16.491
432.888 16.359
433.073 16.235
433.257 16.115
433.442 15.935
433.626 15.869
433.811 15.842
433.995 15.807
434.180 15.664
434.364 15.508
434.549 15.438
434.733 15.477
434.918 15.366
435.102 15.269
435.287 15.098
435.471 14.926
435.656 14.845
435.840 14.826
436.030 14.798
436.220 14.700
436.410 14.741
436.600 14.914
436.790 15.126
436.980 15.223
437.170 15.250
437.360 15.296
437.550 15.262
437.741 15.271
437.931 15.241
438.121 15.227
438.311 15.287
438.501 15.308
438.691 15.356
438.881 15.378
439.071 15.360
439.261 15.336
439.451 15.359
439.641 15.270
439.831 15.225
440.021 15.300
440.211 15.374
440.401 15.274
440.591 15.061
440.781 14.938
440.971 14.859
441.161 14.838
441.351 14.867
441.542 14.932
441.732 14.986
441.922 14.885
442.112 14.791
442.302 14.755
442.492 14.696
442.682 14.582
442.872 14.688
443.062 14.682
443.252 14.689
443.442 14.630
443.632 14.637
443.822 14.695
444.012 14.581
444.202 14.408
444.392 14.357
444.582 14.716
444.772 15.248
444.962 15.186
445.153 15.147
445.343 15.071
445.533 14.909
445.723 14.768
445.913 14.856
446.103 14.920
446.293 14.942
446.483 14.948
446.673 14.953
446.863 14.836
447.053 14.749
447.243 14.722
447.433 14.708
447.623 14.689
447.813 14.585
448.003 14.531
448.193 14.559
448.383 14.539
448.573 14.238
448.764 13.639
448.954 13.656
449.144 13.642
449.334 13.600
449.524 13.688
449.714 13.787
449.904 13.734
450.094 13.720
450.284 13.707
450.474 13.703
450.664 13.628
450.854 13.555
451.044 13.601
451.234 13.577
451.424 13.530
451.614 13.484
451.804 13.409
451.994 13.396
452.184 13.398
452.375 13.424
452.565 14.256
452.755 15.827
452.945 15.787
453.135 15.766
453.325 15.764
453.515 15.806
453.705 15.780
453.895 15.699
454.085 15.547
454.275 15.402
454.465 15.293
454.655 15.239
454.845 15.240
455.035 15.192
455.225 15.189
455.415 15.194
455.605 15.201
455.795 15.253
455.985 15.293
456.176 15.303
456.366 15.323
456.556 14.489
456.746 12.965
456.936 12.961
457.126 12.944
457.316 13.010
457.506 12.963
457.696 12.875
457.886 12.845
458.076 12.782
458.266 12.760
458.456 12.770
458.646 12.841
458.836 12.893
459.026 12.994
459.216 13.032
459.406 13.066
459.596 12.998
459.787 12.893
459.977 12.769
460.167 12.710
460.357 12.612
460.547 12.508
460.737 12.434
460.927 12.426
461.117 12.422
461.307 12.332
461.497 12.203
461.687 12.168
461.877 12.187
462.067 12.234
462.257 12.279
462.447 12.268
462.637 12.298
462.827 12.313
463.017 12.227
463.207 12.179
463.397 12.134
463.588 12.161
463.778 12.255
463.968 12.319
464.158 12.301
464.348 12.312
464.538 12.370
464.728 12.382
464.918 12.412
465.108 12.440
465.298 12.438
465.488 12.489
465.678 12.427
465.868 12.337
466.058 12.314
466.248 12.265
466.438 12.286
466.628 12.231
466.818 12.119
467.008 12.078
467.199 12.044
467.389 12.081
467.579 12.111
467.769 12.025
467.959 12.017
468.149 12.045
468.339 12.050
468.529 12.023
468.719 11.988
468.909 11.915
469.099 11.858
469.289 11.757
469.479 11.673
469.669 11.724
469.859 11.779
470.049 11.825
470.239 11.817
470.429 11.816
470.619 11.798
470.810 11.776
471.000 11.737
471.190 11.698
471.380 11.607
471.570 11.522
471.760 11.487
471.950 11.449
472.140 11.410
472.330 11.415
472.520 11.383
472.710 11.354
472.900 11.344
473.090 11.325
473.280 11.406
473.470 11.431
473.660 11.402
473.850 11.422
474.040 11.445
474.230 11.447
474.421 11.415
474.611 11.361
474.801 11.374
474.991 11.403
475.181 11.419
475.371 11.433
475.561 11.469
475.751 11.546
475.941 11.540
476.131 11.499
476.321 11.435
476.511 11.434
476.701 11.457
476.891 11.415
477.081 11.379
477.271 11.387
477.461 11.440
477.651 11.417
477.841 11.356
478.031 11.337
478.222 11.374
478.412 11.385
478.602 11.401
478.792 11.354
478.982 11.317
479.172 11.318
479.362 11.292
479.552 11.301
479.742 11.230
479.932 11.202
480.122 11.167
480.312 11.149
480.502 11.160
480.692 11.108
480.882 11.092
481.072 11.074
481.262 11.059
481.452 10.974
481.642 10.947
481.833 10.976
482.023 10.977
482.213 10.943
482.403 10.893
482.593 10.888
482.783 10.915
482.973 10.944
483.163 10.938
483.353 10.930
483.543 10.869
483.733 10.896
483.923 10.903
484.113 10.937
484.303 10.960
484.493 10.913
484.683 10.932
484.873 10.949
485.063 10.977
485.253 10.928
485.443 10.902
485.634 10.883
485.824 10.861
486.014 10.825
486.204 10.860
486.394 10.909
486.584 10.944
486.774 10.914
486.964 10.892
487.154 10.936
487.344 10.977
487.534 10.952
487.724 10.930
487.914 10.918
488.104 10.946
488.294 10.958
488.484 10.981
488.674 11.007
488.864 10.998
489.054 10.958
489.245 10.973
489.435 11.040
489.625 11.132
489.815 11.161
490.005 11.169
490.195 11.165
490.385 11.142
490.575 11.101
490.765 11.145
490.955 11.240
491.145 11.258
491.335 11.231
491.525 11.186
491.715 11.158
491.905 11.184
492.095 11.167
492.285 11.210
492.475 11.262
492.665 11.248
492.856 11.241
493.046 11.304
493.236 11.333
493.426 11.308
493.616 11.297
493.806 11.320
493.996 11.397
494.186 11.388
494.376 11.372
494.566 11.417
494.756 11.464
494.946 11.453
495.136 11.439
495.326 11.462
495.516 11.574
495.706 11.640
495.896 11.665
496.086 11.707
496.276 11.701
496.467 11.635
496.657 11.644
496.847 11.680
497.037 11.625
497.227 11.605
497.417 11.624
497.607 11.610
497.797 11.618
497.987 11.541
498.177 11.520
498.367 11.502
498.557 11.469
498.747 11.451
498.937 11.381
499.127 11.321
499.317 11.320
499.507 11.311
499.697 11.298
499.887 11.268
500.077 11.235
500.268 11.259
500.458 11.307
500.648 11.321
500.838 11.364
501.028 11.474
501.218 11.462
501.408 11.468
501.598 11.476
501.788 11.462
501.978 11.515
502.168 11.564
502.358 11.668
502.548 11.765
502.738 11.778
502.928 11.855
503.118 11.948
503.308 11.979
503.498 11.985
503.688 12.036
503.879 12.131
504.069 12.179
504.259 12.177
504.449 12.187
504.639 12.201
504.829 12.218
505.019 12.203
505.209 12.272
505.399 12.323
505.589 12.347
505.779 12.390
505.969 12.424
506.159 12.434
506.349 12.361
506.539 12.305
506.729 12.311
506.919 12.330
507.109 12.348
507.299 12.371
507.490 12.406
507.680 12.383
507.870 12.364
508.060 12.348
508.250 12.314
508.440 12.291
508.630 12.267
508.820 12.252
509.010 12.200
509.200 12.157
509.390 12.155
509.580 12.177
509.770 12.172
509.960 12.154
510.150 12.170
510.340 12.221
510.530 12.258
510.720 12.313
510.910 12.330
511.100 12.295
511.291 12.267
511.481 12.286
511.671 12.304
511.861 12.279
512.051 12.339
512.241 12.432
512.431 12.452
512.621 12.506
512.811 12.565
513.001 12.666
513.191 12.694
513.381 12.720
513.571 12.767
513.761 12.805
513.951 12.807
514.141 12.794
514.331 12.794
514.521 12.791
514.711 12.764
514.902 12.752
515.092 12.833
515.282 12.906
515.472 12.877
515.662 12.899
515.852 12.933
516.042 12.931
516.232 12.948
516.422 13.025
516.612 13.061
516.802 13.063
516.992 13.017
517.182 13.066
517.372 13.093
517.562 13.107
517.752 13.126
517.942 13.173
518.132 13.200
518.322 13.228
518.513 13.259
518.703 13.293
518.893 13.331
519.083 13.332
519.273 13.278
519.463 13.339
519.653 13.381
519.843 13.416
520.033 13.416
520.223 13.369
520.413 13.347
520.603 13.381
520.793 13.418
520.983 13.481
521.173 13.533
521.363 13.568
521.553 13.577
521.743 13.578
521.933 13.598
522.123 13.674
522.314 13.756
522.504 13.782
522.694 13.806
522.884 13.821
523.074 13.817
523.264 13.850
523.454 13.858
523.644 13.869
523.834 13.884
524.024 13.911
524.214 13.922
524.404 13.911
524.594 13.859
524.784 13.848
524.974 13.832
525.164 13.834
525.354 13.861
525.544 13.878
525.734 13.904
525.925 13.937
526.115 13.945
526.305 13.900
526.495 13.910
526.685 13.915
526.875 13.912
527.065 13.923
527.255 13.951
527.445 13.932
527.635 13.898
527.825 13.886
528.015 13.929
528.205 14.029
528.395 14.151
528.585 14.234
528.775 14.254
528.965 14.328
529.155 14.364
529.345 14.335
529.535 14.331
529.726 14.307
529.916 14.299
530.106 14.297
530.296 14.333
530.486 14.349
530.676 14.387
530.866 14.412
531.056 14.453
531.246 14.515
531.436 14.564
531.626 14.619
531.816 14.661
532.006 14.692
532.196 14.706
532.386 14.673
532.576 14.654
532.766 14.637
532.956 14.625
533.146 14.597
533.337 14.628
533.527 14.665
533.717 14.739
533.907 14.721
534.097 14.716
534.287 14.760
534.477 14.772
534.667 14.765
534.857 14.782
535.047 14.785
535.237 14.803
535.427 14.844
535.617 14.861
535.807 14.883
535.997 14.871
536.187 14.839
536.377 14.842
536.567 14.882
536.757 14.931
536.948 14.942
537.138 14.953
537.328 14.956
537.518 14.949
537.708 14.946
537.898 14.996
538.088 15.045
538.278 15.048
538.468 15.049
538.658 15.031
538.848 15.056
539.038 15.094
539.228 15.060
539.418 15.029
539.608 15.052
539.798 15.041
539.988 15.049
540.178 15.070
540.368 15.064
540.558 15.094
540.749 15.106
540.939 15.133
541.129 15.194
541.319 15.245
541.509 15.266
541.699 15.309
541.889 15.337
542.079 15.338
542.269 15.339
542.459 15.350
542.649 15.339
542.839 15.302
543.029 15.277
543.219 15.307
543.409 15.332
543.599 15.348
543.789 15.396
543.979 15.398
544.169 15.379
544.360 15.403
544.550 15.400
544.740 15.432
544.930 15.420
545.120 15.365
545.310 15.329
545.500 15.337
545.690 15.297
545.880 15.275
546.070 15.285
546.267 15.288
546.463 15.308
546.660 15.365
546.857 15.405
547.054 15.413
547.251 15.401
547.447 15.380
547.644 15.345
547.841 15.331
548.038 15.361
548.234 15.414
548.431 15.441
548.628 15.472
548.825 15.454
549.021 15.432
549.218 15.437
549.415 15.441
549.612 15.479
549.808 15.505
550.005 15.535
550.202 15.532
550.399 15.537
550.595 15.597
550.792 15.628
550.989 15.664
551.186 15.684
551.382 15.726
551.579 15.790
551.776 15.815
551.973 15.825
552.169 15.815
552.366 15.770
552.563 15.767
552.760 15.721
552.956 15.724
553.153 15.756
553.350 15.783
553.547 15.798
553.743 15.786
553.940 15.819
554.137 15.811
554.334 15.807
554.530 15.823
554.727 15.756
554.924 15.730
555.121 15.715
555.317 15.731
555.514 15.724
555.711 15.704
555.908 15.734
556.104 15.763
556.301 15.774
556.498 15.808
556.695 15.803
556.891 15.814
557.088 15.806
557.285 15.839
557.482 15.914
557.678 15.957
557.875 15.973
558.072 15.961
558.269 15.983
558.465 16.041
558.662 16.075
558.859 16.119
559.056 16.163
559.252 16.174
559.449 16.162
559.646 16.203
559.843 16.232
560.039 16.255
560.236 16.248
560.433 16.249
560.630 16.259
560.826 16.272
561.023 16.274
561.220 16.305
561.417 16.301
561.613 16.237
561.810 16.206
562.007 16.192
562.204 16.204
562.400 16.236
562.597 16.190
562.794 16.192
562.991 16.228
563.187 16.239
563.384 16.262
563.581 16.291
563.778 16.346
563.974 16.406
564.171 16.392
564.368 16.415
564.565 16.477
564.761 16.519
564.958 16.554
565.155 16.618
565.352 16.656
565.548 16.664
565.745 16.707
565.942 16.730
566.139 16.768
566.335 16.787
566.532 16.774
566.729 16.786
566.926 16.822
567.122 16.859
567.319 16.837
567.516 16.839
567.713 16.876
567.909 16.855
568.106 16.807
568.303 16.808
568.500 16.799
568.696 16.777
568.893 16.744
569.090 16.730
569.287 16.690
569.483 16.693
569.680 16.741
569.877 16.795
570.074 16.844
570.270 16.855
570.467 16.859
570.664 16.886
570.861 16.931
571.057 16.897
571.254 16.868
571.451 16.919
571.648 16.947
571.844 16.940
572.041 16.923
572.238 16.929
572.435 16.955
572.631 16.971
572.828 16.973
573.025 17.019
573.222 17.038
573.418 17.045
573.615 17.022
573.812 17.008
574.009 17.005
574.205 16.983
574.402 16.973
574.599 16.982
574.796 16.966
574.992 16.946
575.189 16.930
575.386 16.908
575.583 16.935
575.779 16.958
575.976 16.943
576.173 16.915
576.370 16.934
576.567 16.970
576.763 16.978
576.960 16.989
577.160 17.001
577.359 17.009
577.559 17.020
577.759 17.045
577.958 17.054
578.158 16.997
578.357 17.013
578.557 17.049
578.757 17.075
578.956 17.090
579.156 17.108
579.356 17.138
579.555 17.146
579.755 17.108
579.954 17.078
580.154 17.091
580.354 17.111
580.553 17.085
580.753 17.041
580.953 17.031
581.152 17.046
581.352 17.064
581.552 17.084
581.751 17.119
581.951 17.125
582.150 17.117
582.350 17.129
582.550 17.153
582.749 17.175
582.949 17.195
583.149 17.229
583.348 17.220
583.548 17.244
583.748 17.333
583.947 17.330
584.147 17.315
584.346 17.306
584.546 17.345
584.746 17.361
584.945 17.363
585.145 17.383
585.345 17.379
585.544 17.352
585.744 17.341
585.943 17.325
586.143 17.307
586.343 17.289
586.542 17.332
586.742 17.351
586.942 17.338
587.141 17.301
587.341 17.281
587.541 17.323
587.740 17.287
587.940 17.209
588.139 17.251
588.339 17.296
588.539 17.331
588.738 17.350
588.938 17.391
589.138 17.438
589.337 17.430
589.537 17.428
589.736 17.446
589.936 17.454
590.136 17.440
590.335 17.460
590.535 17.478
590.735 17.446
590.934 17.417
591.134 17.410
591.334 17.425
591.533 17.409
591.733 17.366
591.932 17.390
592.132 17.424
592.332 17.423
592.531 17.422
592.731 17.411
592.931 17.392
593.130 17.375
593.330 17.343
593.530 17.359
593.729 17.361
593.929 17.376
594.128 17.392
594.328 17.437
594.528 17.464
594.727 17.520
594.927 17.594
595.127 17.659
595.326 17.670
595.526 17.685
595.725 17.692
595.925 17.730
596.125 17.727
596.324 17.718
596.524 17.722
596.724 17.734
596.923 17.754
597.123 17.763
597.323 17.792
597.522 17.804
597.722 17.827
597.921 17.863
598.121 17.868
598.321 17.851
598.520 17.848
598.720 17.862
598.920 17.823
599.119 17.777
599.319 17.747
599.519 17.779
599.718 17.799
599.918 17.812
600.117 17.796
600.317 17.834
600.517 17.854
600.716 17.843
600.916 17.830
601.116 17.815
601.315 17.816
601.515 17.802
601.714 17.811
601.914 17.785
602.114 17.757
602.313 17.729
602.513 17.740
602.713 17.742
602.912 17.715
603.112 17.709
603.312 17.697
603.511 17.683
603.711 17.671
603.910 17.642
604.110 17.633
604.310 17.651
604.509 17.673
604.709 17.682
604.909 17.695
605.108 17.755
605.308 17.772
605.507 17.784
605.707 17.797
605.907 17.809
606.106 17.820
606.306 17.815
606.506 17.811
606.705 17.837
606.905 17.860
607.105 17.874
607.304 17.894
607.504 17.941
607.703 17.948
607.903 17.928
608.103 17.927
608.302 17.952
608.502 17.977
608.702 17.959
608.901 17.936
609.101 17.930
609.301 17.876
609.500 17.872
609.700 17.858
609.899 17.851
610.099 17.853
610.299 17.860
610.498 17.891
610.698 17.908
610.898 17.892
611.097 17.873
611.297 17.883
611.496 17.910
611.696 17.919
611.896 17.919
612.095 17.919
612.295 17.924
612.495 17.926
612.694 17.916
612.894 17.913
613.094 17.933
613.293 17.948
613.493 17.963
613.692 17.957
613.892 17.941
614.092 17.946
614.291 17.948
614.491 17.964
614.691 17.977
614.890 18.003
615.090 18.023
615.289 18.038
615.489 18.019
615.689 17.984
615.888 17.948
616.088 17.949
616.288 17.979
616.487 18.000
616.687 17.984
616.887 17.968
617.086 17.947
617.286 17.931
617.485 17.926
617.685 17.895
617.885 17.923
618.084 17.962
618.284 17.950
618.484 17.970
618.683 18.021
618.883 18.038
619.082 18.040
619.282 18.057
619.482 18.057
619.681 18.071
619.881 18.074
620.081 18.064
620.280 18.020
620.480 17.989
620.680 17.997
620.879 18.035
621.079 18.079
621.278 18.125
621.478 18.127
621.678 18.097
621.877 18.116
622.077 18.089
622.277 18.093
622.476 18.116
622.676 18.093
622.876 18.031
623.075 18.020
623.275 18.032
623.474 18.038
623.674 18.063
623.874 18.108
624.073 18.140
624.273 18.178
624.473 18.207
624.672 18.210
624.872 18.212
625.071 18.200
625.271 18.161
625.471 18.138
625.670 18.165
625.870 18.239
626.070 18.251
626.269 18.233
626.469 18.213
626.669 18.193
626.868 18.182
627.068 18.174
627.267 18.153
627.467 18.134
627.667 18.086
627.866 18.052
628.066 18.011
628.266 17.985
628.465 17.985
628.665 18.015
628.865 18.043
629.064 18.036
629.264 18.024
629.463 18.040
629.663 18.046
629.863 18.044
630.062 18.010
630.262 17.984
630.462 18.002
630.661 18.003
630.861 18.215
631.060 18.584
631.260 18.634
631.460 18.678
631.659 18.686
631.859 18.702
632.059 18.730
632.258 18.755
632.458 18.784
632.658 18.772
632.857 18.757
633.057 18.751
633.256 18.756
633.456 18.775
633.656 18.778
633.855 18.769
634.055 18.750
634.255 18.760
634.454 18.791
634.654 18.806
634.853 18.836
635.053 18.660
635.253 18.333
635.452 18.344
635.652 18.318
635.852 18.279
636.051 18.267
636.251 18.264
636.451 18.289
636.650 18.289
636.850 18.334
637.049 18.358
637.249 18.368
637.449 18.368
637.648 18.336
637.848 18.314
638.048 18.342
638.247 18.369
638.447 18.360
638.647 18.374
638.846 18.412
639.046 18.374
639.245 18.349
639.445 18.337
639.645 18.292
639.844 18.262
640.044 18.268
640.244 18.309
640.443 18.344
640.643 18.318
640.842 18.297
641.042 18.281
641.242 18.330
641.441 18.357
641.641 18.382
641.841 18.364
642.040 18.357
642.240 18.342
642.440 18.334
642.639 18.370
642.839 18.390
643.038 18.366
643.238 18.409
643.438 18.464
643.637 18.497
643.837 18.505
644.037 18.545
644.236 18.622
644.436 18.645
644.635 18.595
644.835 18.575
645.035 18.600
645.234 18.579
645.434 18.518
645.634 18.466
645.833 18.470
646.033 18.557
646.233 18.593
646.432 18.621
646.632 18.663
646.831 18.646
647.031 18.630
647.231 18.648
647.430 18.647
647.630 18.618
647.830 18.589
648.029 18.600
648.229 18.553
648.429 18.479
648.628 18.435
648.828 18.453
649.027 18.448
649.227 18.423
649.427 18.432
649.626 18.468
649.826 18.512
650.026 18.471
650.225 18.417
650.425 18.424
650.624 18.430
650.824 18.401
651.024 18.381
651.223 18.369
651.423 18.362
651.623 18.393
651.822 18.419
652.022 18.441
652.222 18.450
652.421 18.474
652.621 18.508
652.820 18.539
653.020 18.552
653.220 18.556
653.419 18.581
653.619 18.565
653.819 18.531
654.018 18.524
654.218 18.550
654.418 18.596
654.617 18.604
654.817 18.582
655.016 18.585
655.216 18.615
655.416 18.634
655.615 18.629
655.815 18.575
656.015 18.561
656.214 18.615
656.414 18.651
656.613 18.654
656.813 18.681
657.013 18.710
657.212 18.689
657.412 18.716
657.612 18.738
657.811 18.780
658.011 18.797
658.211 18.806
658.410 18.827
658.610 18.822
658.809 18.836
659.009 18.827
659.209 18.826
659.408 18.826
659.608 18.837
659.808 18.841
660.007 18.865
660.207 18.896
660.406 18.861
660.606 18.814
660.806 18.848
661.005 18.853
661.205 18.797
661.405 18.796
661.604 18.815
661.804 18.831
662.004 18.812
662.203 18.802
662.403 18.776
662.602 18.770
662.802 18.790
663.002 18.788
663.201 18.812
663.401 18.816
663.601 18.815
663.800 18.808
664.000 18.809
664.199 18.850
664.399 18.836
664.599 18.792
664.798 18.785
664.998 18.803
665.198 18.774
665.397 18.780
665.597 18.821
665.797 18.819
665.996 18.800
666.196 18.777
666.395 18.750
666.595 18.749
666.795 18.742
666.994 18.719
667.194 18.710
667.394 18.707
667.593 18.714
667.793 18.743
667.993 18.781
668.192 18.807
668.392 18.773
668.591 18.725
668.791 18.722
668.991 18.799
669.190 18.791
669.390 18.811
669.590 18.836
669.789 18.815
669.989 18.800
670.188 18.764
670.388 18.779
670.588 18.830
670.787 18.856
670.987 18.846
671.187 18.839
671.386 18.890
671.586 18.906
671.786 18.902
671.985 18.857
672.185 18.788
672.384 18.755
672.584 18.733
672.784 18.760
672.983 18.789
673.183 18.729
673.383 18.707
673.582 18.685
673.782 18.711
673.981 18.728
674.181 18.689
674.381 18.685
674.580 18.681
674.780 18.649
674.980 18.625
675.179 18.632
675.379 18.657
675.579 18.583
675.778 18.533
675.978 18.523
676.177 18.532
676.377 18.546
676.577 18.576
676.776 18.595
676.976 18.577
677.176 18.575
677.375 18.589
677.575 18.606
677.775 18.640
677.974 18.601
678.174 18.592
678.373 18.641
678.573 18.684
678.773 18.706
678.972 18.734
679.172 18.755
679.372 18.791
679.571 18.802
679.771 18.849
679.970 18.891
680.170 18.890
680.370 18.875
680.569 18.886
680.769 18.882
680.969 18.895
681.168 18.953
681.368 18.979
681.568 18.992
681.767 18.987
681.967 18.968
682.166 18.979
682.366 18.977
682.566 18.975
682.765 18.976
682.965 18.982
683.165 19.001
683.364 19.025
683.564 19.008
683.764 18.962
683.963 18.906
684.163 18.862
684.362 18.862
684.562 18.901
684.762 18.903
684.961 18.924
685.161 18.951
685.361 18.929
685.560 18.882
685.760 18.840
685.959 18.818
686.159 18.823
686.359 18.806
686.558 18.765
686.758 18.745
686.958 18.734
687.157 18.726
687.357 18.731
687.557 18.766
687.756 18.749
687.956 18.760
688.155 18.800
688.355 18.867
688.555 18.884
688.754 18.894
688.954 18.960
689.154 18.953
689.353 18.946
689.553 18.967
689.752 18.994
689.952 19.038
690.152 19.044
690.351 19.040
690.551 19.036
690.751 19.035
690.950 19.037
691.150 19.066
691.350 19.102
691.549 19.104
691.749 19.035
691.948 19.065
692.148 19.136
692.348 19.122
692.547 19.069
692.747 19.079
692.947 19.083
693.146 19.056
693.346 19.033
693.546 19.006
693.745 18.989
693.945 19.005
694.144 18.993
694.344 19.039
694.544 19.093
694.743 19.132
694.943 19.169
695.143 19.224
695.342 19.247
695.542 19.223
695.741 19.174
695.941 19.185
696.141 19.202
696.340 19.212
696.540 19.223
696.745 19.271
696.951 19.279
697.156 19.286
697.362 19.251
697.567 19.259
697.772 19.301
697.978 19.285
698.183 19.257
698.389 19.273
698.594 19.268
698.799 19.220
699.005 19.227
699.210 19.254
699.416 19.212
699.621 19.141
699.826 19.118
700.032 19.181
700.237 19.216
700.443 19.160
700.648 19.120
700.853 19.174
701.059 19.223
701.264 19.192
701.470 19.146
701.675 19.188
701.880 19.258
702.086 19.265
702.291 19.233
702.497 19.204
702.702 19.191
702.907 19.181
703.113 19.170
703.318 19.123
703.524 19.084
703.729 19.086
703.934 19.093
704.140 19.084
704.345 19.057
704.551 19.020
704.756 19.023
704.961 19.021
705.167 19.003
705.372 18.938
705.578 18.958
705.783 18.974
705.988 18.939
706.194 18.855
706.399 18.825
706.605 18.877
706.810 18.954
707.015 18.983
707.221 18.939
707.426 18.945
707.632 18.940
707.837 18.926
708.042 18.931
708.248 18.946
708.453 18.980
708.659 18.953
708.864 18.960
709.069 18.988
709.275 18.980
709.480 18.913
709.686 18.886
709.891 18.883
710.096 18.915
710.302 18.953
710.507 18.975
710.713 18.945
710.918 18.920
711.123 18.893
711.329 18.824
711.534 18.860
711.740 18.918
711.945 18.993
712.150 19.037
712.356 19.058
712.561 19.099
712.766 19.098
712.972 19.087
713.177 19.087
713.383 19.070
713.588 19.043
713.793 19.064
713.999 19.070
714.204 19.066
714.410 19.006
714.615 18.985
714.820 19.014
715.026 19.034
715.231 19.056
715.437 19.051
715.642 19.120
715.847 19.182
716.053 19.143
716.258 19.105
716.464 19.117
716.669 19.160
716.874 19.172
717.080 19.237
717.285 19.415
717.491 19.456
717.696 19.471
717.901 19.450
718.107 19.463
718.312 19.497
718.518 19.507
718.723 19.535
718.928 19.574
719.134 19.539
719.339 19.516
719.545 19.495
719.750 19.490
719.955 19.466
720.161 19.402
720.366 19.371
720.572 19.372
720.777 19.380
720.982 19.291
721.188 19.225
721.393 19.160
721.599 19.046
721.804 19.047
722.009 19.052
722.215 19.114
722.420 19.136
722.626 19.166
722.831 19.175
723.036 19.160
723.242 19.129
723.447 19.159
723.653 19.192
723.858 19.209
724.063 19.262
724.269 19.343
724.474 19.393
724.680 19.473
724.885 19.528
725.090 19.472
725.296 19.465
725.501 19.479
725.707 19.499
725.912 19.483
726.117 19.447
726.323 19.466
726.528 19.474
726.734 19.475
726.939 19.489
727.144 19.532
727.350 19.583
727.555 19.597
727.761 19.622
727.966 19.633
728.171 19.693
728.377 19.724
728.582 19.618
728.788 19.557
728.993 19.503
729.198 19.461
729.404 19.512
729.609 19.609
729.815 19.645
730.020 19.614
730.225 19.613
730.431 19.627
730.636 19.624
730.842 19.599
731.047 19.553
731.252 19.485
731.458 19.457
731.663 19.512
731.869 19.512
732.074 19.475
732.279 19.486
732.485 19.468
732.690 19.396
732.896 19.430
733.101 19.479
733.306 19.501
733.512 19.483
733.717 19.474
733.923 19.395
734.128 19.372
734.333 19.384
734.539 19.397
734.744 19.403
734.950 19.365
735.155 19.359
735.360 19.436
735.566 19.489
735.771 19.511
735.977 19.439
736.182 19.426
736.387 19.462
736.593 19.491
736.798 19.533
737.004 19.578
737.209 19.618
737.414 19.627
737.620 19.648
737.825 19.686
738.031 19.721
738.236 19.757
738.441 19.752
738.647 19.766
738.852 19.760
739.058 19.783
739.263 19.829
739.468 19.864
739.674 19.862
739.879 19.864
740.085 19.867
740.290 19.850
740.495 19.820
740.701 19.814
740.906 19.773
741.112 19.741
741.317 19.718
741.522 19.677
741.728 19.643
741.933 19.671
742.139 19.714
742.344 19.729
742.549 19.712
742.755 19.721
742.960 19.723
743.166 19.690
743.371 19.634
743.576 19.644
743.782 19.654
743.987 19.681
744.193 19.692
744.398 19.640
744.603 19.658
744.809 19.705
745.014 19.679
745.220 19.668
745.425 19.569
745.630 19.535
745.836 19.559
746.041 19.562
746.246 19.547
746.452 19.531
746.657 19.505
746.863 19.540
747.068 19.625
747.274 19.692
747.479 19.760
747.684 19.813
747.890 19.830
748.095 19.787
748.300 19.754
748.506 19.769
748.711 19.840
748.917 19.837
749.122 19.803
749.327 19.778
749.533 19.774
749.738 19.831
749.944 19.854
750.149 19.818
750.354 19.817
750.560 19.821
750.765 19.780
750.971 19.786
751.176 19.805
751.381 19.809
751.587 19.750
751.792 19.739
751.998 19.731
752.203 19.690
752.408 19.718
752.614 19.716
752.819 19.731
753.025 19.740
753.230 19.767
753.435 19.822
753.641 19.901
753.846 19.997
754.052 20.049
754.257 20.023
754.462 20.031
754.668 20.043
754.873 20.008
755.079 20.003
755.284 20.013
755.489 20.042
755.695 19.969
755.900 19.998
756.106 20.008
756.311 20.011
756.516 19.952
756.722 19.937
756.927 19.938
757.133 19.905
757.338 19.867
757.543 19.878
757.749 19.832
757.954 19.755
758.160 19.671
758.365 19.648
758.570 19.742
758.776 19.800
758.981 19.818
759.187 19.862
759.392 19.931
759.597 19.936
759.803 19.835
760.008 19.829
760.214 19.840
760.419 19.817
760.624 19.789
760.830 19.927
761.035 19.957
761.241 19.919
761.446 19.894
761.651 19.885
761.857 19.908
762.062 19.938
762.268 19.934
762.473 19.918
762.678 19.940
762.884 19.960
763.089 19.953
763.295 20.008
763.500 20.124
763.709 20.123
763.918 20.091
764.126 20.128
764.335 20.194
764.544 20.233
764.753 20.213
764.962 20.287
765.171 20.330
765.379 20.308
765.588 20.353
765.797 20.402
766.006 20.461
766.215 20.471
766.424 20.501
766.632 20.548
766.841 20.624
767.050 20.623
767.259 20.574
767.468 20.620
767.677 20.604
767.885 20.463
768.094 20.432
768.303 20.461
768.512 20.493
768.721 20.516
768.929 20.458
769.138 20.547
769.347 20.577
769.556 20.526
769.765 20.555
769.974 20.579
770.182 20.553
770.391 20.545
770.600 20.591
770.809 20.600
771.018 20.650
771.227 20.617
771.435 20.607
771.644 20.615
771.853 20.652
772.062 20.675
772.271 20.703
772.480 20.715
772.688 20.727
772.897 20.723
773.106 20.673
773.315 20.717
773.524 20.744
773.732 20.791
773.941 20.769
774.150 20.725
774.359 20.683
774.568 20.673
774.777 20.616
774.985 20.528
775.194 20.513
775.403 20.505
775.612 20.514
775.821 20.597
776.030 20.710
776.238 20.636
776.447 20.605
776.656 20.691
776.865 20.784
777.074 20.818
777.283 20.860
777.491 20.901
777.700 20.821
777.909 20.721
778.118 20.562
778.327 20.528
778.535 20.623
778.744 20.703
778.953 20.717
779.162 20.726
779.371 20.768
779.580 20.831
779.788 20.902
779.997 20.931
780.206 20.819
780.415 20.692
780.624 20.674
780.833 20.673
781.041 20.594
781.250 20.502
781.459 20.486
781.668 20.522
781.877 20.563
782.086 20.684
782.294 20.707
782.503 20.818
782.712 20.909
782.921 20.925
783.130 20.894
783.338 20.958
783.547 21.036
783.756 21.014
783.965 20.971
784.174 20.980
784.383 21.100
784.591 21.183
784.800 21.253
785.009 21.297
785.218 21.330
785.427 21.403
785.636 21.413
785.844 21.398
786.053 21.372
786.262 21.351
786.471 21.305
786.680 21.389
786.889 21.397
787.097 21.350
787.306 21.329
787.515 21.300
787.724 21.255
787.933 21.219
788.141 21.243
788.350 21.233
788.559 21.158
788.768 21.108
788.977 21.083
789.186 21.042
789.394 21.076
789.603 21.024
789.812 20.913
790.021 20.932
790.230 21.014
790.439 21.128
790.647 21.068
790.856 21.035
791.065 20.998
791.274 21.044
791.483 21.077
791.692 21.111
791.900 21.195
792.109 21.211
792.318 21.217
792.527 21.258
792.736 21.373
792.944 21.415
793.153 21.396
793.362 21.432
793.571 21.449
793.780 21.496
793.989 21.600
794.197 21.689
794.406 21.737
794.615 21.694
794.824 21.536
795.033 21.558
795.242 21.667
795.450 21.674
795.659 21.597
795.868 21.553
796.077 21.547
796.286 21.587
796.495 21.599
796.703 21.639
796.912 21.679
797.121 21.668
797.330 21.649
797.539 21.671
797.747 21.824
797.956 21.883
798.165 21.775
798.374 21.745
798.583 21.798
798.792 21.749
799.000 21.776
799.209 21.888
799.418 22.038
799.627 22.104
799.836 22.142
800.045 22.247
800.253 22.393
800.462 22.460
800.671 22.366
800.880 22.402
801.089 22.463
801.298 22.450
801.506 22.388
801.715 22.501
801.924 22.647
802.133 22.599
802.342 22.580
802.550 22.621
802.759 22.725
802.968 22.770
803.177 22.815
803.386 22.801
803.595 22.780
803.803 22.732
804.012 22.648
804.221 22.701
804.430 22.757
804.639 22.847
804.848 22.826
805.056 22.887
805.265 22.921
805.474 22.979
805.683 22.952
805.892 23.008
806.101 23.074
806.309 22.965
806.518 22.822
806.727 22.844
806.936 22.950
807.145 22.875
807.353 22.799
807.562 22.772
807.771 22.826
807.980 22.802
808.189 22.716
808.398 22.725
808.606 22.817
808.815 22.873
809.024 22.753
809.233 22.761
809.442 22.818
809.651 22.766
809.859 22.655
810.068 22.684
810.277 22.782
810.486 22.684
810.695 22.667
810.904 22.796
811.112 22.833
811.321 22.865
811.530 22.895
811.741 22.958
811.953 23.088
812.164 23.118
812.375 23.107
812.586 23.118
812.798 23.115
813.009 23.065
813.220 23.041
813.431 23.054
813.643 23.126
813.854 23.213
814.065 23.252
814.276 23.316
814.488 23.381
814.699 23.282
814.910 23.315
815.121 23.258
815.333 23.145
815.544 23.122
815.755 23.012
815.966 23.033
816.178 23.116
816.389 23.066
816.600 23.007
816.811 23.083
817.023 23.221
817.234 23.297
817.445 23.247
817.656 23.231
817.868 23.427
818.079 23.463
818.290 23.412
818.502 23.434
818.713 23.468
818.924 23.432
819.135 23.454
819.347 23.432
819.558 23.528
819.769 23.777
819.980 23.826
820.192 23.896
820.403 23.898
820.614 23.855
820.825 23.903
821.037 23.998
821.248 24.179
821.459 24.205
821.670 24.161
821.882 24.146
822.093 24.138
822.304 24.027
822.515 23.995
822.727 24.042
822.938 24.133
823.149 24.160
823.360 24.192
823.572 24.378
823.783 24.546
823.994 24.599
824.205 24.383
824.417 24.363
824.628 24.439
824.839 24.440
825.051 24.431
825.262 24.420
825.473 24.449
825.684 24.374
825.896 24.278
826.107 24.272
826.318 24.380
826.529 24.424
826.741 24.315
826.952 24.267
827.163 24.360
827.374 24.465
827.586 24.476
827.797 24.594
828.008 24.638
828.219 24.600
828.431 24.644
828.642 24.906
828.853 25.115
829.064 25.105
829.276 25.169
829.487 25.144
829.698 25.107
829.909 25.114
830.121 25.076
830.332 25.174
830.543 25.215
830.754 25.239
830.966 25.240
831.177 25.327
831.388 25.391
831.600 25.248
831.811 25.188
832.022 25.408
832.233 25.551
832.445 25.298
832.656 25.203
832.867 25.193
833.078 25.120
833.290 24.952
833.501 25.089
833.712 25.252
833.923 25.334
834.135 25.346
834.346 25.328
834.557 25.313
834.768 25.435
834.980 25.690
835.191 25.666
835.402 25.707
835.613 25.834
835.825 26.020
836.036 26.070
836.247 26.181
836.458 26.302
836.670 26.247
836.881 26.437
837.092 26.509
837.303 26.546
837.515 26.654
837.726 26.710
837.937 26.671
838.148 26.704
838.360 26.794
838.571 26.888
838.782 26.904
838.994 26.967
839.205 26.825
839.416 26.618
839.627 26.713
839.839 26.777
840.050 26.754
840.261 26.641
840.472 26.759
840.684 26.686
840.895 26.456
841.106 26.276
841.317 26.233
841.529 26.392
841.740 26.400
841.951 26.221
842.162 26.308
842.374 26.449
842.585 26.387
842.796 26.293
843.007 26.364
843.219 26.516
843.430 26.531
843.641 26.521
843.852 26.518
844.064 26.529
844.275 26.512
844.486 26.543
844.697 26.597
844.909 26.571
845.120 26.611
845.331 26.547
845.543 26.679
845.754 26.759
845.965 26.647
846.176 26.618
846.388 26.746
846.599 26.803
846.810 26.794
847.021 26.691
847.233 26.846
847.444 27.020
847.655 27.178
847.866 27.197
848.078 27.392
848.289 27.638
848.500 27.630
848.711 27.690
848.923 27.832
849.134 27.832
849.345 27.775
849.556 27.690
849.768 27.753
849.979 27.793
850.190 27.833
850.401 27.922
850.613 28.177
850.824 28.328
851.035 28.355
851.246 28.265
851.458 28.497
851.669 28.568
851.880 28.265
852.092 28.062
852.303 28.228
852.514 28.562
852.725 28.792
852.937 28.869
853.148 28.889
853.359 28.796
853.570 28.874
853.782 29.047
853.993 29.142
854.204 29.161
854.415 29.101
854.627 29.085
854.838 29.096
855.049 29.200
855.260 29.262
855.472 29.119
855.683 29.176
855.894 29.305
856.105 29.395
856.317 29.494
856.528 29.458
856.739 29.335
856.950 29.061
857.162 28.719
857.373 28.662
857.584 28.618
857.795 28.634
858.007 28.591
858.218 28.449
858.429 28.926
858.640 29.663
858.852 29.504
859.063 29.491
859.274 29.651
859.486 29.364
859.697 29.016
859.908 29.275
860.119 29.509
860.331 29.363
860.542 29.337
860.753 29.679
860.964 30.051
861.176 30.256
861.387 30.244
861.598 30.398
861.809 30.617
862.021 30.558
862.232 30.487
862.443 30.530
862.654 30.768
862.866 30.461
863.077 29.900
863.288 30.376
863.499 30.755
863.711 30.849
863.922 30.998
864.133 31.362
864.344 31.234
864.556 30.895
864.767 30.651
864.978 30.349
865.189 30.263
865.401 30.227
865.612 30.122
865.823 30.081
866.035 30.031
866.246 29.866
866.457 30.090
866.668 30.351
866.880 30.556
867.091 30.591
867.302 30.450
867.513 30.537
867.725 30.687
867.936 30.808
868.147 30.733
868.358 30.904
868.570 30.907
868.781 31.036
868.992 31.311
869.203 31.687
869.415 32.109
869.626 32.384
869.837 32.201
870.048 32.326
870.260 32.549
870.471 32.687
870.682 32.650
870.893 32.590
871.105 32.794
871.316 32.860
871.527 32.714
871.738 33.062
871.950 33.325
872.161 33.085
872.372 32.646
872.584 32.409
872.795 32.235
873.006 32.088
873.217 32.046
873.429 32.118
873.640 32.079
873.851 31.841
874.062 31.549
874.274 31.544
874.485 31.629
874.696 31.735
874.907 31.613
875.119 31.730
875.330 31.689
875.541 31.330
875.752 30.988
875.964 31.102
876.175 31.050
876.386 30.799
876.597 30.844
876.809 31.135
877.020 31.556
877.231 31.679
877.442 31.782
877.654 31.855
877.865 31.815
878.076 31.767
878.287 31.657
878.499 31.459
878.710 31.599
878.921 31.492
879.133 31.223
879.344 31.448
879.555 31.836
879.766 32.208
879.978 32.279
880.189 32.493
880.400 32.740
880.611 32.735
880.823 32.829
881.034 32.947
881.245 32.981
881.456 32.757
881.668 32.492
881.879 32.557
882.090 32.832
882.301 32.845
882.513 32.644
882.724 32.827
882.935 33.011
883.146 32.920
883.358 33.122
883.569 33.153
883.780 33.057
883.991 32.909
884.203 32.658
884.414 32.782
884.625 32.843
884.836 32.484
885.048 32.415
885.259 32.531
885.470 32.606
885.682 32.577
885.893 32.593
886.104 32.913
886.315 32.973
886.527 32.711
886.738 32.639
886.949 32.862
887.160 33.012
887.372 32.944
887.583 33.024
887.794 32.866
888.005 33.098
888.217 33.043
888.428 32.840
888.639 32.916
888.850 33.012
889.062 32.903
889.273 32.920
889.484 32.841
889.695 32.662
889.907 32.676
890.118 32.577
890.329 32.692
890.540 32.811
890.752 32.886
890.963 32.897
891.174 33.049
891.385 33.527
891.597 33.565
891.808 33.728
892.019 33.849
892.231 34.054
892.442 34.065
892.653 34.191
892.864 34.253
893.076 34.896
893.287 35.872
893.498 35.902
893.709 36.194
893.921 36.268
894.132 36.283
894.343 36.133
894.554 36.132
894.766 36.372
894.977 36.483
895.188 36.397
895.399 36.384
895.611 36.263
895.822 35.962
896.033 35.913
896.244 35.876
896.456 36.095
896.667 36.188
896.878 36.278
897.089 36.424
897.301 36.476
897.512 35.841
897.723 34.891
897.934 35.061
898.146 35.271
898.357 35.342
898.568 35.283
898.779 35.329
898.991 35.605
899.202 35.583
899.413 35.373
899.625 35.382
899.836 35.791
900.047 36.288
900.258 36.113
900.470 36.141
900.681 36.322
900.892 36.220
901.103 36.017
901.315 35.920
901.526 35.957
901.737 36.168
901.948 36.237
902.160 36.032
902.371 35.879
902.582 35.423
902.793 35.284
903.005 35.378
903.216 35.696
903.427 35.815
903.638 35.546
903.850 35.667
904.061 36.138
904.272 36.211
904.483 35.588
904.695 35.637
904.906 35.808
905.117 35.718
905.328 35.338
905.540 35.299
905.751 35.086
905.962 35.004
906.174 35.032
906.385 34.780
906.596 34.875
906.807 35.236
907.019 35.633
907.230 35.961
907.441 36.352
907.652 36.408
907.864 36.371
908.075 36.359
908.286 35.921
908.497 35.356
908.709 34.922
908.920 35.378
909.131 35.663
909.342 35.782
909.554 36.011
909.765 36.608
909.976 36.790
910.187 37.026
910.399 37.026
910.610 37.104
910.821 37.603
911.032 37.867
911.244 37.532
911.455 37.267
911.666 37.465
911.877 37.680
912.089 37.560
912.300 37.514
912.515 37.852
912.730 38.434
912.944 38.664
913.159 39.281
913.374 39.777
913.589 39.859
913.803 39.875
914.018 39.822
914.233 39.323
914.448 39.467
914.663 39.571
914.877 39.968
915.092 40.090
915.307 40.049
915.522 40.006
915.736 40.541
915.951 40.935
916.166 40.870
916.381 40.316
916.596 40.385
916.810 41.042
917.025 41.240
917.240 41.155
917.455 41.162
917.669 40.450
917.884 39.425
918.099 39.156
918.314 39.304
918.529 40.017
918.743 41.056
918.958 41.296
919.173 41.351
919.388 41.253
919.602 41.278
919.817 41.499
920.032 41.950
920.247 42.475
920.462 43.118
920.676 43.646
920.891 43.995
921.106 43.871
921.321 43.270
921.535 43.102
921.750 43.453
921.965 44.117
922.180 44.682
922.395 45.115
922.609 45.653
922.824 45.853
923.039 45.513
923.254 44.638
923.469 44.465
923.683 44.681
923.898 44.174
924.113 43.867
924.328 44.197
924.542 44.540
924.757 43.772
924.972 43.187
925.187 42.559
925.402 42.418
925.616 42.659
925.831 43.038
926.046 43.074
926.261 43.426
926.475 43.348
926.690 43.575
926.905 44.384
927.120 44.715
927.335 44.518
927.549 44.745
927.764 45.386
927.979 45.353
928.194 45.426
928.408 45.866
928.623 46.164
928.838 46.456
929.053 46.810
929.268 46.926
929.482 46.411
929.697 46.609
929.912 47.208
930.127 47.142
930.341 47.627
930.556 48.622
930.771 48.506
930.986 48.517
931.201 48.074
931.415 47.534
931.630 47.652
931.845 48.283
932.060 48.440
932.274 49.167
932.489 49.738
932.704 50.116
932.919 50.669
933.134 50.703
933.348 50.414
933.563 49.518
933.778 49.821
933.993 51.334
934.207 51.805
934.422 51.414
934.637 51.918
934.852 51.520
935.067 51.008
935.281 50.977
935.496 51.624
935.711 53.135
935.926 53.754
936.140 54.041
936.355 54.530
936.570 54.815
936.785 54.145
937.000 53.710
937.214 54.085
937.429 54.937
937.644 55.813
937.859 56.105
938.073 56.607
938.288 57.166
938.503 57.319
938.718 57.821
938.933 59.743
939.147 61.614
939.362 62.471
939.577 62.794
939.792 62.785
940.007 62.498
940.221 61.969
940.436 61.884
940.651 62.064
940.866 62.754
941.080 63.192
941.295 63.759
941.510 64.116
941.725 63.923
941.940 63.668
942.154 63.272
942.369 63.562
942.584 64.285
942.799 64.727
943.013 64.617
943.228 64.688
943.443 64.091
943.658 62.168
943.873 61.691
944.087 62.201
944.302 62.722
944.517 62.650
944.732 62.451
944.946 61.795
945.161 61.914
945.376 60.848
945.591 60.724
945.806 61.065
946.020 62.326
946.235 63.853
946.450 63.665
946.665 63.778
946.879 63.716
947.094 63.660
947.309 62.938
947.524 63.106
947.739 63.117
947.953 61.884
948.168 61.919
948.383 62.053
948.598 61.789
948.812 62.466
949.027 61.559
949.242 61.021
949.457 62.939
949.672 63.588
949.886 63.155
950.101 63.040
950.316 63.726
950.531 63.655
950.745 62.820
950.960 64.130
951.175 65.625
951.390 66.749
951.605 66.862
951.819 68.404
952.034 70.329
952.249 71.589
952.464 71.829
952.678 72.651
952.893 73.126
953.108 72.075
953.323 70.710
953.538 71.641
953.752 71.834
953.967 70.213
954.182 68.865
954.397 70.236
954.611 70.916
954.826 69.610
955.041 69.139
955.256 69.087
955.471 67.864
955.685 66.763
955.900 65.639
956.115 70.119
956.330 77.860
956.544 75.820
956.759 73.766
956.974 74.430
957.189 74.707
957.404 74.490
957.618 75.237
957.833 75.730
958.048 75.832
958.263 76.496
958.478 77.097
958.692 77.628
958.907 77.616
959.122 76.918
959.337 76.841
959.551 76.539
959.766 75.711
959.981 75.973
960.196 75.653
960.411 75.356
960.625 70.254
960.840 61.002
961.055 59.968
961.270 60.465
961.484 60.219
961.699 59.915
961.914 59.988
962.129 60.990
962.344 63.427
962.558 65.221
962.773 65.490
962.988 67.178
963.203 69.493
963.417 69.877
963.632 70.364
963.847 71.142
964.062 71.906
964.277 72.506
964.491 71.562
964.706 72.245
964.921 73.282
965.136 73.799
965.350 74.504
965.565 75.535
965.780 75.819
965.987 76.054
966.194 76.959
966.402 77.200
966.609 76.292
966.816 74.462
967.023 72.397
967.231 72.705
967.438 72.165
967.645 70.111
967.852 68.781
968.059 68.182
968.267 68.599
968.474 69.743
968.681 69.711
968.888 71.338
969.096 71.198
969.303 70.446
969.510 71.072
969.717 71.707
969.925 73.094
970.132 72.889
970.339 71.783
970.546 69.794
970.753 69.594
970.961 70.913
971.168 70.764
971.375 71.406
971.582 70.135
971.790 68.532
971.997 68.708
972.204 68.816
972.411 69.409
972.618 70.503
972.826 69.444
973.033 69.223
973.240 68.513
973.447 68.455
973.655 68.536
973.862 67.761
974.069 67.821
974.276 68.315
974.483 68.363
974.691 70.009
974.898 72.307
975.105 73.080
975.312 72.251
975.520 72.366
975.727 72.604
975.934 73.371
976.141 74.137
976.349 73.739
976.556 75.280
976.763 74.617
976.970 72.700
977.177 71.624
977.385 72.007
977.592 72.318
977.799 72.179
978.006 73.728
978.214 76.213
978.421 76.921
978.628 74.817
978.835 74.329
979.042 72.500
979.250 71.327
979.457 71.361
979.664 71.625
979.871 72.470
980.079 74.222
980.286 73.118
980.493 72.571
980.700 74.306
980.907 76.122
981.115 76.036
981.322 75.893
981.529 77.703
981.736 77.543
981.944 77.417
982.151 79.175
982.358 78.760
982.565 76.748
982.773 74.974
982.980 76.306
983.187 79.435
983.394 82.981
983.601 81.798
983.809 79.993
984.016 78.312
984.223 76.561
984.430 74.339
984.638 74.811
984.845 77.102
985.052 79.132
985.259 76.941
985.466 77.544
985.674 78.103
985.881 78.773
986.088 80.601
986.295 82.311
986.503 82.493
986.710 83.158
986.917 83.538
987.124 84.308
987.331 84.306
987.539 83.836
987.746 82.638
987.953 83.996
988.160 86.907
988.368 90.007
988.575 92.521
988.782 93.955
988.989 94.343
989.197 93.383
989.404 90.821
989.611 90.214
989.818 87.988
990.025 87.720
990.233 86.479
990.440 84.978
990.647 82.234
990.854 80.996
991.062 80.992
991.269 80.609
991.476 80.406
991.683 80.603
991.890 79.873
992.098 80.104
992.305 82.268
992.512 80.748
992.719 79.579
992.927 80.054
993.134 80.464
993.341 81.439
993.548 80.405
993.755 79.264
993.963 79.493
994.170 80.573
994.377 79.624
994.584 79.393
994.792 83.916
994.999 88.890
995.206 89.006
995.413 88.434
995.621 90.959
995.828 92.084
996.035 91.307
996.242 91.219
996.449 92.172
996.657 91.989
996.864 91.097
997.071 90.244
997.278 88.831
997.486 90.490
997.693 90.059
997.900 91.122
998.107 92.221
998.314 91.196
998.522 93.044
998.729 95.430
998.936 96.235
999.143 94.254
999.351 92.879
999.558 92.798
999.765 94.618
999.972 93.863
1000.179 92.263
1000.387 92.892
1000.594 93.562
1000.801 92.169
1001.008 90.824
1001.216 91.654
1001.423 94.576
1001.630 95.766
1001.837 91.765
1002.045 92.231
1002.252 94.994
1002.459 96.052
1002.666 98.376
1002.873 100.415
1003.081 100.936
1003.288 99.687
1003.495 97.062
1003.702 95.797
1003.910 98.584
1004.117 99.689
1004.324 97.457
1004.531 98.745
1004.738 100.433
1004.946 100.136
1005.153 99.498
1005.360 100.742
1005.567 106.663
1005.775 106.362
1005.982 103.186
1006.189 103.726
1006.396 103.525
1006.603 99.826
1006.811 98.058
1007.018 95.454
1007.225 94.946
1007.432 96.958
1007.640 101.370
1007.847 102.545
1008.054 103.326
1008.261 99.141
1008.469 94.614
1008.676 97.796
1008.883 103.391
1009.090 106.038
1009.297 104.193
1009.505 106.046
1009.712 107.215
1009.919 101.029
1010.126 98.016
1010.334 101.219
1010.541 102.208
1010.748 103.715
1010.955 105.854
1011.162 107.764
1011.370 114.744
1011.577 115.152
1011.784 112.985
1011.991 110.069
1012.199 106.208
1012.406 104.222
1012.613 108.222
1012.820 108.244
1013.027 103.707
1013.235 99.175
1013.442 94.367
1013.649 97.352
1013.856 102.136
1014.064 103.570
1014.271 101.901
1014.478 101.397
1014.685 101.058
1014.893 102.050
1015.100 101.787
1015.307 101.406
1015.514 100.586
1015.721 94.176
1015.929 91.903
1016.136 91.087
1016.343 90.465
1016.550 97.451
